802 787 751
2 138 295
2 572 302
2 575 580
2 556 248
2 642 441
2 638 379
2 650 79
2 397 313
2 464 757
2 753 483
2 461 61
2 506 367
2 582 62
2 350 616
2 19 284
2 196 658
2 483 683
2 588 526
2 106 333
2 478 23
2 640 442
2 781 525
2 362 193
2 323 691
2 648 627
2 784 355
2 399 51
2 662 105
2 107 53
2 417 216
2 221 711
2 731 542
2 627 492
2 307 107
2 164 556
2 211 364
2 764 438
2 45 75
2 336 97
2 527 716
2 341 144
2 701 513
2 676 78
2 576 752
2 756 320
2 65 445
2 3 715
2 431 715
2 772 222
2 628 87
2 659 785
2 127 155
2 239 180
2 91 485
2 329 632
2 230 518
2 100 45
2 660 469
2 427 232
1 314
2 69 337
2 105 522
2 619 587
2 577 603
2 479 219
2 757 127
2 742 320
2 782 500
2 395 280
1 293
2 337 147
2 16 372
2 544 725
2 12 751
2 327 139
2 421 498
2 523 710
2 605 493
2 754 394
2 459 228
2 653 46
2 156 764
2 322 727
2 4 82
2 20 52
2 144 89
2 613 687
2 273 584
2 375 15
2 777 195
2 552 637
0
2 423 504
2 564 771
2 7 486
2 389 301
2 204 335
2 531 517
2 70 681
2 550 596
2 706 259
2 555 178
2 425 103
2 112 443
2 386 243
2 621 436
2 175 348
2 101 99
2 662 23
2 333 688
2 633 540
2 776 447
2 502 340
2 618 159
2 563 137
2 165 145
2 227 554
2 267 109
2 430 745
2 106 748
2 578 91
2 10 348
2 512 402
2 215 755
2 169 184
2 185 546
2 466 680
2 226 432
2 370 173
2 145 570
2 640 315
2 540 309
2 568 468
2 201 85
2 374 454
0
2 451 270
2 353 188
2 85 484
2 272 316
2 312 387
2 293 66
2 315 132
2 80 507
2 518 429
2 741 92
2 335 765
2 707 317
1 428
2 537 126
2 610 426
2 718 766
2 170 32
2 578 248
2 252 572
2 172 589
2 683 618
2 753 157
2 330 631
2 179 76
2 142 220
2 270 433
2 206 686
2 132 594
2 359 221
2 356 255
2 726 121
2 671 381
2 643 430
2 275 112
2 259 564
2 214 287
2 693 290
2 538 297
2 515 28
2 51 617
2 78 20
1 688
2 484 231
2 651 435
2 274 659
2 661 510
2 202 392
2 137 474
2 623 684
2 271 505
2 104 239
2 661 95
2 738 482
2 375 722
2 390 422
1 344
2 146 75
2 669 174
2 71 447
1 778
2 521 217
2 490 465
1 360
2 177 544
1 517
2 694 457
2 438 671
2 122 758
2 298 574
2 357 669
2 611 310
2 626 418
2 278 84
2 134 561
2 151 773
2 376 101
2 499 514
2 416 197
2 184 624
2 699 668
2 508 593
2 86 143
2 15 606
1 776
2 41 405
2 690 555
2 745 494
2 94 652
2 424 577
2 209 621
2 383 539
2 156 2
2 193 456
0
2 458 558
2 60 35
2 332 153
2 747 775
2 291 636
2 591 566
2 207 502
2 765 521
2 701 357
2 103 350
2 750 440
2 530 698
1 695
2 583 473
2 88 603
2 726 58
2 664 261
2 674 215
2 567 582
1 25
2 533 731
2 260 620
2 55 273
2 414 249
2 490 415
2 351 506
2 514 709
2 179 279
2 725 176
2 721 729
2 380 275
2 355 749
2 365 536
2 330 697
2 174 303
2 292 576
2 720 1
2 403 102
2 546 252
2 77 17
2 636 189
2 340 418
2 775 755
2 289 9
2 160 646
2 516 347
2 197 645
2 155 43
2 64 384
2 79 720
2 570 651
2 472 650
2 46 390
2 585 525
2 686 285
2 689 724
2 452 49
2 558 649
2 547 308
2 463 265
2 526 240
2 700 508
2 492 244
2 123 163
2 99 166
2 581 663
2 716 377
2 183 54
2 37 207
2 345 223
2 282 519
2 268 734
2 198 778
2 44 529
2 342 190
2 696 406
2 302 300
2 712 444
2 554 338
2 511 254
2 305 672
1 304
2 412 50
2 338 609
2 135 41
2 459 561
2 318 569
2 263 454
2 40 206
2 35 288
2 306 448
2 520 65
2 152 186
2 47 283
2 244 73
2 693 535
2 187 319
2 159 451
2 655 64
2 22 21
2 158 413
2 740 718
2 87 614
2 281 553
2 203 449
2 407 471
2 539 282
2 344 605
2 532 224
2 415 116
2 599 601
2 56 598
2 372 125
2 645 747
2 635 151
2 573 56
2 236 673
2 480 388
2 656 4
2 366 108
2 542 759
2 256 306
2 413 532
2 371 647
2 737 124
2 680 118
2 476 26
2 616 667
2 711 586
2 392 416
2 629 71
2 491 774
2 43 383
2 166 343
2 229 409
2 237 68
2 614 735
2 500 213
2 450 533
2 398 365
2 83 167
2 475 452
2 543 510
2 130 579
2 460 354
2 615 286
2 408 245
2 120 439
2 178 472
2 231 741
2 265 779
2 698 6
2 117 48
2 385 491
2 537 146
2 436 689
2 579 786
2 354 672
2 37 33
2 326 565
2 223 268
2 296 682
2 339 294
2 154 760
2 74 289
1 391
2 499 763
2 208 181
2 311 67
2 445 314
2 88 691
0
1 473
2 785 123
2 138 528
2 557 657
2 551 460
2 325 780
2 66 465
2 478 129
2 81 111
2 52 272
2 434 131
2 620 557
2 347 551
2 467 489
2 108 565
2 522 648
2 612 512
2 609 378
2 574 695
2 287 746
2 624 768
2 249 528
2 161 104
2 381 412
2 310 318
2 361 739
2 149 334
2 388 783
2 685 267
2 1 612
2 317 481
2 396 639
2 444 280
2 453 761
2 225 323
2 534 738
2 569 158
2 692 767
2 724 12
2 269 637
2 54 524
2 596 771
2 477 210
2 654 241
0
2 114 141
2 84 246
2 62 549
2 288 339
2 401 470
2 675 613
2 57 74
2 76 369
2 180 411
2 705 332
2 31 777
2 393 237
2 346 690
2 279 385
2 744 503
2 38 345
2 602 634
2 783 260
2 368 187
2 734 434
2 6 353
2 549 677
2 769 162
2 722 524
2 128 519
2 11 630
2 176 641
2 628 553
2 548 39
2 697 767
2 131 59
2 630 707
2 297 386
2 234 787
2 220 571
2 677 36
2 86 326
2 752 234
2 229 566
2 443 495
2 729 625
2 760 604
2 736 488
2 679 736
2 446 312
2 331 664
2 602 48
2 608 122
2 658 769
2 585 68
2 431 615
2 10 8
2 649 257
2 727 530
2 24 266
2 36 575
2 58 363
2 629 93
2 762 721
2 216 291
2 60 404
2 21 228
2 509 136
2 673 462
2 352 212
2 541 467
2 367 545
2 205 5
2 593 455
2 622 407
2 770 559
2 536 441
2 384 44
2 604 157
2 182 719
2 456 236
2 192 81
2 470 591
2 379 523
2 191 205
2 442 97
2 29 185
2 642 30
2 429 42
1 428
2 194 450
2 410 737
2 487 702
2 50 501
2 115 520
2 111 226
2 457 466
2 27 476
2 601 251
2 501 258
2 405 200
2 682 98
2 42 699
2 119 654
2 82 264
2 592 29
2 419 211
2 277 135
2 531 160
2 703 277
2 743 376
2 200 256
2 505 142
2 652 675
2 704 746
2 303 47
2 136 269
2 213 11
2 482 611
2 240 770
1 761
2 247 439
2 584 432
2 14 401
2 552 34
2 678 192
2 633 643
2 188 634
2 527 102
2 639 511
0
2 276 573
0
2 710 714
2 224 3
2 313 679
2 641 600
2 786 635
2 168 299
2 125 349
2 607 177
2 173 83
2 667 733
2 666 368
2 9 414
2 117 95
2 732 599
2 264 148
2 251 538
2 665 479
2 600 516
2 96 477
2 545 562
2 660 513
2 238 321
2 687 398
2 617 149
2 437 19
2 471 113
2 233 678
2 349 55
2 334 96
2 749 595
2 225 670
2 129 59
2 198 597
2 116 194
2 246 713
2 32 324
2 153 114
2 480 28
2 739 588
2 402 115
2 98 90
2 209 164
2 61 14
2 199 534
2 235 421
2 140 410
2 498 608
2 717 382
2 515 199
2 319 708
2 440 420
2 619 139
2 394 165
2 748 740
2 266 676
2 133 121
2 571 389
2 507 331
2 147 581
2 503 607
2 17 278
2 787 781
2 378 461
2 706 328
2 183 529
2 713 496
2 733 235
2 150 723
2 373 110
2 723 191
2 559 140
2 141 653
2 324 168
2 779 274
2 586 437
2 487 263
2 201 583
2 364 351
2 13 227
2 598 464
1 2
2 232 133
2 644 426
2 257 692
2 316 705
2 72 352
2 311 374
2 195 40
1 728
2 420 700
2 34 24
2 590 250
2 294 203
2 328 329
2 222 397
2 90 38
2 250 296
2 610 170
2 780 560
2 742 647
2 218 393
2 587 25
2 395 346
2 485 208
2 181 361
2 663 7
2 148 743
2 301 400
2 63 404
2 494 732
2 493 150
2 247 754
2 631 163
2 543 358
2 18 622
2 625 100
2 646 666
2 495 57
2 684 70
2 143 703
2 243 307
2 298 488
2 448 665
2 632 417
2 360 597
2 730 728
2 419 63
2 563 93
2 53 304
2 262 356
1 497
2 496 362
2 308 423
2 120 547
2 759 69
2 371 281
2 406 453
2 162 325
2 455 762
2 358 704
2 67 782
2 709 409
2 668 80
2 5 169
2 657 230
2 189 202
2 681 327
2 22 750
2 210 309
2 366 171
2 714 424
2 719 292
2 343 685
2 33 568
2 238 373
2 763 27
2 589 391
2 258 154
2 411 756
2 580 161
2 219 509
2 766 475
2 489 623
2 758 535
2 594 717
2 462 128
2 626 336
2 285 427
2 8 284
2 124 134
2 735 541
2 167 458
2 560 696
2 768 119
2 592 109
2 774 182
2 469 744
2 286 30
2 186 446
2 290 408
2 89 638
2 175 712
2 113 674
2 299 342
2 702 468
2 171 590
2 254 422
2 73 772
2 118 396
2 255 550
2 595 218
2 39 463
2 382 18
2 474 656
2 400 655
2 363 341
2 212 276
2 562 233
2 403 567
2 481 242
2 321 72
2 152 261
2 126 196
0
2 245 399
2 49 130
2 92 784
2 190 322
2 283 31
2 708 694
2 435 370
2 504 548
1 172
2 295 204
2 644 305
2 751 13
2 773 214
2 387 380
2 606 425
2 300 94
2 242 262
2 110 670
2 217 359
2 433 16
2 486 730
2 449 271
2 26 77
2 409 368
2 540 15
2 636 352
2 574 337
1 83
2 292 40
2 321 478
2 48 280
2 92 359
2 603 173
2 41 460
2 180 541
2 443 167
2 642 484
2 625 713
2 417 33
2 173 632
2 690 227
1 456
0
1 671
2 432 103
2 39 655
1 2
2 461 454
2 325 702
2 165 189
2 358 682
1 281
2 455 611
2 744 32
2 344 550
2 454 287
2 169 408
2 658 438
2 153 475
2 257 395
2 712 594
1 527
2 588 234
2 247 444
2 490 398
2 356 61
2 666 297
2 557 125
2 513 727
2 440 218
2 184 234
2 729 176
2 199 739
2 673 495
2 562 113
2 467 637
2 706 723
2 424 406
2 51 563
2 270 183
2 298 714
2 737 518
2 250 95
2 143 105
2 682 558
2 489 262
2 582 272
2 436 7
2 359 562
1 663
2 385 492
1 295
1 306
2 105 209
2 27 196
2 612 700
2 429 265
2 725 536
2 419 711
2 383 717
2 743 388
2 157 697
0
2 710 20
2 402 257
2 608 415
2 674 483
2 423 645
2 444 256
2 405 86
2 186 643
2 531 547
2 576 74
2 634 590
0
2 73 318
2 692 50
2 724 126
2 123 185
2 38 245
2 597 254
2 30 514
1 401
2 239 26
2 722 8
2 360 71
2 380 462
2 400 3
2 260 326
0
2 84 716
1 358
1 438
2 384 685
2 588 648
2 376 668
2 219 246
2 81 389
2 411 296
2 223 647
2 477 709
2 626 340
2 456 403
2 549 706
1 734
2 252 745
1 85
2 305 567
2 194 699
2 324 175
2 121 542
2 468 243
2 296 689
2 671 410
2 445 67
2 736 310
2 566 70
0
2 489 441
2 283 36
2 217 735
2 70 132
2 343 672
2 459 628
2 451 207
2 410 331
2 569 226
2 563 75
2 98 688
2 245 253
2 450 146
2 371 230
2 213 476
2 348 210
2 282 665
2 664 259
2 549 355
2 235 540
2 342 652
2 632 219
2 603 736
0
2 290 337
2 420 684
2 36 437
2 357 554
2 331 133
2 644 744
2 195 279
2 662 306
2 72 595
2 56 626
2 190 380
2 310 371
2 381 159
2 335 377
2 650 200
2 370 599
2 189 367
2 61 423
2 312 19
2 132 28
2 187 304
2 188 673
2 621 719
2 107 58
2 389 171
2 127 129
2 427 161
2 615 467
2 317 59
2 349 704
2 531 630
0
2 118 387
2 272 599
2 285 42
1 316
2 430 49
2 600 584
2 78 392
2 177 244
2 21 612
1 718
2 426 589
2 395 72
2 577 648
1 621
2 721 285
2 11 586
2 692 747
2 416 681
2 9 698
2 96 139
2 552 84
2 116 12
2 565 448
2 567 211
2 560 251
2 598 439
2 396 201
2 547 746
2 50 44
2 497 434
2 228 722
2 340 13
2 469 314
2 413 582
2 516 260
0
1 402
2 655 606
2 401 104
2 363 328
2 731 212
2 54 538
1 453
2 526 583
2 101 138
2 44 229
2 253 600
2 490 721
2 71 642
2 661 605
2 53 579
1 593
2 339 183
0
2 662 225
2 237 288
2 89 685
2 519 443
2 336 525
2 172 344
2 241 302
2 571 186
2 556 268
2 78 369
2 264 180
2 747 398
2 290 273
2 700 624
2 249 585
2 575 190
2 702 102
2 76 170
1 333
2 42 463
2 373 666
2 591 277
2 487 445
2 699 235
2 414 751
2 583 220
0
1 471
2 47 678
2 546 741
2 97 452
2 448 262
2 113 613
2 617 718
2 478 591
2 689 187
2 510 321
2 20 311
2 458 64
2 554 708
2 149 616
2 193 147
2 328 25
2 404 142
2 607 499
2 227 749
2 271 598
2 287 686
2 551 508
2 716 545
2 627 640
2 649 316
2 378 422
2 258 421
2 261 205
2 503 703
2 485 511
2 10 68
2 581 236
2 529 486
2 696 60
2 15 155
1 525
2 647 242
1 374
1 274
2 229 233
2 532 568
2 242 425
2 222 497
2 658 503
2 198 135
2 182 12
2 366 357
2 212 332
2 548 372
2 140 513
2 523 94
2 601 677
2 686 431
2 335 215
2 517 156
2 246 283
2 730 617
2 204 29
2 276 174
2 620 282
2 739 466
2 221 68
2 501 79
2 641 327
1 542
2 118 743
2 144 93
2 369 740
2 393 22
2 17 572
2 196 693
0
2 580 96
2 52 17
2 152 473
2 248 535
2 202 674
2 112 408
2 550 610
2 353 548
2 174 144
1 26
2 100 299
2 175 345
2 480 670
2 484 323
2 32 364
2 58 565
2 342 709
2 122 46
2 613 590
2 545 493
2 254 622
2 99 713
2 466 733
2 492 506
2 669 172
2 694 76
2 472 646
2 638 193
2 470 258
2 464 134
2 675 334
1 720
2 293 354
2 284 214
2 8 510
2 28 98
2 499 578
2 579 330
1 734
2 520 122
2 213 346
2 326 149
2 134 154
2 334 230
2 14 164
2 451 495
2 205 485
2 278 1
2 412 491
2 680 635
2 120 47
1 676
2 116 275
2 62 543
2 559 181
2 727 382
2 244 470
1 630
2 652 281
2 210 482
2 409 527
2 533 115
2 16 675
2 512 286
2 365 88
1 619
2 362 338
2 645 343
2 742 505
2 302 533
2 452 16
2 465 291
1 267
2 558 461
2 654 252
2 425 320
0
2 159 715
2 211 351
2 268 336
2 179 615
2 595 532
2 586 198
2 660 168
2 37 128
2 535 509
2 544 477
2 277 654
2 146 530
2 592 55
0
2 111 387
1 138
2 119 349
2 135 276
2 238 596
2 616 429
2 446 656
0
2 29 651
2 515 303
2 361 150
0
2 309 537
2 681 457
2 167 587
2 332 412
2 479 471
2 695 405
2 206 120
2 346 218
2 637 177
2 687 54
2 307 576
2 308 99
2 481 228
2 273 520
2 390 418
2 391 261
2 103 382
2 509 241
2 87 517
2 511 742
2 330 217
2 587 502
2 240 80
1 224
2 573 392
2 216 319
2 624 618
2 199 609
2 347 110
2 65 224
2 505 10
2 319 450
2 200 400
2 750 31
2 684 313
2 502 435
2 396 67
2 297 750
0
2 462 657
2 585 498
2 635 5
2 614 301
2 633 312
2 534 459
2 407 237
1 83
2 701 577
2 33 240
2 712 339
1 365
2 333 622
2 25 137
2 415 53
2 442 145
2 435 636
2 225 130
2 267 433
2 6 249
2 611 526
1 731
1 720
2 623 631
2 473 649
2 114 386
2 428 465
2 541 707
2 329 521
2 439 63
2 178 641
2 24 653
2 170 231
2 703 691
2 5 43
2 528 705
2 606 152
2 82 362
2 507 214
2 40 383
2 108 329
2 551 555
2 496 194
0
2 75 34
2 570 422
2 255 669
2 4 100
1 488
2 568 124
2 192 140
2 338 667
2 589 324
2 197 480
2 22 109
2 124 522
2 434 166
2 1 208
2 34 560
2 57 361
2 483 191
2 162 496
2 539 153
2 397 222
2 597 546
2 602 397
2 494 552
2 166 353
2 161 420
2 314 695
2 233 596
2 463 601
2 631 446
2 506 216
2 704 11
2 749 24
2 421 639
2 90 231
2 643 18
2 77 479
2 634 728
2 136 82
2 384 56
2 735 594
1 691
2 55 207
2 104 536
2 300 52
0
2 717 289
2 93 440
2 280 633
2 618 45
2 154 580
2 35 748
2 693 474
2 726 21
2 243 472
2 323 151
2 148 87
2 678 556
2 43 667
2 738 393
2 191 341
2 109 650
2 203 436
2 45 97
2 732 515
2 707 659
2 298 656
2 91 629
2 86 694
2 367 37
2 553 581
2 327 679
2 561 136
2 474 571
2 128 732
2 102 322
1 488
1 458
1 101
2 740 255
2 457 379
2 259 394
2 538 309
2 248 215
2 168 690
2 745 192
2 208 350
2 516 715
2 460 77
2 131 119
2 266 419
2 158 4
2 711 701
2 604 69
2 370 131
2 156 163
2 605 447
2 125 95
2 697 411
2 403 620
2 145 356
2 311 719
2 313 123
2 226 407
2 209 627
2 418 726
2 751 416
2 31 432
2 320 41
2 239 263
2 18 482
2 379 500
2 151 266
2 294 564
1 64
2 564 108
2 653 158
2 537 710
2 394 35
2 578 188
2 364 553
2 85 2
2 566 619
2 475 264
2 141 223
2 572 92
1 593
2 518 19
2 376 274
2 137 238
2 672 687
2 232 114
2 559 524
2 74 366
2 317 508
2 447 271
2 728 442
2 23 106
2 491 501
2 263 424
2 176 48
2 350 391
2 106 278
2 348 664
2 286 449
1 524
2 269 308
1 355
2 295 481
2 723 62
2 543 660
2 640 724
2 341 494
2 185 375
2 14 453
2 13 738
2 388 294
2 90 157
2 625 160
2 555 639
2 683 178
2 498 270
2 741 148
2 657 206
2 129 30
2 201 602
2 3 169
2 570 184
2 372 203
2 406 455
0
1 65
2 539 301
2 81 378
0
2 504 195
1 433
2 500 39
2 142 73
2 284 404
2 610 143
0
2 60 111
2 80 512
2 63 6
2 614 288
2 181 385
2 59 88
2 251 569
2 521 305
2 115 51
2 220 107
2 514 725
2 204 661
2 303 399
2 112 117
2 289 413
2 705 373
2 493 544
2 250 315
1 91
2 275 197
2 676 573
2 522 680
1 399
2 352 179
2 7 623
2 665 638
2 291 127
2 668 236
2 133 604
1 507
0
2 708 737
1 164
2 299 9
2 733 428
2 646 363
2 449 696
2 351 57
2 162 121
2 46 528
2 714 390
1 609
2 94 534
2 377 293
2 256 292
0
2 679 89
2 748 529
2 49 160
2 117 23
2 221 150
2 431 729
2 345 592
2 279 557
2 322 269
2 110 607
2 69 683
2 171 202
2 375 730
2 130 247
2 386 300
2 659 561
2 487 519
2 530 66
2 629 232
2 523 315
2 476 417
2 430 441
2 354 165
2 147 464
2 688 325
2 486 608
2 677 307
2 163 426
2 304 468
2 318 347
2 574 663
2 368 38
2 182 698
2 265 141
2 139 381
2 628 575
2 746 360
2 155 469
2 66 504
1 651
2 584 644
2 437 27
2 374 126
2 79 427
2 670 414
2 591 277
2 182 451
2 93 440
2 202 674
2 329 521
2 579 330
2 640 724
2 160 685
2 47 678
0
2 506 216
2 616 429
2 265 141
2 460 77
2 531 547
2 437 27
2 414 751
2 69 683
2 553 581
2 61 423
2 229 64
2 204 311
1 215
2 728 442
2 594 555
2 480 670
2 275 197
2 399 408
2 162 496
0
2 677 307
2 664 259
2 736 184
2 634 728
2 731 212
2 502 435
2 652 692
2 350 391
2 347 110
2 74 366
2 222 497
2 75 34
2 113 613
0
2 270 183
2 710 20
2 463 601
2 126 471
2 193 147
2 532 568
2 165 189
2 423 645
1 458
1 508
2 474 571
2 52 17
2 657 206
2 662 225
2 505 10
1 731
2 41 460
2 443 167
2 19 221
2 730 617
2 140 513
2 676 720
2 559 181
2 99 713
2 610 143
2 129 30
2 639 656
2 629 232
2 686 431
2 206 120
2 281 85
2 599 649
2 670 414
2 356 61
2 321 478
2 251 569
2 82 362
2 674 483
2 243 472
2 416 681
2 566 70
2 396 599
2 199 739
2 272 458
2 444 256
2 208 350
2 549 706
2 98 688
1 306
2 155 469
2 527 619
2 128 732
2 430 441
2 1 208
2 84 716
2 498 270
2 552 84
2 301 315
2 360 71
2 179 615
2 358 682
2 456 229
2 169 408
1 121
2 477 709
1 233
2 362 338
2 190 380
2 327 679
2 538 309
2 745 192
2 369 740
0
2 175 345
2 351 57
2 284 301
1 392
2 701 577
2 734 267
2 100 299
2 196 693
2 213 476
2 359 562
1 254
1 333
2 147 464
2 742 505
2 410 331
2 518 19
2 299 9
2 397 222
2 623 631
2 81 389
2 409 658
2 725 536
2 653 158
2 309 537
2 161 420
2 396 201
2 247 444
2 411 296
1 316
2 105 209
2 191 341
2 367 37
2 388 294
2 580 96
2 523 18
2 54 538
2 522 680
2 562 113
2 402 365
2 5 43
2 135 276
2 219 246
2 597 546
2 352 179
2 240 80
0
2 495 588
2 697 411
2 716 545
2 472 646
2 394 35
2 521 305
2 348 664
2 112 117
2 621 281
2 468 243
2 285 42
0
2 700 624
2 726 21
2 722 8
2 290 488
2 467 637
2 62 543
2 46 528
1 312
2 305 567
2 496 194
2 523 94
2 87 517
2 217 735
2 583 220
2 529 486
2 564 108
2 136 82
2 39 655
2 740 255
2 576 74
2 476 417
2 565 448
2 625 489
2 370 131
2 434 166
2 566 310
2 220 107
2 491 501
2 368 38
2 108 329
2 366 357
0
2 723 62
2 516 433
2 515 303
2 539 153
2 114 386
2 492 506
2 139 381
2 89 685
2 455 611
2 600 584
2 322 269
2 436 7
2 420 684
2 644 744
2 729 176
2 261 205
2 144 93
2 374 346
2 338 667
2 141 223
1 453
2 65 342
2 115 51
2 132 28
2 737 518
2 659 561
2 297 750
2 151 266
2 606 152
2 308 99
2 91 29
2 615 467
2 227 749
2 361 150
2 530 66
2 400 3
2 287 686
2 293 354
2 681 457
2 90 182
1 421
2 556 268
2 23 106
2 22 109
2 699 235
2 441 306
1 224
2 195 279
2 166 353
2 25 137
2 124 522
2 218 125
2 509 241
2 237 288
2 66 504
2 267 88
2 483 191
2 607 499
2 442 145
2 544 477
2 205 485
2 631 446
2 283 36
2 79 427
2 645 343
2 571 186
2 578 188
2 575 190
2 386 300
2 602 397
2 751 416
2 290 273
2 125 692
2 374 67
2 614 609
2 601 677
1 574
2 554 708
1 342
2 381 159
2 212 332
2 120 47
2 335 377
2 611 526
2 705 373
2 668 422
2 412 491
2 409 368
2 106 278
2 650 200
2 371 663
2 35 748
2 15 155
2 123 185
2 540 15
2 42 463
2 387 503
2 337 451
2 353 548
2 3 169
2 404 142
2 303 399
2 11 586
2 559 470
2 534 459
2 48 280
2 727 382
2 671 410
2 343 672
2 450 146
2 586 198
2 517 156
2 593 214
2 91 629
2 486 608
0
2 259 394
2 80 512
1 49
2 514 725
2 239 263
2 263 424
2 67 339
2 226 407
2 687 54
1 703
2 37 128
2 38 245
2 88 355
2 143 105
2 647 242
2 332 412
2 346 83
2 130 247
2 748 529
2 545 493
2 118 59
2 391 261
2 295 481
2 97 452
0
2 693 474
2 71 642
2 475 264
2 232 114
2 330 217
2 675 334
2 325 702
2 504 195
2 490 721
2 10 288
2 584 644
0
2 543 660
2 500 39
2 225 130
2 153 475
2 694 76
2 112 421
2 180 541
2 148 87
2 614 658
2 304 468
2 573 652
2 27 196
2 581 747
2 224 316
2 531 718
2 494 552
2 736 221
2 425 320
2 292 40
2 628 575
2 72 595
2 604 69
2 613 590
2 617 718
2 273 520
2 200 400
2 459 628
2 248 535
2 313 123
2 20 311
2 365 734
2 107 58
2 269 308
2 157 697
2 295 336
2 345 592
2 176 48
2 86 694
2 354 165
2 185 375
2 77 479
2 252 745
2 487 663
2 503 570
2 497 434
2 696 60
2 178 641
2 377 293
0
2 158 4
2 637 177
2 595 532
2 276 174
2 678 556
2 78 369
2 58 565
2 406 455
1 59
2 539 234
2 605 447
2 266 419
2 703 719
2 142 73
2 289 413
2 746 360
2 85 609
2 708 737
2 525 698
2 563 75
2 56 626
0
2 643 18
2 36 437
2 511 742
2 187 304
2 260 326
2 364 553
2 257 395
1 207
2 661 605
2 170 231
2 101 489
2 380 462
1 339
2 513 727
2 94 534
0
2 548 372
2 501 79
2 255 669
2 246 283
2 638 193
2 60 111
2 50 551
2 439 63
2 655 606
2 426 589
2 646 363
2 625 719
2 16 675
2 320 41
2 473 649
2 110 607
2 572 92
2 12 214
2 589 324
2 428 465
1 160
2 298 714
2 479 471
2 641 327
2 8 510
2 507 65
2 389 171
2 665 638
2 197 480
2 732 515
2 83 668
2 203 436
1 248
2 146 530
2 349 704
2 603 173
2 70 132
2 706 723
2 724 126
1 482
2 691 376
2 465 291
2 78 121
2 520 122
2 454 287
2 743 388
2 340 13
2 462 657
2 379 500
2 555 574
2 419 711
2 116 95
2 385 492
2 568 124
2 445 422
2 390 418
2 73 318
2 427 161
2 264 180
2 569 226
2 271 598
2 7 623
2 712 12
2 55 207
2 654 252
2 371 210
2 233 376
2 370 2
2 45 97
2 103 622
2 51 563
2 378 29
2 192 140
2 253 600
2 682 558
2 40 383
2 488 44
2 432 103
2 690 227
2 648 164
2 268 336
2 401 453
2 415 53
2 597 138
2 174 144
2 669 172
2 131 119
0
2 76 170
2 213 630
2 109 650
2 433 398
0
2 733 428
2 344 550
2 382 525
2 21 612
2 541 707
2 194 699
2 284 404
2 318 347
2 167 587
2 279 557
2 452 16
2 634 215
2 713 258
2 223 647
2 228 722
2 49 542
2 302 533
2 363 328
2 24 653
2 286 449
2 9 698
2 707 659
1 81
0
2 230 621
1 712
2 487 519
2 104 619
2 198 135
2 296 689
2 684 313
2 235 540
2 300 52
2 355 258
2 435 636
2 373 666
2 413 582
2 549 524
2 464 134
2 636 352
2 209 627
2 519 443
2 630 104
2 186 643
2 593 236
2 32 364
1 236
2 168 690
1 430
2 117 23
1 250
2 162 378
2 598 439
2 331 133
2 102 322
2 715 508
2 482 651
2 17 572
2 738 393
2 618 45
2 393 22
2 651 676
2 582 272
2 635 5
2 118 743
2 547 746
2 418 726
2 711 701
2 242 425
2 348 590
2 704 11
2 277 654
2 695 405
2 739 466
2 138 50
2 642 484
2 189 367
2 632 219
0
2 241 302
2 516 260
2 683 178
2 291 127
2 567 211
2 585 498
2 536 184
2 461 454
2 199 68
1 64
2 216 319
2 333 720
2 424 406
1 384
2 735 594
2 154 580
2 526 583
2 446 656
2 256 292
2 592 55
2 671 244
2 624 618
2 234 164
2 384 56
1 337
2 448 262
2 546 741
2 542 551
2 558 461
2 328 25
2 510 321
2 689 187
2 469 314
2 537 710
2 57 361
2 375 730
2 171 202
2 533 115
2 417 33
2 188 673
2 298 26
2 691 150
2 358 557
2 627 640
2 407 237
2 372 203
2 741 148
2 484 323
2 560 251
2 721 285
2 622 274
2 395 72
2 334 230
2 152 473
2 679 89
2 314 695
2 145 356
2 587 502
2 561 136
2 280 633
2 324 175
2 30 514
2 278 1
2 173 632
2 127 129
2 493 544
2 357 554
2 405 86
1 667
2 326 149
2 481 228
2 709 68
2 137 238
2 335 262
2 163 426
0
2 449 696
2 250 401
2 53 579
2 34 560
2 447 271
2 490 14
2 310 95
2 201 602
2 101 26
2 672 687
2 239 507
2 319 450
2 156 163
2 573 210
2 383 717
2 744 32
1 747
2 457 379
2 717 289
2 440 218
1 183
2 133 604
2 620 282
2 528 705
2 478 591
2 6 249
1 43
2 294 564
2 149 616
2 612 700
1 662
2 608 415
2 14 177
2 249 585
2 470 570
2 172 344
2 13 738
2 323 151
2 485 511
2 466 733
2 633 312
2 4 100
2 119 349
2 660 168
2 403 620
2 28 98
2 315 438
2 341 494
2 714 390
2 626 340
2 159 715
2 254 639
2 456 403
2 702 102
2 204 661
2 429 265
2 666 297
2 603 244
2 90 157
2 231 588
2 596 392
2 92 359
2 577 648
2 550 610
2 680 635
2 111 387
2 63 6
2 116 275
2 402 257
2 245 253
2 282 665
2 238 596
2 211 351
2 33 240
2 749 24
1 438
2 431 729
2 96 139
2 122 46
2 445 2
2 524 44
2 307 576
1 398
2 499 578
2 512 286
2 31 432
2 181 385
2 535 509
2 688 325
2 673 495
2 134 154
2 750 31
