964 937 802
2 845 367
2 513 873
2 222 592
1 53
0
1 538
0
2 215 668
2 556 760
1 528
2 715 799
1 841
2 816 788
2 550 477
2 49 272
2 216 142
2 381 18
0
2 117 745
2 522 250
0
2 790 385
2 377 660
2 532 198
2 611 455
0
0
2 736 301
0
0
2 902 228
2 413 407
2 907 704
2 777 132
2 839 255
0
0
2 111 919
2 562 504
2 324 927
1 777
1 583
0
0
0
0
0
2 675 488
2 329 75
0
0
2 831 644
2 208 318
1 264
1 338
2 577 333
2 106 172
1 239
2 15 758
2 665 539
2 137 60
2 367 104
2 533 19
2 272 245
2 378 514
2 793 294
0
0
2 837 79
0
2 865 511
2 404 522
2 389 189
0
2 131 465
0
1 296
2 730 33
0
1 67
2 299 493
1 514
0
0
0
2 914 369
1 210
0
2 844 886
2 696 155
0
0
1 59
1 163
2 174 427
0
2 638 327
1 102
2 269 37
0
2 886 773
2 313 92
0
1 869
2 715 557
0
2 264 554
0
1 602
2 110 525
0
2 807 541
2 932 209
1 510
2 518 323
0
2 81 386
2 262 837
1 454
1 666
2 896 253
2 57 409
2 800 712
2 826 875
0
2 232 857
0
2 192 3
2 76 577
2 109 271
0
2 843 39
2 231 815
2 201 844
2 75 904
0
2 418 340
0
0
1 176
2 265 841
2 12 46
2 856 767
1 113
2 495 479
2 742 478
2 283 302
2 229 181
2 856 767
1 934
2 546 805
0
1 909
0
1 568
2 66 636
0
0
1 43
2 711 905
0
2 223 676
2 652 481
2 575 291
0
1 176
2 438 351
0
0
0
1 256
0
2 398 400
2 63 616
1 936
2 462 65
2 877 315
2 787 306
1 516
2 772 7
1 531
2 641 48
1 415
0
0
2 321 24
2 890 434
2 774 731
2 137 60
1 673
0
1 286
2 873 429
2 197 40
2 72 472
0
0
2 532 198
2 916 677
1 901
2 135 139
2 846 319
2 928 87
0
0
2 278 242
1 309
1 186
2 544 843
1 889
2 914 369
2 107 542
2 645 637
0
1 825
1 345
1 627
1 445
2 114 376
1 420
2 929 881
1 751
2 379 398
2 331 159
2 734 605
0
0
1 788
0
0
0
2 360 389
0
0
2 833 45
2 617 275
0
2 537 913
2 814 120
2 534 826
0
2 665 539
2 580 233
2 735 521
1 923
1 588
0
2 757 82
0
0
0
2 798 35
0
0
2 489 164
0
1 235
0
0
2 725 363
2 257 69
0
2 365 358
2 123 378
0
2 607 872
2 377 660
0
0
2 840 512
0
2 901 12
0
2 257 69
2 153 746
0
2 101 204
2 271 698
1 202
2 154 388
1 785
0
1 428
1 439
2 459 372
2 150 1
1 569
2 686 667
2 331 329
2 224 926
2 419 550
2 470 384
2 732 768
0
0
2 922 355
1 273
2 492 371
2 811 568
0
2 29 535
2 866 230
0
2 620 336
2 709 473
0
1 93
1 567
1 346
2 361 312
0
2 629 380
1 498
2 353 201
2 664 192
2 14 752
2 250 110
2 728 207
2 585 663
0
2 406 162
0
2 589 262
2 799 730
0
1 720
2 63 616
1 399
0
2 254 47
2 454 744
1 483
2 862 920
2 633 431
1 502
2 385 786
1 320
1 900
1 90
1 225
2 145 565
2 763 341
1 493
1 560
2 781 266
2 417 854
1 332
0
1 32
2 228 635
2 827 674
2 708 579
2 161 874
1 911
2 218 713
1 210
2 747 58
2 114 376
1 469
2 269 37
2 125 651
2 506 888
2 103 419
0
2 193 88
2 355 933
1 751
0
2 425 562
1 277
2 590 764
1 97
2 291 903
2 157 925
2 343 361
2 98 94
1 25
1 263
2 199 896
2 689 322
2 555 352
2 586 226
2 756 609
0
1 776
2 667 694
2 541 357
1 743
2 318 790
2 338 527
1 842
2 721 761
2 405 466
2 77 402
2 403 247
0
2 194 534
2 217 795
0
2 518 323
2 280 739
2 674 287
1 309
2 549 211
1 830
0
0
2 368 315
1 869
2 99 634
2 372 417
0
2 709 473
2 802 141
0
1 858
0
2 829 759
2 794 219
2 45 100
2 447 505
0
2 173 765
2 555 352
2 877 827
0
1 453
0
0
2 7 537
2 249 738
2 248 642
2 771 779
2 157 206
0
2 108 530
2 818 552
1 892
0
0
2 582 444
2 929 881
2 574 354
1 35
0
2 775 208
1 178
2 542 418
2 693 397
1 702
2 216 142
2 370 166
2 392 807
0
2 783 95
1 882
2 904 38
0
0
2 71 909
0
2 682 169
2 917 576
0
2 275 697
0
0
2 229 181
1 842
2 840 512
2 437 758
2 924 145
0
1 653
0
1 450
2 184 40
1 202
1 490
1 409
2 923 67
0
0
2 206 611
2 670 290
0
2 713 152
1 602
2 28 442
0
2 219 925
2 296 212
2 829 759
0
2 199 480
2 862 920
2 189 14
0
0
2 585 663
0
2 497 579
0
1 103
2 509 343
0
2 152 783
0
2 365 358
2 581 917
2 757 82
2 161 444
2 144 803
2 688 107
2 754 68
0
1 469
2 11 183
2 317 935
2 244 502
2 689 322
2 357 902
1 300
2 726 408
0
2 375 671
2 62 421
1 595
2 915 921
0
0
2 135 251
2 333 725
0
2 171 394
0
0
0
2 609 775
1 803
2 281 688
0
2 913 140
2 654 633
0
0
2 460 499
0
1 445
2 669 727
1 195
2 878 379
2 460 499
2 415 593
0
2 698 452
0
1 93
2 324 927
2 187 722
2 687 551
2 236 430
2 429 196
1 626
2 608 197
2 304 332
0
2 36 590
2 634 227
1 348
2 659 492
0
0
0
0
0
2 221 882
2 279 678
1 58
2 31 350
0
2 290 311
0
2 196 622
0
2 801 463
2 100 924
2 770 617
2 90 55
0
2 739 656
0
2 933 405
2 880 747
2 477 111
2 375 671
1 282
2 635 170
1 64
1 29
2 240 15
2 85 791
0
0
2 872 861
1 623
2 119 561
1 285
1 17
2 214 270
0
1 267
2 383 690
0
2 860 770
0
2 722 696
2 824 222
1 859
2 752 368
2 707 749
0
2 645 637
2 571 182
1 34
0
0
1 427
0
0
2 538 700
2 791 193
0
2 536 394
0
0
1 74
1 809
0
2 115 23
0
0
2 141 140
2 158 824
2 576 711
1 97
2 170 183
2 448 184
1 658
2 239 8
2 245 655
2 764 710
2 244 666
2 638 327
2 442 754
2 810 531
2 325 865
2 162 489
1 496
0
2 655 878
2 430 109
0
2 302 85
2 835 276
2 714 237
1 849
2 678 578
2 578 392
2 916 677
2 533 19
2 169 281
2 155 794
0
0
2 131 465
0
0
0
0
2 903 670
1 491
2 693 397
1 850
2 243 459
2 478 278
1 639
1 289
1 362
2 402 223
0
2 312 187
2 515 203
2 883 584
2 150 1
2 422 828
1 526
0
1 133
2 586 226
0
2 154 388
2 687 551
0
2 340 147
0
0
2 642 124
2 200 70
0
2 287 158
2 523 28
2 745 364
0
0
1 374
2 33 732
2 452 115
2 504 461
2 866 230
2 79 736
2 149 778
2 936 868
1 908
1 884
2 364 249
0
2 601 607
2 875 243
2 313 92
2 932 209
2 495 479
2 119 561
2 937 466
2 232 857
2 108 530
2 437 283
2 112 625
2 846 319
2 580 233
2 890 434
0
2 619 523
2 525 240
2 546 805
1 606
0
2 860 23
2 682 457
2 867 792
1 644
1 277
1 910
0
2 853 284
2 363 280
1 631
2 728 207
0
1 450
2 153 746
2 834 220
2 163 802
1 261
0
0
2 782 613
2 481 10
2 874 194
2 10 915
0
2 921 413
1 195
2 300 225
0
2 699 581
2 622 174
2 188 782
2 124 575
0
2 147 76
2 771 779
1 851
2 937 618
1 719
2 694 582
1 668
2 926 265
0
2 68 664
0
2 214 270
2 354 26
2 773 149
0
2 384 513
0
0
2 95 279
2 768 156
2 177 686
2 515 203
2 87 780
2 421 480
2 795 756
0
1 554
1 344
1 628
1 521
1 832
2 907 704
2 600 776
2 618 601
2 432 91
2 31 350
0
2 676 800
2 86 116
2 675 488
1 762
0
2 710 347
2 560 297
0
0
2 905 572
2 38 248
2 819 433
1 335
2 613 236
2 455 509
2 172 535
2 612 545
2 156 117
0
2 353 237
2 630 373
2 462 834
0
2 572 425
2 311 772
2 72 472
2 447 505
1 32
2 24 652
1 784
1 132
2 793 294
1 647
2 867 792
2 556 760
1 511
2 382 612
1 654
2 125 651
0
1 298
2 787 306
0
2 629 59
2 400 224
0
0
2 883 584
2 74 359
1 780
2 3 922
1 64
0
0
2 81 386
0
2 211 564
2 934 263
0
2 592 360
2 839 255
0
2 66 636
1 104
2 133 691
2 371 404
2 796 49
2 697 188
1 289
1 482
0
1 440
2 620 336
2 608 583
0
2 18 714
1 160
0
2 786 406
0
1 39
2 221 297
2 20 61
0
2 818 552
2 707 749
1 496
2 859 589
0
2 8 742
1 870
2 346 484
2 656 457
2 463 630
1 734
2 253 77
1 273
0
2 854 177
2 301 470
2 347 382
0
1 639
2 861 619
2 98 94
2 835 217
0
1 393
1 83
2 370 166
2 919 36
2 373 557
1 286
0
0
0
0
2 797 448
1 461
2 407 381
2 781 266
2 83 798
2 46 796
2 641 48
2 565 62
2 231 815
2 112 625
2 778 321
1 603
1 121
2 545 574
2 519 435
0
1 218
2 712 833
2 242 699
2 738 801
0
2 200 70
1 182
2 516 446
1 171
2 317 935
2 213 128
2 763 501
2 596 213
2 88 659
1 366
2 603 485
2 638 647
1 163
2 121 69
1 786
1 169
0
2 658 629
1 83
2 541 93
2 345 787
2 799 230
2 312 336
2 318 294
2 779 92
2 413 612
1 659
2 254 526
2 581 510
1 4
2 679 234
2 421 135
2 266 154
2 222 284
1 61
2 578 590
2 744 56
0
0
2 360 717
2 411 690
2 447 588
1 418
2 242 288
0
2 682 2
2 273 52
2 165 467
2 37 60
1 281
0
0
1 610
0
1 123
1 399
1 268
2 416 47
0
2 61 231
1 633
2 120 736
2 721 650
1 136
2 220 293
1 506
1 463
2 252 420
2 270 106
2 319 371
2 366 764
2 332 235
2 294 304
2 465 390
1 72
1 663
2 655 765
2 170 182
0
1 13
2 198 581
2 457 760
0
2 656 538
1 3
1 591
2 702 771
0
0
2 657 313
2 465 390
0
0
1 678
2 146 400
2 689 685
0
2 800 363
2 269 249
0
0
1 194
0
2 71 444
0
2 550 605
1 458
2 668 321
0
2 363 344
2 201 196
0
0
2 541 215
1 58
0
0
0
2 159 449
0
2 187 353
1 691
1 790
2 601 380
0
2 150 437
2 781 170
2 148 535
1 206
2 577 598
0
2 240 361
2 151 802
1 20
2 531 414
2 350 608
2 50 621
2 233 220
2 514 200
0
2 10 784
2 573 636
2 756 800
2 47 114
0
2 16 498
0
0
0
0
2 727 402
2 119 90
1 41
2 99 348
2 742 166
2 39 101
1 712
2 119 90
0
2 337 544
1 140
1 650
0
0
2 493 632
1 122
1 540
2 156 471
2 378 792
0
2 218 214
2 217 774
2 750 338
0
2 302 608
1 398
1 167
0
0
1 334
0
2 290 718
2 370 297
0
1 116
2 367 461
2 351 579
0
2 624 753
2 59 596
2 98 112
2 597 206
0
2 787 587
2 741 19
2 57 174
0
2 319 371
1 314
0
0
2 485 286
0
2 639 129
1 62
2 62 649
2 266 154
2 530 746
1 228
1 508
2 29 584
1 271
1 543
1 334
2 564 264
2 508 83
0
0
2 391 156
2 146 400
2 479 434
2 714 664
0
0
0
1 559
1 678
1 87
1 594
2 381 652
0
2 143 290
2 383 41
2 791 749
1 289
1 719
1 15
2 276 384
0
0
2 474 457
1 97
0
2 25 125
2 547 759
1 440
2 533 124
2 704 372
2 376 151
0
2 270 106
2 539 192
2 176 571
0
0
0
2 157 317
0
0
0
2 482 604
0
0
2 245 255
1 168
0
0
0
2 26 450
2 780 285
1 558
2 36 529
1 500
0
2 661 607
2 421 135
2 740 444
0
2 55 236
1 587
2 228 727
0
2 780 285
2 224 364
0
1 445
2 200 536
1 490
2 84 190
2 352 599
0
1 790
1 725
2 631 562
2 687 243
0
2 287 30
2 383 416
2 553 212
2 23 312
2 697 204
2 221 642
1 700
0
2 583 432
0
2 546 757
0
0
0
2 256 783
0
2 616 260
1 31
1 501
0
1 22
1 575
2 8 134
0
1 748
0
2 95 756
2 362 50
2 42 674
2 510 159
1 767
2 519 501
0
2 349 606
0
2 761 781
2 93 702
0
2 567 523
2 370 297
0
1 694
0
1 497
0
2 232 797
2 701 347
0
2 234 386
0
1 3
0
0
2 160 155
2 545 528
2 657 132
2 244 542
2 724 375
2 24 322
2 436 110
0
2 216 137
2 717 295
2 483 74
0
2 560 433
0
2 769 308
0
2 40 85
2 87 617
0
2 668 321
2 175 330
0
2 794 23
0
2 801 403
2 432 5
1 710
0
2 785 165
0
2 555 459
0
2 338 329
2 368 488
2 446 8
2 372 438
2 720 80
2 535 219
2 730 577
2 614 625
2 379 77
1 291
2 527 109
0
1 230
2 30 17
2 353 572
1 580
2 736 679
2 136 185
2 649 788
0
2 600 709
2 171 292
1 328
0
2 734 376
2 211 188
0
2 601 380
2 355 28
2 74 401
0
2 441 213
0
0
0
2 778 461
1 407
1 257
2 562 24
0
2 31 123
0
0
2 602 272
1 651
2 435 64
2 472 223
2 125 306
2 115 75
0
1 442
2 379 77
2 367 483
0
0
0
1 369
2 753 533
2 641 456
2 677 128
2 423 147
2 368 589
0
2 227 775
2 377 537
0
0
0
2 703 387
2 381 652
2 323 524
2 482 557
0
2 729 120
1 203
2 434 16
2 202 673
1 743
2 779 92
2 139 782
2 229 187
0
2 18 777
0
2 114 274
0
0
1 122
0
2 142 365
2 425 359
0
2 759 460
0
0
2 712 167
0
2 55 236
2 672 420
2 197 160
0
2 185 246
0
1 719
1 127
1 569
0
0
1 534
1 152
0
2 589 222
2 428 298
0
2 308 731
1 393
2 280 238
0
2 223 488
1 451
2 435 64
0
2 730 522
2 232 797
2 760 42
0
0
2 65 519
0
0
0
1 794
2 683 446
1 611
2 731 18
1 169
2 36 529
2 496 425
2 157 317
2 560 387
0
2 32 479
2 354 566
0
1 699
1 776
2 743 45
1 640
2 614 625
2 572 360
2 439 373
2 320 117
0
1 768
2 521 574
1 565
2 772 409
2 669 260
0
2 747 345
2 293 26
0
2 525 653
0
2 532 216
0
2 109 729
2 396 627
2 382 32
1 476
2 124 153
1 655
1 534
0
2 620 502
1 422
1 733
1 698
0
2 593 143
2 620 502
2 597 193
0
2 536 478
0
2 695 352
2 37 60
2 184 53
2 666 773
2 358 466
2 286 592
0
1 105
2 436 110
2 710 427
2 7 555
2 665 442
1 137
2 316 546
0
1 633
0
0
0
0
2 563 763
1 680
2 509 394
0
2 298 630
0
2 592 89
0
2 676 660
2 306 197
2 173 547
0
0
2 28 262
0
2 5 600
1 85
2 336 273
2 768 739
0
2 295 770
0
2 94 484
2 248 252
2 301 199
0
0
2 607 315
0
2 762 311
1 272
2 738 4
2 48 682
1 622
1 289
1 181
0
2 751 173
0
2 53 269
2 118 638
1 305
2 674 778
2 708 552
0
2 714 664
1 78
1 506
0
1 27
0
1 640
0
2 277 299
2 199 801
0
1 91
1 491
0
2 20 644
2 558 599
1 643
2 258 325
0
0
1 504
2 237 118
2 359 378
1 554
2 770 81
0
2 494 448
2 463 415
2 304 515
2 459 102
0
2 550 605
2 238 354
2 59 596
1 477
2 606 245
0
0
2 515 593
2 466 514
1 241
2 101 301
1 43
2 63 568
1 186
2 763 796
2 796 229
2 530 746
2 332 235
2 365 382
2 249 472
0
1 711
2 656 538
0
0
1 88
0
2 329 428
1 152
2 202 673
1 471
2 561 631
2 166 564
1 35
0
1 342
2 292 218
1 347
2 134 184
2 518 745
2 705 326
2 687 243
1 669
1 684
2 594 65
1 477
2 487 291
1 22
2 84 190
2 666 773
0
2 498 343
0
1 247
2 128 225
2 303 300
0
2 401 237
2 278 280
2 526 417
0
1 504
1 659
2 771 221
2 478 258
2 467 786
2 256 783
2 182 744
2 408 253
1 80
1 54
0
2 417 641
1 733
2 507 661
2 802 561
2 201 196
2 691 495
2 99 348
2 762 311
2 162 709
2 531 414
2 227 775
2 672 39
2 688 126
2 584 735
2 539 192
2 57 174
1 670
2 798 278
2 449 248
2 337 544
0
0
2 751 325
2 142 576
2 158 82
0
1 548
0
0
0
2 450 355
2 263 418
2 505 767
0
1 419
2 224 364
1 578
1 747
1 684
2 505 567
1 523
2 464 14
2 774 707
2 433 734
2 707 772
0
2 409 411
0
2 439 373
1 715
2 178 496
2 89 71
2 681 464
2 225 750
0
2 343 233
2 423 147
1 389
2 162 100
1 145
2 17 703
1 732
2 212 591
0
2 566 362
0
1 48
2 524 680
2 344 408
0
2 204 603
1 207
0
2 777 563
2 642 520
2 455 287
2 518 745
1 21
2 574 522
2 188 527
0
1 133
2 513 586
1 314
2 176 571
2 484 728
2 588 183
2 619 663
2 100 507
1 755
2 509 394
1 140
2 214 240
1 283
2 749 268
0
0
2 102 486
1 542
0
0
2 792 430
2 274 677
2 646 68
1 181
2 14 358
2 284 683
1 265
2 161 210
2 520 254
0
2 95 568
2 489 12
0
0
2 430 785
2 630 624
2 639 129
2 115 75
1 728
2 19 217
1 104
1 557
1 72
0
2 158 82
2 658 629
0
2 341 161
0
2 175 330
0
0
2 351 579
1 580
2 277 391
2 718 553
0
0
2 705 326
1 644
2 141 209
2 621 583
0
0
1 704
2 150 437
0
2 441 213
2 695 424
0
2 647 474
2 242 288
0
2 493 632
0
0
2 757 198
2 675 318
2 460 681
1 795
0
1 153
1 795
2 616 427
1 627
0
2 612 63
1 645
0
2 386 349
0
2 10 784
1 103
2 404 494
0
2 377 537
2 708 552
2 528 111
2 305 761
1 696
2 415 742
0
1 251
2 262 576
2 660 489
0
2 598 171
0
1 532
2 322 455
2 56 697
2 486 341
0
0
2 315 798
1 438
2 43 211
0
0
1 385
2 139 782
2 52 7
2 12 215
0
1 791
1 670
0
1 247
0
1 570
2 690 413
2 375 207
2 469 67
2 402 675
2 98 112
2 155 521
2 573 636
2 688 126
2 253 741
0
0
2 210 323
0
0
1 769
2 361 25
2 264 178
2 456 676
0
2 303 300
2 133 426
1 384
2 525 653
2 543 613
2 700 78
0
2 726 265
2 403 316
2 687 243
1 35
2 50 621
0
0
1 758
2 624 753
2 463 415
1 260
2 774 707
1 776
2 228 727
1 281
2 760 42
2 248 252
1 622
2 738 451
2 413 612
1 235
1 628
0
1 103
2 258 325
2 741 19
1 720
2 524 680
0
2 278 280
1 94
0
2 509 394
1 216
2 702 771
0
2 346 482
2 52 7
2 668 321
2 114 274
2 10 784
1 626
0
0
2 156 793
0
2 25 125
2 727 402
0
2 98 112
2 675 318
0
1 694
0
0
1 163
0
0
0
0
2 194 506
2 371 513
1 38
2 155 521
2 370 297
1 169
0
2 493 632
0
2 354 566
2 780 285
2 303 300
2 122 270
2 639 129
2 481 44
2 20 644
2 416 47
2 343 233
2 598 171
0
2 170 182
0
2 150 437
2 157 317
1 469
0
2 101 301
2 283 207
0
2 801 403
2 552 342
1 650
0
2 201 393
1 671
2 372 438
2 18 777
0
1 331
2 372 438
1 257
2 125 306
0
2 458 21
1 794
0
0
1 506
2 32 479
2 227 775
2 466 514
2 510 159
2 336 273
2 688 126
1 41
2 87 617
2 478 258
2 283 207
2 520 254
0
2 762 311
2 127 462
0
0
2 500 412
2 128 225
2 175 330
0
1 695
0
0
0
2 656 538
2 557 504
1 477
0
1 747
1 310
2 319 648
1 471
0
2 124 153
1 504
1 779
0
0
2 197 160
0
2 498 343
1 699
2 344 408
2 687 243
1 733
2 308 731
2 224 364
2 84 190
2 269 249
2 642 520
2 368 488
2 401 237
0
0
2 560 387
2 349 606
0
2 245 255
0
2 139 782
0
0
2 142 365
2 295 770
2 525 653
1 265
1 442
2 89 71
0
1 302
2 322 455
2 203 335
0
1 610
2 22 712
1 133
2 770 81
1 127
1 535
1 390
2 134 184
2 460 681
2 457 760
1 788
0
2 362 50
2 199 801
2 433 734
0
2 286 592
2 41 196
2 266 154
2 730 522
2 303 300
2 95 756
1 569
2 518 745
0
0
2 368 589
2 505 767
2 729 120
2 691 495
1 689
2 441 213
0
2 700 149
2 48 682
0
2 779 92
2 43 211
2 769 685
2 472 223
0
0
2 118 638
2 292 218
2 718 553
2 439 373
2 291 740
0
2 360 717
2 22 712
2 256 783
2 573 636
2 531 414
2 192 385
0
0
2 14 358
2 63 568
2 226 75
2 463 116
2 449 248
0
2 564 264
2 802 561
1 640
2 294 304
0
0
2 274 677
2 417 641
2 581 510
1 670
1 599
2 577 598
0
2 242 288
2 334 633
2 285 557
1 314
0
0
0
2 761 781
2 535 758
2 721 711
2 212 591
2 724 375
0
1 1
2 668 321
2 48 682
2 514 200
2 318 294
0
0
2 547 759
0
1 548
2 166 564
2 777 563
2 450 355
2 365 382
0
2 672 39
0
1 272
0
2 74 401
0
1 795
2 428 298
2 750 338
0
1 81
2 72 357
2 328 131
2 451 15
2 244 542
1 776
2 657 51
2 439 373
2 744 56
2 39 101
1 194
2 436 110
0
2 351 579
0
0
1 508
1 393
2 298 630
2 8 134
2 201 196
0
2 778 461
1 651
2 543 613
2 120 736
2 29 584
2 247 13
2 253 741
2 614 625
2 601 380
2 37 60
1 649
0
2 550 605
1 247
2 383 416
1 122
2 383 671
2 436 110
2 220 293
1 494
0
2 616 427
0
2 136 185
1 694
2 16 498
0
0
2 683 446
1 513
1 454
1 251
2 102 486
1 250
0
2 509 394
0
2 379 77
2 95 568
2 323 524
2 583 432
0
2 353 572
2 36 529
2 20 644
2 647 474
2 446 8
1 599
2 26 450
2 526 417
2 36 529
0
1 366
2 674 778
2 146 400
2 139 782
2 546 757
2 631 562
2 489 12
1 787
2 768 739
2 87 617
2 421 135
2 465 140
2 593 143
0
2 690 413
2 486 341
1 272
2 697 204
2 679 234
2 150 437
0
2 84 190
2 474 457
1 121
1 424
2 796 229
1 570
2 525 653
1 623
0
2 202 673
2 143 290
0
2 290 718
0
2 171 292
1 328
2 757 198
2 5 600
2 386 349
2 411 690
1 163
1 172
0
1 2
1 145
2 409 411
0
2 597 206
0
2 562 24
2 434 16
2 794 23
1 594
2 521 574
2 669 69
1 788
0
2 430 785
1 458
2 71 444
1 790
2 485 286
2 358 466
0
2 755 747
1 628
2 57 174
0
0
2 672 420
0
0
0
1 219
2 280 238
0
2 703 387
1 733
0
0
0
1 80
1 719
2 69 191
2 536 478
0
2 148 164
2 222 284
2 728 738
2 262 576
0
2 561 631
2 620 502
2 467 786
1 116
2 676 660
0
2 656 538
2 600 709
1 193
0
2 699 708
2 56 697
1 83
2 639 129
2 31 123
1 655
1 539
1 141
2 312 336
2 742 166
2 99 348
2 574 522
2 217 774
2 532 491
0
2 265 791
0
1 320
1 319
2 749 268
2 606 245
0
1 152
2 316 546
2 657 313
0
2 99 348
1 528
1 219
1 105
2 620 502
0
0
0
1 406
2 165 467
2 115 75
0
0
0
2 284 683
0
1 181
2 55 236
2 204 603
2 465 390
2 518 745
2 384 431
0
2 601 380
2 726 148
0
2 176 571
2 198 581
2 798 278
1 429
2 159 449
1 684
2 136 185
0
0
2 227 775
2 59 596
2 266 154
2 332 235
2 734 376
1 389
1 310
2 753 533
1 277
2 270 106
0
2 187 353
2 479 434
0
0
2 161 210
2 337 544
1 477
1 558
2 441 213
2 23 312
2 666 773
2 377 537
0
0
2 379 77
2 658 629
2 12 215
1 615
0
2 244 542
2 762 311
2 785 165
0
0
2 160 155
0
1 156
1 732
2 250 462
0
2 78 152
2 792 430
0
2 210 323
2 225 750
2 425 359
2 233 220
2 763 796
0
2 539 192
2 178 496
2 17 703
1 473
2 705 326
2 65 519
2 487 291
0
0
2 305 761
2 7 555
1 104
2 638 647
2 597 206
0
0
1 726
0
0
2 21 755
1 619
2 100 507
0
1 340
0
1 115
2 586 46
2 507 661
1 627
2 527 109
0
2 589 222
2 341 161
2 464 14
0
0
2 370 297
2 173 547
2 162 100
2 315 798
1 427
0
2 592 89
0
0
2 688 126
0
2 559 667
1 314
2 748 649
2 660 489
1 263
0
0
1 665
2 717 295
2 493 632
2 714 664
2 550 605
2 35 169
1 713
2 98 112
2 677 128
2 164 405
0
2 714 664
0
1 618
1 186
0
2 251 299
2 330 356
2 19 217
0
1 655
2 304 515
2 28 262
1 669
2 494 618
2 403 316
2 421 135
0
0
2 65 519
2 566 362
1 106
1 260
2 287 30
2 732 11
1 698
2 329 428
2 768 739
0
0
2 483 74
2 749 268
2 218 214
2 530 746
2 563 763
0
1 276
1 191
2 142 576
0
0
1 241
2 455 287
2 666 773
2 382 32
1 614
0
1 470
1 545
1 202
2 30 17
0
2 53 269
2 759 460
2 200 536
2 264 178
0
0
2 743 454
0
2 447 588
1 710
0
2 708 552
1 586
2 31 123
2 459 102
2 359 378
2 240 361
2 769 308
2 612 63
2 541 215
0
0
0
2 145 58
1 567
0
2 184 53
0
0
2 293 26
1 320
0
2 505 767
0
2 93 702
0
2 771 221
0
2 791 333
2 176 571
2 182 744
1 532
2 641 456
2 355 28
0
0
2 415 742
1 580
0
2 254 526
2 224 364
2 40 85
0
0
1 352
2 710 440
2 42 674
0
2 238 354
0
2 188 527
2 157 317
2 252 420
2 435 64
2 658 629
0
0
0
2 555 459
0
1 765
2 119 90
2 221 642
0
2 751 173
2 423 147
2 630 624
2 363 344
0
2 109 729
1 230
1 418
2 408 253
2 423 147
1 141
1 724
2 681 464
2 731 18
0
1 352
2 234 386
2 351 579
1 15
1 643
2 736 679
2 301 199
2 158 82
2 72 357
2 249 472
2 211 188
2 402 675
0
2 346 482
2 541 93
2 214 240
2 456 676
1 404
1 396
2 422 575
2 337 544
0
2 229 187
1 692
2 558 113
2 59 596
1 296
0
0
2 704 105
2 573 636
2 799 610
1 309
2 377 537
2 646 716
0
0
0
0
2 237 118
0
2 376 151
2 367 483
1 6
2 435 64
1 381
0
2 484 108
2 361 25
0
1 43
0
2 781 170
0
2 242 288
2 55 236
1 345
0
2 10 784
2 756 800
1 764
2 29 584
0
0
1 186
2 473 556
1 389
1 121
1 339
2 24 322
0
2 119 90
2 531 414
1 602
1 305
2 751 325
2 607 315
2 232 797
1 725
0
1 13
2 256 783
2 158 82
1 347
1 407
1 503
1 44
2 661 607
2 603 485
2 560 433
2 151 802
1 54
2 367 461
2 515 593
1 711
2 40 85
1 652
0
2 705 326
0
2 492 271
2 800 363
0
0
2 391 569
2 57 174
1 424
0
0
0
0
2 730 577
0
1 396
0
2 138 350
2 228 407
2 572 360
2 338 329
2 47 114
2 378 792
0
2 447 588
2 54 296
0
0
0
1 789
2 533 124
2 146 400
2 707 772
2 530 746
2 496 425
1 662
2 273 52
2 232 797
2 772 409
2 621 583
1 534
2 306 197
2 223 488
2 553 212
2 37 60
0
2 381 652
1 627
0
1 495
2 432 5
1 695
1 543
1 80
2 162 709
