940 954 772
0
2 205 95
1 913
0
0
0
2 895 2
2 432 381
0
0
2 449 193
2 896 626
1 929
2 321 698
2 700 949
2 817 600
2 158 917
2 556 787
0
0
0
2 550 422
0
0
0
2 462 877
2 401 90
2 234 508
2 860 674
0
0
0
2 573 372
2 410 217
2 801 70
0
2 844 928
0
2 470 592
0
0
2 775 649
0
2 565 362
0
0
2 740 237
0
2 694 773
1 429
0
0
0
2 84 32
0
0
0
0
0
0
2 239 31
2 318 835
0
2 716 740
1 142
2 465 218
0
0
2 690 879
1 308
0
2 145 326
2 899 791
0
0
2 904 124
1 253
1 220
2 246 45
0
2 842 702
0
0
0
1 737
0
0
2 842 702
2 68 585
1 414
0
0
2 197 650
1 195
0
2 847 953
0
0
2 860 674
0
0
1 647
0
2 916 599
1 574
1 841
2 141 221
2 243 36
2 605 866
2 408 91
0
1 38
0
2 700 660
0
1 506
2 67 480
2 425 706
2 728 177
0
0
0
1 945
2 191 869
0
0
2 905 273
0
2 527 679
2 505 514
2 316 762
0
2 714 335
2 903 863
2 683 269
1 625
0
2 441 736
2 376 424
2 531 492
0
2 158 917
2 816 106
2 140 295
2 531 492
2 432 381
2 710 391
2 645 52
2 633 712
2 615 601
2 718 791
0
2 258 516
0
0
2 31 845
2 115 407
2 430 92
2 32 182
2 348 364
0
0
0
2 728 177
2 948 759
2 412 568
1 882
2 546 547
1 853
2 705 342
0
0
2 460 707
0
2 313 93
2 372 338
2 198 654
0
0
2 642 605
0
2 376 578
0
1 179
2 583 532
2 868 297
1 301
1 474
0
0
2 233 919
0
0
0
2 586 859
0
0
0
2 925 793
0
0
2 525 341
2 21 208
2 525 341
2 530 422
2 729 304
0
0
1 947
0
2 101 228
2 370 477
0
0
2 57 610
2 773 115
0
2 896 626
0
1 894
1 940
2 499 704
1 23
0
2 862 13
1 128
2 623 206
2 75 320
1 701
2 281 912
0
0
2 806 377
0
2 520 723
2 902 951
2 75 320
0
0
2 698 149
0
2 213 902
1 855
2 556 787
0
2 389 7
0
2 649 619
2 156 539
2 382 25
0
0
2 584 17
1 572
2 608 356
0
0
0
1 683
0
2 509 545
2 644 630
2 241 8
0
1 351
0
0
2 336 835
2 778 465
2 628 24
0
0
2 926 213
0
2 578 584
2 631 732
2 844 928
2 712 899
0
2 872 129
2 86 938
1 300
0
2 354 305
1 44
0
1 27
0
0
0
2 454 729
0
0
2 79 766
2 334 934
0
2 914 216
0
0
2 122 576
2 471 920
1 883
2 630 241
0
2 914 216
2 705 342
1 367
1 437
0
0
0
0
1 954
2 480 645
2 946 18
1 184
1 725
2 765 155
2 946 18
2 718 246
2 218 812
2 175 34
2 78 371
2 545 322
2 141 221
0
0
0
2 42 66
2 416 205
0
2 118 727
2 934 317
2 938 292
0
0
2 892 433
2 201 780
2 282 926
1 783
2 53 553
0
0
0
2 244 454
1 62
0
0
2 709 498
2 69 569
2 95 735
0
1 948
2 360 151
0
0
2 632 540
2 727 173
1 677
0
2 471 229
0
2 133 867
2 197 650
0
0
2 631 732
2 610 214
2 172 837
2 274 523
2 949 117
2 843 519
0
2 482 527
2 498 436
2 37 838
2 756 15
2 779 404
2 243 36
0
0
0
2 43 212
2 943 546
2 786 642
0
0
1 486
2 568 153
0
0
1 35
2 429 14
1 696
2 460 707
0
0
0
1 861
0
1 807
2 448 194
2 69 569
1 659
2 828 336
0
2 237 344
0
0
1 933
2 845 443
0
2 550 401
0
0
2 935 239
2 809 847
2 318 416
1 609
0
2 182 118
0
0
0
0
0
2 201 780
2 602 354
0
2 687 726
0
0
0
2 865 264
1 695
2 435 687
0
2 603 350
0
2 49 402
0
2 461 504
0
0
2 636 192
2 283 935
0
2 879 533
0
2 15 627
2 153 644
2 311 283
2 140 295
0
0
0
0
0
0
2 585 287
0
2 755 490
2 575 775
0
2 843 519
2 759 461
2 866 462
0
2 799 196
1 457
0
2 553 608
2 939 491
0
0
2 662 875
2 294 816
2 561 808
0
0
2 194 331
2 590 709
2 428 136
2 117 57
2 764 406
0
0
2 406 693
2 45 209
0
2 269 509
0
0
1 567
2 540 716
0
0
0
2 941 112
0
0
1 163
0
0
0
0
2 7 660
1 188
0
1 776
0
0
0
2 303 862
2 314 655
2 697 232
0
2 107 164
0
1 858
0
0
0
1 3
0
0
2 196 633
2 804 345
2 782 352
0
2 503 635
2 613 604
2 850 211
0
2 235 39
0
2 355 288
2 368 829
0
2 165 254
1 383
0
0
0
0
2 172 837
2 149 501
1 88
2 436 941
2 171 764
2 192 663
0
2 352 755
2 767 334
2 378 664
0
2 259 324
2 765 155
2 627 72
2 407 570
2 54 809
0
2 731 790
2 9 666
2 892 433
0
2 874 767
0
1 337
2 859 778
0
2 912 389
2 112 671
0
2 255 788
0
2 143 819
1 190
2 939 491
2 524 233
0
2 386 743
0
2 229 699
0
0
2 144 722
2 554 920
2 797 714
2 662 875
2 107 164
2 338 156
1 839
2 655 528
2 570 874
2 302 932
2 905 273
2 356 481
0
0
0
2 368 829
2 872 129
2 130 575
2 144 722
1 774
2 904 124
2 547 360
1 12
1 685
2 810 530
2 255 788
0
0
0
1 901
0
2 818 244
0
0
0
0
1 126
0
2 50 321
0
0
2 90 632
0
0
1 621
0
2 274 523
0
2 329 150
0
0
2 362 817
2 16 636
1 330
0
0
2 344 435
2 106 616
2 72 86
2 315 795
2 428 171
2 612 756
2 333 502
1 323
0
0
2 539 293
0
0
2 549 711
0
2 89 400
2 169 753
2 851 6
2 891 638
0
2 710 391
0
0
2 2 11
1 257
2 214 418
2 365 281
0
2 378 664
0
2 14 482
1 170
0
2 865 264
0
2 766 67
2 641 936
0
2 340 26
2 331 169
0
2 681 16
0
2 209 54
2 322 657
2 258 516
2 89 400
1 950
2 932 493
0
1 690
1 675
2 726 810
0
2 747 472
0
2 795 448
2 549 711
2 616 782
0
2 78 371
2 615 601
2 596 524
0
2 52 898
0
2 867 818
2 903 863
2 657 786
0
0
2 49 402
2 304 282
0
0
0
2 925 793
0
0
2 504 329
0
2 316 762
2 495 238
0
2 254 314
2 951 554
0
2 801 70
1 559
2 449 193
2 278 583
0
2 812 603
0
2 952 830
2 576 234
2 942 22
0
0
2 317 573
2 235 39
0
2 111 797
0
2 11 9
2 17 311
2 43 212
1 752
1 591
2 348 364
2 175 34
2 495 238
0
2 724 618
2 418 412
1 563
0
1 262
2 532 871
1 803
0
2 671 136
1 535
2 643 50
0
2 747 472
2 661 111
2 501 440
2 292 661
0
2 640 60
2 785 562
1 71
2 493 590
1 779
0
0
1 731
2 287 611
2 8 365
2 919 191
2 248 834
2 592 315
0
2 753 900
2 715 130
2 508 245
0
0
0
0
0
0
0
2 259 324
2 623 206
1 820
2 490 895
0
2 24 278
0
2 313 93
1 109
1 885
2 871 303
2 850 211
0
2 440 84
1 769
0
2 694 293
0
0
2 404 612
0
0
2 611 470
2 891 638
0
0
2 150 165
2 505 514
2 785 562
0
2 333 502
2 146 219
0
1 715
0
0
2 790 643
2 600 628
2 410 217
1 79
0
2 386 743
1 708
0
0
2 143 819
2 673 174
2 804 345
2 619 596
0
2 884 613
2 335 717
0
1 814
2 441 736
2 898 648
2 245 424
0
2 699 133
2 476 74
0
2 382 25
2 806 377
1 81
0
2 198 654
0
2 877 53
2 350 340
2 641 936
2 533 37
2 663 21
0
0
2 648 943
0
2 42 66
0
0
2 953 884
1 385
0
0
2 604 799
0
0
0
2 26 828
0
2 942 22
2 869 602
2 101 228
2 561 808
1 157
2 145 326
2 520 723
0
0
0
0
2 443 122
2 724 618
2 248 834
2 574 68
0
2 425 706
2 408 91
0
2 173 384
2 679 868
2 528 681
2 297 294
0
2 499 704
2 851 6
0
2 838 565
0
2 476 74
2 673 174
0
2 355 288
1 409
2 370 477
0
2 151 503
2 952 830
2 430 92
1 58
2 697 232
2 146 219
1 328
1 555
2 640 60
1 358
1 825
0
0
2 735 586
0
2 717 916
1 123
0
2 693 302
0
2 315 348
1 138
0
0
0
2 497 201
2 224 532
0
0
2 399 32
2 274 756
1 55
2 110 6
2 630 553
2 369 759
2 132 486
2 567 753
0
0
0
2 146 226
0
0
0
2 330 595
2 428 61
2 639 333
2 461 191
0
0
0
2 322 754
2 436 94
2 652 519
0
2 150 574
0
2 245 761
0
0
2 559 328
0
2 534 339
0
0
2 518 192
0
2 445 422
1 742
0
0
0
2 576 96
0
0
0
0
0
0
2 326 716
2 362 748
0
2 9 518
1 331
2 292 180
0
0
2 265 466
1 48
0
2 499 164
2 346 181
0
0
2 542 633
1 511
1 649
2 193 387
0
2 27 246
0
0
0
1 668
0
0
2 27 246
2 635 276
1 279
0
0
2 506 156
1 487
0
2 203 657
0
0
2 461 191
0
0
1 615
0
2 582 529
1 728
1 327
2 286 98
2 462 177
2 240 492
2 41 735
0
1 402
0
2 630 450
0
1 196
2 53 114
2 438 198
2 636 106
0
0
0
1 552
2 60 120
0
0
2 421 68
0
2 723 250
2 688 80
2 252 284
0
2 8 738
2 495 139
2 632 484
1 739
0
2 765 338
2 588 591
2 38 278
0
2 132 486
2 137 24
2 653 167
2 38 278
2 224 532
2 628 392
2 556 732
2 218 293
2 356 337
2 627 181
0
2 524 20
0
0
2 716 88
2 407 404
2 432 517
2 96 437
2 590 257
0
0
0
2 636 106
2 488 626
2 726 50
1 429
2 136 267
1 464
2 408 713
0
0
2 321 282
0
2 178 184
2 754 698
2 751 730
0
0
2 372 240
0
2 588 541
0
1 400
2 174 168
2 232 566
1 131
1 405
0
0
2 121 249
0
0
0
2 689 185
0
0
0
2 663 640
0
0
2 679 406
2 373 474
2 679 406
2 233 226
2 468 269
0
0
1 551
0
2 285 523
2 37 359
0
0
2 449 212
2 422 407
0
2 274 756
0
1 273
1 575
2 82 694
1 89
0
2 600 489
1 335
2 308 477
2 594 451
1 344
2 324 298
0
0
2 572 717
0
2 502 19
2 361 52
2 594 451
0
0
2 6 750
0
2 12 361
1 455
2 567 753
0
2 500 86
0
2 328 692
2 547 459
2 251 67
0
0
2 394 695
1 115
2 564 472
0
0
0
1 632
0
2 602 669
2 173 343
2 767 334
0
1 677
0
0
2 143 748
2 696 292
2 162 702
0
0
2 183 12
0
2 541 394
2 712 291
2 150 574
2 293 346
0
2 368 25
2 225 528
1 227
0
2 452 589
1 215
0
1 616
0
0
0
2 687 468
0
0
2 682 255
2 236 172
0
2 59 66
0
0
2 654 17
2 749 318
1 453
2 343 767
0
2 59 66
2 408 713
1 665
1 584
0
0
0
0
1 91
2 114 556
2 305 179
1 99
1 314
2 266 525
2 305 179
2 627 193
2 180 210
2 182 561
2 78 54
2 669 238
2 286 98
0
0
0
2 272 598
2 379 315
0
2 393 699
2 172 49
2 528 87
0
0
2 479 480
2 97 46
2 95 183
1 354
2 280 341
0
0
0
2 295 687
1 7
0
0
2 757 744
2 351 71
2 348 617
0
1 488
2 415 650
0
0
2 454 77
2 699 762
1 471
0
2 749 149
0
2 102 13
2 506 156
0
0
2 712 291
2 212 430
2 620 648
2 604 463
2 553 386
2 465 23
0
2 239 723
2 744 360
2 219 637
2 718 660
2 260 375
2 462 177
0
0
0
2 124 377
2 336 136
2 456 372
0
0
1 380
2 50 142
0
0
1 63
2 742 56
1 307
2 321 282
0
0
0
1 263
0
1 47
2 641 562
2 351 71
1 259
2 545 143
0
2 192 609
0
0
1 614
2 88 569
0
2 146 428
0
0
2 73 326
2 442 203
2 362 379
1 135
0
2 437 393
0
0
0
0
0
2 97 46
2 16 452
0
2 401 675
0
0
0
2 772 625
1 434
2 593 401
0
2 458 655
0
2 644 105
0
2 29 39
0
0
2 520 116
2 376 73
0
2 466 217
0
2 660 119
2 142 173
2 325 376
2 653 167
0
0
0
0
0
0
2 276 221
0
2 768 740
2 550 559
0
2 465 23
2 626 29
2 492 330
0
2 144 140
1 2
0
2 341 564
2 147 107
0
0
2 709 57
2 583 137
2 289 247
0
0
2 562 384
2 764 757
2 516 770
2 386 449
2 176 708
0
0
2 708 381
2 387 508
0
2 484 602
0
0
1 496
2 77 9
0
0
0
2 725 443
0
0
1 631
0
0
0
0
2 86 450
1 705
0
1 531
0
0
0
2 81 600
2 447 258
2 592 262
0
2 75 624
0
1 253
0
0
0
1 537
0
0
2 140 218
2 275 444
2 264 758
0
2 309 157
2 125 93
2 685 724
0
2 622 473
0
2 118 763
2 207 570
0
2 397 646
1 423
0
0
0
0
2 620 648
2 750 62
1 418
2 360 725
2 585 176
2 116 44
0
2 758 768
2 42 236
2 303 681
0
2 103 676
2 266 525
2 119 670
2 404 208
2 606 442
0
2 666 413
2 596 435
2 479 480
0
2 673 42
0
1 610
2 185 696
0
2 298 500
2 443 533
0
2 30 301
0
2 261 457
1 70
2 147 107
2 340 121
0
2 647 491
0
2 149 313
0
0
2 248 352
2 686 318
2 3 8
2 709 57
2 75 624
2 698 547
1 414
2 258 674
2 208 673
2 154 671
2 421 68
2 472 642
0
0
0
2 207 570
2 368 25
2 141 550
2 248 352
1 530
2 542 633
2 267 415
1 76
1 299
2 684 233
2 30 301
0
0
0
1 10
0
2 350 295
0
0
0
0
1 390
0
2 364 110
0
0
2 61 454
0
0
1 440
0
2 604 463
0
2 243 170
0
0
2 339 369
2 151 520
1 200
0
0
2 609 593
2 24 152
2 670 225
2 693 514
2 516 585
2 231 718
2 501 664
1 662
0
0
2 459 513
0
0
2 128 611
0
2 223 26
2 222 155
2 72 577
2 111 714
0
2 628 392
0
0
2 201 605
1 319
2 430 612
2 522 324
0
2 303 681
0
2 56 239
1 109
0
2 772 625
0
2 255 53
2 683 580
0
2 117 485
2 384 222
0
2 515 151
0
2 508 606
2 238 747
2 524 20
2 223 26
1 467
2 671 478
0
1 265
1 656
2 675 684
0
2 563 448
0
2 514 641
2 128 611
2 152 264
0
2 78 54
2 356 337
2 145 340
0
2 732 720
0
2 13 350
2 495 139
2 747 456
0
0
2 644 105
2 269 95
0
0
0
2 663 640
0
0
2 39 243
0
2 252 284
2 367 297
0
2 646 447
2 52 686
0
2 652 519
1 766
2 399 32
2 412 174
0
2 210 458
0
2 535 370
2 17 639
2 426 300
0
0
2 49 322
2 622 473
0
2 629 3
0
2 605 596
2 695 325
2 124 377
1 159
1 603
2 590 257
2 182 561
2 367 297
0
2 578 579
2 612 726
1 122
0
1 14
2 168 760
1 28
0
2 533 770
1 581
2 667 364
0
2 563 448
2 512 629
2 62 4
2 87 512
0
2 161 365
2 554 345
1 294
2 478 764
1 260
0
0
1 666
2 221 241
2 334 522
2 249 60
2 104 100
2 761 693
0
2 155 320
2 347 141
2 333 366
0
0
0
0
0
0
0
2 103 676
2 308 477
1 771
2 740 497
0
2 702 412
0
2 178 184
1 323
1 425
2 760 81
2 685 724
0
2 4 576
1 697
0
2 445 513
0
0
2 375 231
0
0
2 241 245
2 111 714
0
0
2 170 397
2 688 80
2 554 345
0
2 501 664
2 661 256
0
1 347
0
0
2 413 667
2 759 162
2 436 94
1 682
0
2 647 491
1 741
0
0
2 261 457
2 711 188
2 275 444
2 692 145
0
2 43 125
2 738 755
0
1 388
2 765 338
2 720 175
2 366 591
0
2 313 102
2 302 521
0
2 251 67
2 572 717
1 619
0
2 751 730
0
2 595 280
2 655 117
2 683 580
2 217 219
2 44 373
0
0
2 175 336
0
2 272 598
0
0
2 657 43
1 36
0
0
2 93 144
0
0
0
2 485 545
0
2 426 300
2 120 16
2 285 523
2 289 247
1 69
2 499 164
2 502 19
0
0
0
0
2 569 654
2 578 579
2 104 100
2 728 635
0
2 438 198
2 41 735
0
2 762 691
2 250 232
2 674 515
2 566 583
0
2 82 694
2 72 577
0
2 637 534
0
2 302 521
2 711 188
0
2 118 763
1 571
2 37 359
0
2 650 309
2 535 370
2 432 517
1 565
2 592 262
2 661 256
1 353
1 752
2 161 365
1 153
1 311
0
0
2 617 689
0
2 755 582
1 509
0
2 381 154
0
2 497 201
1 537
0
0
2 72 577
2 500 86
2 767 334
2 605 596
0
2 201 605
1 76
2 600 489
2 742 56
2 718 660
2 515 151
2 394 695
2 305 179
0
0
2 44 373
2 426 300
1 89
2 162 702
2 251 67
2 117 485
1 616
0
0
0
2 326 716
2 576 96
0
2 182 561
1 63
2 462 177
2 217 219
1 402
2 622 473
0
0
2 272 598
2 124 377
1 215
2 193 387
0
0
0
2 644 105
2 667 364
0
2 556 732
2 595 280
2 508 606
0
0
2 386 449
1 565
0
2 161 365
0
1 7
0
0
0
2 272 598
2 255 53
2 728 635
2 351 71
2 652 519
1 294
2 119 670
0
2 302 521
2 594 451
0
0
2 78 54
1 682
0
1 619
0
0
2 4 576
0
2 670 225
0
1 418
2 223 26
2 428 61
2 41 735
2 432 517
2 178 184
0
2 315 348
0
0
0
0
0
2 285 523
0
0
0
0
2 137 24
2 75 624
0
1 323
0
2 512 629
2 725 443
0
0
2 422 407
0
2 553 386
2 437 393
0
0
0
2 569 654
1 509
2 542 633
0
1 390
0
1 335
2 368 25
2 347 141
0
0
2 313 102
0
0
2 533 770
0
0
0
2 653 167
2 286 98
1 331
2 261 457
2 248 352
2 499 164
2 661 256
0
0
2 6 750
2 243 170
2 415 650
0
2 50 142
0
2 266 525
2 698 547
1 69
2 132 486
0
0
0
0
1 631
2 75 624
2 170 397
0
0
0
2 384 222
1 109
2 516 585
2 620 648
2 699 762
2 711 188
2 182 561
0
2 636 106
0
1 400
0
0
2 96 437
0
1 99
0
0
0
1 705
0
1 70
2 249 60
2 520 116
2 399 32
2 641 562
1 487
2 144 140
2 506 156
2 751 730
0
0
2 97 46
0
0
0
2 379 315
2 308 477
0
2 373 474
2 387 508
0
2 685 724
2 124 377
2 183 12
2 212 430
0
2 59 66
2 436 94
2 292 180
2 661 256
1 649
2 286 98
0
0
0
0
0
0
2 285 523
2 749 149
0
0
2 592 262
2 340 121
2 17 639
2 622 473
0
2 518 192
2 367 297
2 73 326
0
2 343 767
0
2 462 177
2 350 295
2 333 366
2 627 193
0
2 104 100
0
0
0
0
1 511
2 397 646
2 30 301
0
1 319
2 524 20
2 103 676
0
0
1 14
0
2 772 625
0
0
0
0
2 632 484
0
0
0
2 421 68
2 604 463
0
0
0
2 702 412
0
0
2 522 324
2 269 95
2 325 376
0
0
0
2 276 221
2 118 763
0
0
0
2 528 87
2 459 513
2 566 583
2 653 167
0
2 232 566
0
0
1 227
1 131
2 381 154
2 760 81
2 468 269
2 452 589
0
0
1 48
0
0
2 695 325
0
2 178 184
2 646 447
2 761 693
2 252 284
2 172 49
2 362 748
0
2 594 451
2 364 110
2 669 238
1 662
2 103 676
0
2 499 164
0
1 353
2 39 243
1 200
2 562 384
0
2 501 664
2 42 236
2 8 738
2 545 143
1 610
2 754 698
0
2 655 117
2 679 406
2 408 713
0
2 192 609
2 275 444
0
0
2 590 257
0
2 458 655
1 677
2 264 758
0
2 16 452
2 118 763
2 564 472
0
1 153
0
2 267 415
0
2 534 339
0
2 590 257
2 334 522
0
1 665
2 207 570
0
2 37 359
2 78 54
2 322 754
0
0
0
2 588 591
2 572 717
2 303 681
0
0
2 224 532
2 251 67
1 423
2 762 691
1 36
2 647 491
0
0
2 298 500
0
2 628 392
0
0
0
0
0
0
0
0
2 223 26
2 146 428
2 644 105
0
2 260 375
0
2 176 708
2 407 404
2 41 735
1 571
2 436 94
0
2 612 726
0
1 279
0
2 362 379
0
2 430 612
0
0
0
2 233 226
0
2 366 591
2 438 198
0
0
2 516 770
1 742
2 432 517
0
2 224 532
2 479 480
0
2 609 593
2 744 360
1 584
0
0
2 62 4
2 765 338
0
2 88 569
0
0
0
0
2 514 641
2 399 32
0
0
0
0
2 295 687
0
0
1 2
0
0
2 321 282
2 626 29
2 492 330
0
0
2 696 292
0
0
0
0
2 241 245
2 749 318
2 563 448
0
1 405
0
2 302 521
2 37 359
0
0
2 53 114
2 472 642
2 56 239
0
0
0
1 380
0
0
0
2 768 740
2 147 107
2 38 278
2 671 478
0
2 367 297
0
0
2 757 744
2 82 694
0
2 750 62
2 501 664
2 650 309
2 29 39
2 688 80
1 196
0
2 639 333
2 484 602
0
0
0
0
2 688 80
0
2 524 20
0
0
2 465 23
2 502 19
0
0
2 604 463
2 145 340
2 679 406
0
2 239 723
2 258 674
0
2 684 233
2 38 278
2 174 168
2 466 217
0
1 581
0
0
0
2 547 459
2 454 77
0
0
0
0
2 602 669
2 336 136
2 136 267
0
2 128 611
2 146 226
0
0
2 280 341
2 52 686
1 752
2 567 753
0
0
1 766
0
2 289 247
2 554 345
1 122
0
2 637 534
0
1 496
2 726 50
2 351 71
2 404 208
0
1 115
2 49 322
1 728
2 141 550
2 654 17
0
2 588 541
0
0
0
0
2 412 174
2 541 394
2 635 276
2 617 689
0
0
0
2 478 764
1 603
2 245 761
0
0
0
2 692 145
0
0
2 582 529
2 369 759
2 356 337
2 120 16
2 210 458
2 125 93
2 372 240
0
0
2 341 564
1 135
2 449 212
2 221 241
2 375 231
2 43 125
0
2 356 337
2 24 152
0
2 578 579
2 328 692
0
1 440
0
2 308 477
0
1 739
2 274 756
2 660 119
2 759 162
0
2 173 343
2 712 291
2 61 454
2 140 218
0
2 309 157
2 151 520
0
2 111 714
0
2 161 365
2 683 580
2 456 372
2 413 667
2 142 173
2 114 556
0
1 615
2 720 175
2 559 328
2 506 156
0
0
0
2 751 730
2 447 258
0
2 238 747
0
1 259
2 86 450
2 87 512
2 709 57
2 116 44
2 303 681
0
2 596 435
0
0
0
0
2 443 533
0
2 711 188
2 461 191
1 656
0
1 471
0
2 723 250
0
2 674 515
0
1 632
0
1 299
0
2 593 401
0
0
1 265
0
0
2 708 381
2 445 513
1 434
1 307
2 592 262
2 110 6
2 149 313
2 630 450
1 344
2 27 246
0
2 82 694
2 408 713
2 438 198
2 321 282
1 741
2 764 757
2 628 392
2 128 611
2 218 293
0
2 3 8
1 347
2 77 9
2 738 755
2 627 181
0
0
0
2 248 352
2 502 19
2 578 579
1 314
2 401 675
2 393 699
2 636 106
2 687 468
0
1 666
2 712 291
0
0
2 348 617
2 765 338
1 668
0
0
2 9 518
0
0
2 647 491
0
0
0
2 563 448
0
0
0
0
1 159
2 222 155
0
2 758 768
2 231 718
0
0
2 488 626
0
0
2 252 284
0
2 585 176
2 266 525
2 682 255
2 673 42
0
1 697
0
0
0
2 445 422
1 530
2 550 559
1 531
0
2 185 696
1 260
2 97 46
0
2 152 264
1 354
0
2 554 345
2 747 456
2 567 753
2 30 301
0
2 666 413
2 346 181
0
2 663 640
0
2 693 514
0
2 629 3
0
2 93 144
0
2 652 519
0
1 28
2 275 444
0
2 572 717
1 47
2 289 247
2 606 442
2 675 684
0
2 180 210
0
1 388
0
2 583 137
2 339 369
2 13 350
2 261 457
1 771
0
0
0
0
1 311
0
0
2 485 545
2 207 570
2 535 370
0
0
0
2 104 100
2 143 748
0
2 620 648
2 219 637
1 414
0
1 327
2 27 246
2 465 23
2 150 574
2 716 88
0
2 442 203
0
0
2 685 724
2 72 577
0
1 464
0
1 455
0
0
1 253
2 689 185
2 461 191
1 263
2 81 600
2 495 139
0
2 772 625
2 240 492
2 102 13
2 250 232
2 60 120
0
2 168 760
2 368 25
0
2 208 673
2 709 57
0
2 330 595
0
2 265 466
0
0
1 429
1 453
2 657 43
1 425
0
0
0
0
0
2 111 714
2 479 480
0
1 273
2 740 497
2 274 756
0
2 732 720
2 293 346
2 155 320
1 10
2 12 361
2 495 139
2 542 633
2 421 68
0
0
0
0
0
0
2 324 298
1 138
2 59 66
0
2 755 582
2 132 486
0
2 121 249
2 686 318
0
0
0
0
2 663 640
2 95 183
0
2 150 574
1 55
0
0
2 154 671
1 614
2 236 172
2 376 73
2 683 580
0
2 225 528
2 147 107
1 575
2 360 725
2 426 300
2 175 336
0
1 552
2 305 179
1 551
1 488
2 630 553
1 467
2 361 52
2 535 370
2 203 657
1 91
