884 863 953
1 712
1 217
2 693 429
2 512 38
2 452 463
2 631 316
1 652
1 487
1 51
2 246 478
2 396 36
1 333
1 528
2 696 70
2 686 773
2 79 837
2 747 713
2 370 834
2 856 752
2 122 377
2 631 236
1 85
2 93 412
2 160 638
2 182 688
2 549 338
2 140 672
1 336
2 744 449
2 420 251
2 562 452
0
2 506 64
2 203 4
2 129 403
2 206 302
2 839 332
2 118 813
2 483 44
2 411 586
0
0
2 416 490
0
2 678 693
2 480 793
0
2 408 166
1 185
0
1 75
1 560
2 330 518
2 456 836
2 568 386
2 115 165
2 844 129
2 494 465
1 840
2 372 633
1 570
2 475 212
0
2 345 435
1 326
2 268 852
1 683
2 412 617
2 827 197
2 480 337
2 30 596
1 577
2 264 231
1 390
2 108 560
0
2 369 131
1 807
2 515 608
1 612
2 258 562
0
2 190 233
2 828 376
2 220 224
0
2 322 151
2 313 41
1 137
2 674 616
2 619 710
2 78 58
2 114 460
2 715 791
1 732
2 508 477
0
2 816 177
2 173 574
2 57 762
2 822 443
2 573 203
2 238 734
2 301 3
2 565 166
0
2 58 439
0
1 761
0
2 338 855
2 405 509
0
0
2 449 344
1 356
2 846 162
2 827 523
1 719
0
0
2 567 278
2 725 413
2 558 192
2 194 851
2 158 49
0
2 142 606
2 835 168
2 31 741
2 162 405
1 285
0
2 164 185
2 7 199
1 664
0
2 444 731
2 594 472
0
2 814 540
1 16
2 599 512
0
2 729 350
1 280
2 726 772
1 627
2 114 138
1 318
2 774 436
2 565 8
1 95
2 211 413
1 769
2 443 397
1 833
1 661
2 394 654
0
2 691 817
1 552
0
2 525 642
0
1 551
1 546
2 325 786
2 548 584
0
2 779 293
2 268 852
2 110 654
2 119 808
0
2 312 219
1 218
2 553 192
2 294 777
1 128
2 245 604
2 110 685
1 473
0
2 745 171
2 409 593
1 602
2 813 363
2 721 72
0
1 254
2 551 787
2 417 597
2 27 244
2 80 276
2 524 521
2 64 12
2 66 106
2 422 652
2 125 498
2 752 396
2 637 561
2 285 809
2 302 360
1 20
2 324 208
2 764 170
2 484 564
1 466
2 45 578
1 688
2 375 763
1 50
0
2 236 656
2 860 216
1 690
2 309 474
2 15 273
2 439 447
2 272 623
2 703 729
2 391 284
2 534 526
2 360 579
2 709 167
2 218 783
1 584
1 104
0
1 479
2 582 78
2 386 15
2 317 113
0
0
2 535 154
1 496
2 55 605
1 178
2 342 331
1 127
2 134 502
1 646
1 826
1 770
0
2 746 37
2 647 348
2 46 808
2 248 809
2 423 310
0
2 759 541
0
2 373 68
0
2 22 246
2 298 515
1 603
2 690 711
2 451 703
2 163 663
2 497 673
2 232 239
2 113 582
1 557
2 491 689
2 717 785
1 222
2 674 616
2 202 706
2 469 373
2 269 103
0
1 442
0
2 624 590
2 169 547
2 247 833
2 14 43
1 685
2 176 398
2 40 613
1 722
0
2 859 782
2 60 850
2 96 816
0
0
1 213
2 478 801
1 576
2 395 184
1 715
2 23 706
2 12 57
1 277
2 610 255
2 432 133
2 159 61
0
2 314 506
2 463 139
1 592
1 407
2 734 90
2 857 704
2 574 519
2 410 13
2 433 250
2 847 235
0
2 792 711
2 271 122
2 662 781
2 183 676
2 733 799
2 284 746
2 587 804
1 566
2 349 751
2 769 364
2 279 379
2 73 141
1 618
1 220
2 509 525
2 591 414
2 805 643
2 493 410
2 83 201
1 488
2 644 313
1 378
2 536 288
2 123 157
2 141 759
2 811 622
2 376 709
2 679 228
2 848 315
2 205 625
2 834 634
2 68 35
2 328 25
2 581 42
0
2 677 381
1 178
2 441 457
1 242
2 604 618
1 322
1 191
1 320
2 484 564
2 672 372
2 324 208
2 37 258
2 362 601
2 133 677
1 764
2 191 768
2 770 105
2 436 416
2 660 426
2 245 835
2 748 815
2 121 193
0
0
2 295 441
1 544
2 195 721
2 585 505
2 48 499
2 170 607
2 749 210
2 454 832
2 518 159
2 656 391
2 368 830
1 744
2 310 495
2 761 34
2 779 293
1 211
2 778 384
0
2 490 40
2 590 730
1 450
0
1 548
2 357 295
2 492 1
2 539 383
2 252 863
2 802 354
2 537 227
1 364
0
0
2 609 431
2 580 382
0
2 85 767
1 638
2 790 271
2 234 522
2 606 854
2 719 639
1 404
2 308 444
1 500
1 30
2 350 845
0
2 849 200
2 615 389
0
2 305 312
1 303
2 817 206
1 151
1 700
2 854 290
2 766 756
2 269 103
2 801 96
2 465 155
2 429 686
0
2 799 545
2 158 49
1 431
2 135 304
2 3 831
2 147 819
0
2 149 557
1 32
2 101 346
2 559 828
1 172
1 680
2 722 262
0
2 309 697
1 791
1 758
1 640
2 824 790
0
2 838 6
2 738 93
2 221 1
1 343
1 780
2 623 368
2 760 298
0
2 56 798
2 143 539
2 237 339
0
1 116
2 858 182
2 823 479
2 786 615
0
2 86 400
2 855 317
0
2 351 536
1 629
2 377 28
2 696 70
2 125 644
2 438 425
2 54 291
2 421 143
2 397 423
1 359
2 253 667
2 797 545
0
0
1 488
2 755 620
2 646 21
2 549 183
2 468 566
2 39 121
2 371 276
2 425 371
0
2 726 772
2 321 514
2 486 108
2 117 599
1 217
2 810 73
2 598 811
2 62 511
1 657
1 339
2 13 328
2 109 675
2 457 401
2 553 660
0
2 524 694
2 503 815
2 730 559
2 728 611
2 362 601
2 379 594
2 430 311
2 257 140
2 613 351
2 665 587
1 753
1 16
2 200 427
0
2 476 434
1 123
2 126 247
0
2 841 461
0
1 765
2 101 346
1 229
2 175 66
2 710 766
2 90 253
2 145 665
2 380 238
0
2 387 181
0
2 28 841
2 500 252
0
2 468 848
2 542 297
0
2 804 161
2 567 278
2 803 259
0
0
2 35 199
2 225 34
2 168 735
1 427
2 826 469
2 507 80
2 299 135
2 401 802
2 498 240
2 842 543
2 576 671
2 357 290
2 227 325
2 682 497
2 840 95
1 231
0
2 157 568
2 595 352
2 259 795
2 673 62
2 155 145
0
2 53 329
0
2 426 292
2 825 650
2 288 186
2 111 266
2 740 741
1 794
2 91 783
2 701 388
2 194 740
2 522 805
2 190 614
0
2 812 296
2 69 214
2 472 5
0
1 286
2 174 94
2 414 366
2 495 267
2 215 668
2 188 842
2 440 691
2 299 367
0
1 402
1 491
2 572 221
2 20 713
2 378 670
2 332 859
2 707 112
1 232
0
2 622 330
2 586 43
2 470 417
2 36 289
2 363 821
2 136 636
2 718 738
2 163 663
2 59 598
2 385 836
2 366 577
2 205 625
1 348
1 538
2 172 261
1 619
1 2
2 381 749
2 637 561
2 823 283
2 267 160
2 219 839
2 542 297
2 275 207
2 464 583
2 579 188
2 667 684
1 72
2 189 451
2 743 681
0
2 650 306
2 88 682
2 735 189
0
2 641 532
2 756 22
2 408 179
2 762 380
2 139 82
1 554
2 629 242
2 768 433
2 304 165
2 89 233
2 714 94
2 636 774
0
0
2 179 296
2 210 571
0
2 289 370
2 262 519
2 44 588
0
2 502 281
1 489
1 131
2 393 53
1 717
2 511 440
2 177 476
2 671 788
2 265 632
1 356
2 643 736
2 361 215
1 119
2 608 257
1 750
2 193 856
2 392 111
0
2 595 118
2 235 725
2 593 126
2 776 31
0
2 255 563
1 853
2 748 825
2 382 676
1 668
2 797 803
2 573 544
1 65
2 530 718
2 642 648
2 612 318
2 529 610
0
2 214 464
2 389 260
0
2 745 824
2 281 393
2 130 142
2 645 409
2 830 375
2 798 747
1 456
1 340
2 851 107
2 186 521
2 329 503
2 603 272
2 771 523
2 46 581
2 701 388
2 529 679
2 102 513
1 14
1 195
2 226 558
2 60 850
0
2 354 175
0
0
0
2 17 315
2 795 29
2 273 475
2 392 736
2 780 263
0
2 5 87
2 641 532
0
0
2 434 69
2 602 705
0
2 184 88
2 793 407
2 814 540
1 248
2 620 695
2 737 727
2 59 403
1 796
0
2 38 305
2 11 575
2 580 435
2 335 624
1 153
2 87 335
2 261 653
2 651 724
2 455 307
2 649 105
2 461 846
2 306 530
2 634 733
2 29 39
2 477 146
2 161 737
0
1 4
1 724
2 647 367
0
1 474
2 727 226
1 65
1 442
0
2 9 19
2 526 432
2 517 662
2 41 420
2 455 213
2 712 120
2 617 134
2 61 48
2 27 244
2 695 421
2 731 844
2 775 720
2 821 314
2 83 395
1 152
2 438 569
1 473
2 832 353
2 664 54
2 585 505
2 167 7
2 680 829
2 778 384
2 447 349
2 705 760
2 294 76
0
2 571 483
2 785 750
2 789 459
2 597 678
1 858
2 782 234
2 639 510
2 430 333
2 387 181
2 82 301
2 383 359
1 829
1 21
2 415 588
2 837 130
1 792
1 216
2 845 493
2 609 753
2 32 198
2 196 765
1 781
0
2 11 575
2 633 755
1 453
2 640 91
2 773 537
2 556 400
2 763 534
0
0
2 300 611
2 751 176
2 51 454
2 251 806
1 42
2 263 102
0
2 499 308
2 694 136
2 496 675
2 106 79
2 9 857
2 543 201
2 164 2
2 716 589
2 716 578
2 648 517
2 146 810
0
2 583 97
2 692 109
2 700 861
2 653 279
2 107 470
2 684 352
2 45 394
2 831 838
1 818
2 657 569
2 197 250
2 212 822
2 794 327
2 292 494
2 538 84
2 169 547
2 806 508
2 266 117
2 411 596
2 398 507
2 265 632
2 25 670
2 93 654
0
2 720 265
2 821 743
2 692 517
2 694 733
2 691 778
2 125 350
1 473
2 130 417
2 721 394
1 492
0
2 595 507
2 897 464
2 90 198
0
2 13 361
2 425 784
2 575 360
2 694 811
2 440 215
2 63 655
2 813 686
1 376
2 728 726
2 880 558
2 38 362
2 65 237
2 116 247
2 549 692
2 334 731
2 650 772
1 573
2 828 475
2 915 161
2 139 299
2 711 314
2 358 822
2 535 75
1 724
2 914 855
2 831 298
1 375
2 799 720
2 901 228
1 437
1 241
2 181 416
2 924 167
2 33 874
2 1 687
2 665 537
2 795 239
2 59 470
1 833
2 173 828
2 115 587
0
2 50 842
2 556 30
2 769 698
0
2 706 854
2 678 657
2 670 681
0
2 655 11
2 183 273
2 901 228
0
2 442 850
2 582 629
0
1 858
1 283
2 488 605
1 445
2 458 393
2 869 385
2 319 549
2 701 266
2 289 184
2 571 91
2 48 943
0
2 427 763
2 292 669
1 29
2 148 456
2 252 906
2 736 96
2 286 777
1 468
0
2 635 579
0
2 794 257
2 277 916
2 804 830
2 816 419
1 71
2 805 625
2 614 81
2 525 761
2 562 356
2 96 663
1 712
0
2 490 894
2 726 384
2 826 944
2 858 296
0
2 76 152
2 169 495
2 939 209
2 266 884
2 201 323
2 388 903
0
2 283 406
2 308 65
2 466 106
2 876 827
2 31 280
2 767 450
2 54 616
2 235 268
2 584 555
2 209 826
1 557
0
2 917 236
2 522 455
0
0
2 600 28
2 697 576
2 150 30
2 661 279
2 583 843
2 742 821
1 378
2 424 206
2 294 534
2 688 287
2 710 248
2 286 777
0
2 832 707
1 761
2 514 446
2 98 585
0
2 419 339
2 659 717
1 370
1 538
0
2 16 89
2 870 456
1 748
2 196 723
1 596
2 609 752
2 432 629
2 284 947
2 389 535
2 471 479
2 349 118
2 670 681
2 405 38
0
2 156 712
2 15 770
2 829 272
2 559 106
2 856 864
0
2 660 103
2 405 609
0
1 547
1 760
2 74 839
1 162
2 314 136
2 430 914
2 544 552
0
1 521
2 226 789
2 700 797
2 902 318
2 607 810
2 772 618
2 216 221
1 12
2 651 603
2 784 721
2 779 553
0
2 161 539
2 366 462
1 633
2 887 644
2 467 137
1 685
2 88 686
1 239
2 276 519
2 477 100
1 326
2 811 953
2 641 325
1 896
1 566
2 532 122
2 663 374
2 14 274
2 836 424
2 234 461
2 354 936
2 539 402
2 217 744
0
1 705
1 188
2 179 483
1 608
2 676 736
2 470 532
2 439 719
2 835 174
1 380
1 275
2 4 528
2 708 497
1 921
2 20 872
2 932 518
2 436 200
2 893 577
1 37
1 620
2 584 191
2 788 465
2 506 46
1 195
0
2 735 774
2 309 411
2 62 328
1 889
2 369 489
2 843 569
2 44 130
2 426 458
2 737 364
0
2 504 836
2 764 624
2 666 220
2 835 142
2 719 676
2 613 176
2 253 874
2 619 346
1 376
2 148 508
2 942 766
1 369
2 560 496
0
2 76 152
0
2 43 527
2 395 193
2 321 438
2 659 352
0
2 776 846
2 912 866
1 884
0
2 928 305
2 860 6
2 919 794
2 41 731
1 911
0
2 417 474
2 251 261
2 409 516
1 113
2 297 12
2 618 804
2 591 87
1 494
2 120 481
2 42 293
1 938
2 78 650
2 517 597
0
1 454
2 625 568
2 146 143
1 178
2 324 727
0
2 131 107
2 718 548
2 275 355
2 818 575
2 875 388
2 427 745
2 610 540
2 461 788
2 679 230
1 859
2 329 110
2 295 785
2 166 49
2 412 433
0
2 48 316
2 944 196
1 877
2 24 45
2 623 324
2 340 950
0
2 886 292
2 414 382
2 157 371
2 841 730
2 433 62
2 278 57
2 91 217
2 404 322
2 867 785
2 714 244
2 361 418
1 667
2 27 628
2 262 713
0
2 338 782
2 553 870
2 306 145
2 83 580
2 129 596
0
2 796 632
0
2 542 467
2 558 50
2 633 202
2 465 319
1 282
2 481 338
0
2 796 632
2 387 31
2 707 831
2 258 444
2 660 235
2 790 94
2 381 550
0
2 754 905
2 765 306
0
2 430 671
2 304 311
2 888 800
2 113 7
2 291 725
0
2 537 42
2 953 234
2 636 840
1 493
2 774 32
2 844 277
2 847 349
1 224
2 658 708
2 544 431
2 298 912
2 527 630
1 603
2 640 431
2 389 654
2 212 765
2 321 438
2 868 513
0
2 565 18
2 543 302
2 503 185
2 758 495
1 478
2 775 99
2 385 199
1 2
2 440 215
2 60 29
2 256 818
2 307 523
2 616 588
2 201 323
1 682
2 112 600
1 932
1 890
2 206 77
2 946 150
1 172
2 52 10
2 621 861
2 401 15
1 457
2 89 915
2 455 555
1 948
2 588 598
2 879 451
2 560 496
2 474 919
2 587 397
2 265 897
0
2 540 219
1 280
1 775
1 197
2 81 141
1 778
0
2 802 716
1 227
2 396 891
2 674 571
2 249 186
2 73 410
2 483 869
1 147
2 803 435
2 498 814
2 403 710
0
2 601 256
0
2 421 309
2 500 63
2 192 296
1 652
2 749 850
2 274 636
2 949 426
1 242
1 837
2 19 868
1 100
2 672 382
2 942 98
2 649 656
1 477
2 947 52
2 684 260
2 236 151
2 384 439
2 685 288
2 36 157
1 589
2 360 3
2 792 595
2 651 886
2 693 171
2 722 564
2 102 19
2 339 735
0
2 114 848
2 345 219
0
2 472 61
1 882
2 390 72
2 640 493
2 728 802
1 746
2 695 381
2 734 315
1 315
2 295 253
2 688 287
1 330
2 39 943
2 408 742
1 134
2 741 412
2 140 278
2 638 554
1 683
2 410 95
2 727 27
0
2 145 211
2 559 258
2 21 780
2 607 815
2 643 94
2 630 674
2 494 582
2 690 282
2 49 697
1 589
2 934 880
2 866 36
2 755 679
0
0
2 143 626
2 126 691
2 8 379
1 841
1 187
1 183
2 204 747
0
1 149
2 396 891
0
2 849 216
2 906 879
2 568 114
2 501 755
2 751 805
1 223
2 793 611
0
2 3 204
2 471 479
0
0
2 194 667
0
2 230 357
1 406
2 945 738
1 478
2 153 570
2 713 80
2 617 415
2 268 881
1 907
1 348
2 615 902
2 423 883
2 211 565
1 134
2 351 702
2 365 484
2 212 598
2 302 284
2 933 666
2 514 446
1 165
0
2 730 59
2 320 863
2 738 92
2 220 638
2 397 501
1 913
2 771 622
0
2 444 182
2 768 64
2 371 420
2 26 908
1 512
1 851
0
2 232 898
2 876 171
2 523 24
1 289
1 264
2 353 272
2 809 952
2 576 210
1 946
2 184 896
1 47
0
2 32 391
2 251 620
2 482 351
2 111 16
2 423 883
0
2 331 490
2 35 844
2 352 460
0
1 709
2 299 928
0
2 156 941
1 448
2 57 665
1 518
2 310 226
2 394 885
2 136 144
2 648 940
2 341 500
2 764 624
2 845 140
2 893 718
1 5
2 714 859
1 392
1 167
2 249 823
2 252 626
0
2 782 291
2 317 779
0
2 391 813
2 770 139
2 194 664
2 948 929
2 281 84
2 402 482
2 848 56
2 689 937
2 25 504
1 634
0
2 64 40
2 386 933
2 881 25
2 807 591
2 783 931
2 451 44
2 469 188
2 830 751
2 597 108
2 705 754
2 83 580
1 717
0
2 570 270
0
2 940 832
0
1 313
0
2 725 422
2 429 326
2 885 13
2 510 317
2 822 267
1 613
2 200 536
2 825 756
2 488 605
2 873 771
1 175
2 554 111
2 257 8
2 365 484
2 82 639
2 189 890
2 45 865
2 917 612
1 503
2 393 934
2 155 294
2 550 425
2 9 26
1 364
2 320 711
2 131 107
2 127 187
1 515
2 801 5
2 301 920
2 463 367
2 790 768
2 199 662
2 197 469
2 345 945
2 334 127
1 363
2 594 341
2 723 602
2 787 37
0
0
2 952 281
2 10 67
1 244
2 760 601
2 536 873
2 485 54
2 819 74
2 840 276
2 590 935
2 795 373
1 878
2 827 732
2 420 810
2 622 643
2 737 14
1 739
2 262 428
2 232 898
2 175 839
2 722 564
1 104
0
2 927 466
2 860 6
2 462 556
2 18 849
1 41
1 79
1 267
2 644 617
2 92 646
2 122 769
2 9 865
1 853
0
2 210 526
1 783
1 7
2 817 569
2 379 809
2 162 926
2 47 892
2 516 386
2 69 473
2 279 395
2 377 213
2 72 158
2 581 531
2 845 475
2 533 502
1 907
2 743 401
2 238 592
2 375 704
2 791 43
1 798
2 526 791
2 823 675
2 366 704
2 538 877
2 87 922
2 747 939
2 40 594
2 418 610
2 646 695
2 579 696
2 357 581
2 572 2
1 634
2 240 66
2 506 46
0
0
2 531 927
0
1 746
1 350
0
2 936 120
2 300 875
2 669 116
0
1 653
2 11 436
2 293 888
2 700 69
2 158 102
2 28 173
1 814
2 144 78
2 340 409
0
2 472 61
0
2 181 416
2 534 680
2 304 311
2 744 522
2 745 611
2 658 562
2 374 329
2 926 949
2 856 864
1 460
2 422 358
2 619 346
2 871 70
2 789 799
2 649 656
2 305 307
1 297
2 929 567
2 793 146
2 108 614
2 513 447
0
2 647 245
2 68 837
2 198 485
2 684 260
2 191 125
2 77 623
0
2 767 450
2 922 899
0
0
2 238 592
2 842 390
2 759 1
0
2 464 543
2 117 367
2 519 354
1 750
0
2 192 599
2 110 776
2 524 593
2 247 834
1 137
2 533 910
0
2 800 112
2 815 648
2 4 528
2 221 90
2 126 653
2 702 950
1 510
2 104 170
0
2 602 300
2 696 741
2 894 935
2 84 344
2 70 95
2 547 900
2 675 166
2 732 310
2 56 863
2 88 331
2 141 421
0
2 170 734
0
2 698 816
2 35 851
2 182 115
0
1 133
2 834 635
2 908 408
2 75 606
2 846 615
1 639
2 628 441
2 192 352
2 368 499
2 614 81
0
2 576 210
2 421 309
2 744 522
1 525
2 126 871
2 592 942
2 238 202
2 772 618
2 324 727
2 659 717
2 470 532
1 583
2 887 644
1 37
2 126 653
0
2 647 460
2 451 44
1 297
1 677
2 27 628
0
2 807 700
2 360 3
2 92 646
2 890 457
2 584 171
2 767 450
2 48 316
2 924 164
2 713 667
2 721 394
2 788 465
2 821 743
2 646 695
2 298 912
2 292 669
1 137
2 423 918
2 358 822
2 872 686
2 428 570
0
2 293 888
2 280 142
1 477
2 524 593
0
2 873 771
2 722 564
1 708
2 837 851
2 618 804
2 736 96
2 845 475
2 860 175
2 42 293
2 220 638
2 160 530
2 650 772
1 839
2 849 216
0
2 713 667
2 379 809
1 792
1 382
1 689
2 741 412
2 267 239
2 33 121
1 492
2 802 798
2 676 736
2 221 90
2 615 902
0
2 597 108
2 340 950
0
1 215
2 236 661
2 210 526
2 516 386
1 570
2 625 568
2 838 410
0
2 500 63
1 135
2 514 446
2 474 919
2 84 344
1 177
1 491
2 493 113
2 396 170
1 564
2 496 275
2 242 195
0
2 216 221
2 827 732
2 858 434
0
2 405 609
2 9 26
1 375
2 439 719
2 286 777
1 833
2 213 817
2 908 408
2 320 711
2 503 185
2 852 561
2 695 381
2 818 575
2 841 147
2 891 833
2 651 844
2 127 187
2 932 388
0
2 173 828
2 198 485
2 488 364
2 629 538
2 120 481
2 11 436
2 423 883
2 815 648
2 901 65
1 286
2 517 597
2 934 880
2 412 433
2 485 54
2 102 19
1 560
2 397 501
2 579 696
1 462
2 297 308
2 802 123
0
0
1 762
2 573 596
1 333
2 587 397
2 684 260
2 841 730
2 280 51
2 537 42
2 391 813
2 230 357
2 939 209
2 764 624
2 368 510
2 693 171
0
2 217 744
2 235 268
2 133 395
1 113
0
2 249 264
1 277
2 47 23
2 18 849
2 110 776
2 794 257
2 920 814
2 469 682
2 34 812
1 793
1 649
2 427 763
2 409 516
1 400
2 371 420
0
2 402 482
2 881 25
2 289 246
2 796 632
2 466 106
2 381 550
2 876 55
2 430 671
1 922
0
2 767 450
2 522 455
2 143 172
2 702 950
2 942 343
0
0
2 714 859
2 89 915
1 909
2 633 138
2 850 847
2 291 725
2 98 109
2 769 698
1 53
2 809 952
2 103 824
2 191 578
0
2 829 416
2 15 770
2 316 574
1 296
2 376 7
2 411 943
1 149
1 344
2 531 927
2 543 302
2 88 331
2 929 178
1 53
1 165
2 156 835
1 289
2 305 307
2 131 671
2 694 811
1 100
2 751 805
2 156 355
1 797
1 85
2 83 580
0
2 807 700
2 660 457
2 44 130
2 321 438
1 377
2 659 717
0
2 116 247
1 471
2 568 114
0
2 301 183
2 710 332
2 393 934
2 465 319
2 945 738
2 10 67
2 249 823
1 749
1 722
1 582
2 82 639
2 26 908
2 32 391
2 681 573
2 560 496
0
2 256 818
2 737 14
2 532 122
0
1 948
2 902 318
0
1 406
2 675 166
2 294 922
2 200 536
0
0
2 234 461
0
2 843 529
2 843 51
2 157 371
2 394 885
2 588 598
0
2 444 182
2 847 349
2 856 864
2 212 765
1 483
2 194 664
2 949 426
2 883 716
1 585
2 108 614
2 915 161
1 801
0
2 743 401
2 64 40
2 718 128
2 800 112
1 435
2 735 774
1 929
2 401 15
2 886 292
2 144 78
2 712 432
0
2 384 439
2 459 187
0
2 672 240
2 330 477
2 763 870
1 781
2 633 138
2 302 284
0
2 35 851
2 727 27
2 771 622
2 57 665
1 233
2 139 299
1 492
2 269 327
2 526 791
2 38 103
1 392
2 728 726
2 657 552
1 39
1 584
1 731
2 176 34
2 76 152
2 706 153
2 396 891
2 443 118
1 392
2 374 329
2 424 206
2 866 36
2 56 863
0
2 565 18
0
1 189
2 212 598
1 795
2 513 447
2 161 539
2 706 95
1 690
2 314 136
2 503 185
2 404 874
1 5
1 31
2 274 636
2 488 854
2 885 13
2 734 315
2 558 50
2 617 132
1 487
2 840 276
2 571 91
2 575 360
2 414 427
2 166 49
2 830 751
2 338 782
2 385 199
2 868 513
2 855 658
1 498
2 59 470
2 611 269
2 232 898
2 52 10
2 387 626
2 953 234
2 9 865
2 536 873
2 538 225
2 340 409
2 784 721
2 419 339
2 776 846
0
1 73
2 145 211
1 440
2 828 475
1 415
2 209 826
1 838
2 718 803
2 197 469
2 135 530
2 623 324
2 535 75
2 63 655
1 512
2 691 431
1 68
2 707 831
2 310 226
1 233
2 263 228
2 669 116
2 158 102
2 12 608
2 339 735
1 68
2 734 167
2 258 444
0
2 687 641
2 720 265
1 507
2 99 285
2 936 120
2 315 839
2 8 379
0
2 832 707
0
2 472 61
2 96 663
2 554 111
2 765 306
1 31
2 816 419
2 112 600
2 246 363
0
2 663 374
1 662
2 76 152
2 603 201
2 25 504
2 549 692
1 759
2 593 624
2 878 890
1 373
2 306 145
2 862 447
2 913 296
1 511
2 204 747
1 224
2 692 517
2 952 281
2 115 587
1 685
0
2 746 327
2 369 203
2 732 310
1 877
2 697 576
0
2 435 534
2 122 769
2 257 8
2 635 579
2 130 417
2 608 208
2 901 228
0
2 336 400
2 422 358
2 467 4
1 921
1 39
0
0
2 825 73
2 831 298
2 253 578
2 321 270
2 77 623
2 182 115
2 774 32
2 528 634
2 933 666
2 134 243
2 888 800
2 471 479
0
2 436 200
2 622 643
2 271 544
1 544
2 78 650
2 846 615
2 834 635
2 826 944
1 672
2 638 554
2 742 821
0
2 304 325
2 426 458
0
2 602 300
2 665 537
0
2 348 336
2 420 810
2 307 523
1 892
2 607 810
2 944 196
2 354 936
0
1 677
2 175 612
2 40 594
1 312
2 783 931
1 547
2 519 354
1 275
2 36 157
2 464 543
1 133
2 19 868
0
2 62 328
1 664
2 351 702
2 334 759
2 540 219
2 432 724
2 395 323
2 389 654
1 728
2 191 653
2 151 923
2 870 812
2 559 106
1 775
1 244
1 117
1 762
2 927 466
2 630 674
2 1 383
2 317 779
2 319 549
2 342 904
2 542 467
1 761
0
2 283 406
2 730 59
2 472 61
2 556 460
2 725 422
2 352 190
1 334
1 178
2 592 326
1 365
1 518
2 407 896
2 539 402
2 385 199
2 262 428
2 719 676
2 281 84
2 389 654
2 311 946
2 541 754
2 755 679
2 822 267
2 862 502
2 43 527
2 877 493
0
2 449 778
2 49 697
2 320 863
2 535 75
2 226 789
2 845 140
2 408 742
1 553
2 690 668
2 162 70
2 737 378
1 79
0
2 54 616
1 854
2 458 393
2 775 99
0
2 142 304
2 869 356
2 912 866
2 194 288
2 947 52
2 148 456
2 655 11
1 168
2 252 437
2 390 72
1 612
2 278 57
2 14 274
2 791 43
0
2 415 208
2 710 546
2 611 243
2 83 580
2 301 264
2 694 326
2 82 639
2 50 842
2 361 418
2 429 431
2 648 940
2 317 779
2 813 686
1 201
2 923 312
2 783 931
2 196 723
2 24 45
2 651 886
1 930
2 640 186
2 506 46
2 723 602
0
2 768 64
2 366 407
2 124 69
2 823 675
0
2 168 859
2 811 953
1 170
1 680
2 413 277
2 559 258
2 370 47
2 300 875
0
2 534 12
2 501 755
2 505 913
2 114 848
2 245 164
2 105 905
2 628 441
2 365 484
2 880 558
2 666 220
2 148 518
2 4 528
2 820 937
2 481 338
2 789 799
1 404
2 606 745
2 149 758
2 386 933
1 951
2 848 56
2 405 609
2 265 897
0
2 322 251
1 938
1 896
2 111 16
2 70 218
2 799 720
2 607 815
2 72 158
1 893
1 693
0
1 914
2 861 773
2 232 898
1 202
2 504 836
0
2 162 926
2 644 937
0
0
2 91 217
2 252 906
1 943
0
2 180 123
0
2 498 920
0
1 619
2 594 341
1 857
1 569
1 430
2 483 837
2 682 761
1 533
0
1 287
2 581 531
2 494 569
2 836 424
2 527 630
2 600 28
1 817
2 418 610
2 805 625
2 268 881
2 45 865
2 357 581
2 341 500
0
1 512
0
1 245
1 688
1 65
1 760
2 461 788
2 806 413
2 790 94
2 782 291
0
2 329 110
2 425 784
1 348
1 729
2 842 390
2 879 451
0
2 403 626
2 433 62
2 926 949
2 844 383
2 804 830
2 276 519
2 887 872
2 273 829
2 906 879
0
2 796 632
1 295
2 620 346
2 758 359
2 688 287
2 897 464
2 940 832
2 814 603
2 515 785
1 856
1 658
1 349
1 853
2 875 388
2 928 305
1 67
0
2 619 346
2 284 947
1 797
1 165
2 871 867
2 601 256
0
2 684 260
2 69 88
1 35
2 738 92
1 533
2 345 219
2 590 773
2 610 540
2 440 215
2 417 474
2 211 565
2 345 945
2 679 230
2 523 24
2 247 834
0
0
1 343
2 696 741
2 140 278
2 353 680
2 711 314
2 661 279
2 643 94
2 919 794
2 16 89
1 480
2 691 778
1 489
2 136 144
2 698 816
1 604
2 760 601
2 790 768
2 37 378
2 183 273
2 674 571
2 745 207
2 636 840
2 81 141
2 181 416
0
2 13 361
2 660 235
2 795 373
2 90 198
2 141 421
2 770 139
2 514 446
2 3 204
2 482 351
0
2 28 173
2 206 77
2 747 939
2 107 117
2 867 236
2 172 874
1 860
2 876 827
2 681 410
2 463 86
2 616 588
2 726 384
2 550 425
2 146 21
2 649 656
2 299 928
2 641 668
2 127 924
2 332 311
0
