797 781 965
2 542 265
2 613 195
2 483 758
2 387 62
2 9 45
2 146 38
2 305 457
2 374 18
2 776 273
2 475 432
2 691 108
2 264 284
2 70 598
2 741 673
2 393 480
2 250 145
2 740 748
2 35 221
2 442 229
2 204 326
2 304 538
2 721 685
2 58 778
2 51 740
2 750 227
2 25 389
2 142 462
2 557 370
2 30 147
2 28 300
2 725 549
2 141 36
2 623 611
2 384 695
2 394 461
2 582 493
2 398 126
2 574 372
2 476 694
2 283 488
2 286 616
2 681 621
2 565 717
2 131 293
2 254 528
2 713 278
2 719 438
2 709 677
2 633 425
2 727 534
2 193 716
2 506 376
2 669 607
2 107 727
2 32 109
2 163 416
2 109 66
2 199 60
2 139 728
2 524 190
2 733 161
2 686 482
2 13 762
2 46 286
2 503 671
2 268 271
2 277 608
2 85 55
0
2 438 622
2 516 291
2 313 169
2 340 744
2 359 335
2 680 613
2 744 588
2 580 194
2 246 162
2 638 720
2 108 281
2 22 527
2 736 712
2 640 241
2 584 222
2 757 289
2 724 536
2 774 650
0
2 596 648
2 312 237
2 132 620
2 40 152
2 375 354
2 478 267
2 309 550
2 624 283
2 420 409
2 333 307
2 658 97
2 380 153
2 781 31
2 3 533
2 197 583
2 367 714
2 712 139
2 264 233
0
2 767 314
2 644 249
2 628 188
2 23 98
2 79 649
2 118 171
2 449 626
2 115 258
2 601 154
2 285 528
2 97 345
2 664 137
2 567 651
2 101 763
2 220 28
2 288 155
2 169 771
2 351 5
1 466
2 214 379
2 606 34
1 768
2 373 220
2 435 246
2 700 667
2 778 31
2 473 364
2 314 454
2 637 251
2 587 284
2 99 501
2 138 56
2 81 551
2 477 521
2 498 82
2 588 398
2 686 366
2 614 159
1 218
2 679 52
2 513 439
2 130 17
2 297 242
2 382 765
2 401 561
2 135 754
2 25 696
2 563 23
2 339 120
2 509 136
2 741 655
2 256 486
2 222 433
2 15 403
2 484 456
2 636 156
2 641 5
2 17 110
2 360 574
2 534 518
2 732 679
1 531
2 295 371
2 452 290
2 540 692
2 267 504
2 737 658
2 450 42
1 32
2 539 313
2 232 541
2 441 115
2 397 162
2 556 69
2 695 174
2 770 423
2 16 444
2 324 85
2 327 322
2 433 498
2 253 656
2 487 429
2 311 732
2 647 50
1 564
2 207 554
2 617 412
2 471 664
2 430 106
2 341 216
2 645 708
2 152 405
2 682 311
2 381 181
2 694 576
2 690 20
2 180 347
2 395 332
2 244 565
2 621 12
2 4 399
2 190 79
2 165 542
2 648 277
2 666 81
2 598 753
2 605 168
2 371 665
2 608 393
2 748 572
2 754 91
2 111 175
2 196 128
2 472 299
2 37 421
2 586 103
2 449 390
2 184 212
2 431 733
2 104 653
2 148 226
2 739 328
2 279 662
2 274 8
2 522 523
2 34 238
2 604 22
2 114 487
2 723 187
2 705 689
2 673 119
2 102 301
2 592 404
2 337 338
2 523 735
2 758 577
2 181 346
2 24 596
2 422 734
2 379 530
2 212 197
2 583 676
2 385 774
2 8 192
2 150 392
2 234 670
2 396 387
2 609 638
2 155 590
2 519 414
2 355 657
2 646 369
2 345 6
1 199
2 282 490
2 272 474
2 91 256
2 335 736
2 259 61
2 409 742
2 98 26
2 205 436
2 94 252
2 589 317
1 428
2 281 351
2 419 198
2 229 355
2 402 726
2 391 691
2 507 4
2 154 759
2 522 363
2 289 485
2 405 215
2 486 71
2 562 746
2 649 637
2 590 629
2 116 440
2 494 617
2 541 73
2 187 124
2 195 456
2 618 205
2 685 775
2 167 634
2 470 570
2 538 745
2 203 146
2 581 18
2 260 270
2 317 375
2 520 699
2 157 104
2 457 683
2 27 484
2 697 179
2 753 378
1 54
2 285 368
2 702 582
2 759 514
2 316 130
2 674 362
2 185 729
2 358 299
2 11 776
0
2 147 669
2 176 244
2 512 495
2 323 262
2 132 370
2 775 506
2 235 84
2 564 575
2 76 545
2 365 173
2 504 615
2 282 614
2 699 512
2 69 384
2 546 202
2 273 359
2 172 292
2 597 586
2 772 111
2 38 465
2 342 464
2 362 367
2 650 303
2 194 280
2 177 624
1 189
2 573 602
2 42 321
1 692
2 39 623
2 93 543
2 271 431
2 66 226
2 353 642
2 301 40
1 253
2 610 476
2 112 231
2 319 707
2 159 710
2 619 460
2 501 482
2 662 16
2 468 597
2 20 43
2 290 30
2 701 343
2 239 713
2 12 687
2 160 331
2 128 377
2 64 214
2 716 11
2 595 27
2 87 510
2 668 353
2 447 413
2 581 532
2 446 160
2 502 182
2 216 235
2 651 77
2 248 418
2 738 177
2 227 511
2 763 693
2 208 419
2 703 558
2 56 743
2 318 701
2 357 445
2 170 469
2 510 604
2 89 428
2 710 19
2 652 60
2 158 118
0
2 258 721
2 388 641
2 670 734
2 599 63
2 622 167
2 171 761
2 569 508
2 472 87
2 448 779
2 71 260
2 765 589
2 266 151
2 328 157
2 174 672
2 243 448
2 183 769
2 121 760
2 21 509
2 455 308
2 731 86
2 348 731
2 346 601
2 645 315
2 303 250
2 49 178
2 521 209
2 265 471
2 417 131
2 35 406
2 307 719
2 415 333
2 630 144
2 657 344
2 635 627
2 508 99
2 331 739
2 698 223
2 688 224
2 143 349
2 366 430
2 434 382
2 129 21
2 41 94
2 330 385
2 568 329
2 262 764
2 720 64
2 334 92
2 529 114
2 729 206
2 270 272
2 594 296
2 642 334
2 144 517
2 749 73
2 643 424
2 711 632
2 201 756
2 389 520
2 491 106
2 78 95
2 397 478
2 149 100
2 308 59
2 517 318
2 182 142
2 615 121
2 707 247
2 675 257
2 747 555
2 749 184
2 552 537
2 164 88
2 570 361
2 547 279
2 133 497
2 490 257
2 211 766
2 762 288
2 460 14
2 302 463
2 6 138
2 123 674
2 693 287
2 550 630
2 137 468
2 761 93
2 255 612
2 369 415
2 491 113
2 188 594
2 125 305
2 276 41
2 578 196
2 768 65
2 296 547
0
2 7 652
2 572 176
2 777 341
2 280 420
2 33 185
2 249 297
2 200 165
2 619 117
2 368 677
2 110 350
2 591 569
2 427 777
2 352 316
2 743 507
2 245 752
2 687 394
2 178 647
2 300 631
2 399 605
2 424 148
2 728 466
2 336 714
2 676 516
2 86 643
2 618 363
2 19 80
2 378 217
2 411 678
2 745 443
2 746 656
2 726 24
2 372 515
2 168 116
2 612 496
2 343 245
2 349 525
2 218 198
1 89
2 213 269
2 451 640
2 492 452
2 53 141
2 338 427
2 404 298
2 432 459
2 660 255
2 453 770
2 631 435
2 202 481
2 458 546
1 632
2 661 552
2 444 401
2 92 682
2 134 75
2 445 164
2 437 134
2 26 524
2 475 626
2 489 453
2 58 325
2 416 49
1 150
2 616 535
2 735 337
2 192 562
2 451 587
2 82 70
2 566 373
2 634 65
2 515 259
2 326 302
2 278 663
2 84 513
1 408
2 635 72
2 422 320
2 629 204
2 773 492
2 252 602
2 418 725
2 1 413
2 120 579
2 77 690
2 450 426
2 350 230
2 543 625
2 511 585
2 153 595
2 247 166
2 611 248
2 266 426
2 347 183
2 410 61
2 306 660
2 533 568
2 361 780
2 55 46
2 7 696
2 481 330
2 752 391
2 36 309
2 532 412
2 186 306
2 423 557
2 48 112
2 750 381
2 593 193
2 113 340
2 600 479
2 499 446
2 769 294
2 251 380
2 172 540
2 493 503
2 329 143
2 459 592
2 88 434
2 639 751
2 461 274
2 175 603
2 526 681
2 240 620
2 376 52
2 551 186
2 671 127
2 519 33
2 310 767
2 100 447
2 717 483
2 383 312
2 310 700
2 722 304
2 217 421
2 10 47
2 29 211
2 654 390
2 730 470
2 755 392
2 321 396
2 59 697
2 400 609
2 237 275
2 342 554
2 473 571
2 579 747
2 322 29
2 479 738
2 407 395
2 96 467
2 766 44
2 764 57
2 173 703
2 119 666
2 242 526
2 298 705
2 63 295
2 170 234
2 600 47
2 67 591
2 755 236
2 140 48
2 718 544
2 525 357
2 548 388
2 136 67
2 571 209
1 122
2 653 365
2 425 107
2 364 358
2 683 13
2 436 3
2 689 129
2 780 505
2 236 53
2 135 225
2 730 232
2 560 54
2 203 462
2 332 441
2 68 339
2 463 494
2 505 200
2 80 140
2 474 566
1 213
2 723 105
2 414 292
2 75 553
2 440 243
2 156 210
2 469 633
2 224 327
2 293 773
2 545 323
2 485 207
2 45 704
2 704 688
2 437 667
2 410 68
2 488 400
2 711 553
2 43 578
2 576 407
2 44 659
2 90 577
2 535 101
2 603 684
2 261 644
2 497 254
2 263 715
2 454 158
2 126 724
2 585 315
2 464 599
2 443 706
2 760 239
2 230 661
2 275 575
2 607 324
2 103 348
2 781 417
2 83 539
1 558
2 465 610
2 145 180
2 95 636
2 37 737
2 779 208
2 386 39
2 684 442
2 294 78
1 189
2 537 360
2 742 567
2 127 708
2 403 51
2 709 261
1 123
2 665 352
2 530 698
2 228 408
2 223 718
2 536 83
2 678 319
2 2 96
2 549 489
2 241 563
2 655 573
2 57 757
2 374 151
2 663 559
2 166 556
2 429 646
2 771 502
2 191 402
2 555 386
2 439 702
2 751 102
2 62 455
2 559 606
2 518 15
2 672 383
2 659 163
2 10 675
2 406 14
1 9
1 560
2 219 228
2 514 668
1 225
2 531 336
2 495 125
2 161 74
2 756 772
2 544 122
2 354 133
2 527 529
2 325 580
2 231 76
2 625 268
2 287 233
2 105 269
2 291 593
2 356 219
2 377 149
2 201 627
2 496 639
2 706 210
2 240 2
1 654
2 467 411
2 72 458
2 480 680
2 74 722
2 90 477
2 561 499
2 206 191
2 344 263
2 50 1
2 715 276
2 238 356
1 320
2 628 221
2 179 584
2 495 567
2 182 553
2 169 569
2 421 69
2 313 911
2 128 458
2 550 148
2 897 457
2 673 552
2 594 884
2 288 661
2 624 455
2 125 731
2 79 818
2 809 901
2 926 751
2 905 694
2 259 250
2 919 817
2 612 97
2 343 331
2 541 604
2 180 863
2 812 905
2 582 20
2 228 879
2 836 292
2 468 847
2 398 695
2 555 754
2 518 795
2 885 46
2 538 181
2 165 814
2 725 351
2 562 141
2 787 320
2 431 566
2 115 493
2 834 641
2 772 805
2 273 47
2 310 811
2 98 219
2 280 376
2 260 804
2 48 845
2 58 923
2 139 843
2 199 688
2 631 665
2 797 760
2 18 108
2 303 199
2 225 337
2 519 791
2 512 38
2 922 520
2 522 941
2 626 432
2 702 196
2 54 659
2 943 798
2 480 772
2 780 771
2 743 23
2 198 583
2 763 529
2 517 478
2 845 296
2 287 727
2 545 915
2 607 874
2 249 644
2 408 182
2 874 467
2 559 334
2 647 719
2 302 472
2 661 269
2 547 143
2 453 247
2 709 37
2 463 140
2 855 373
2 157 129
2 762 502
2 864 457
2 113 215
2 60 325
2 902 861
2 393 591
2 402 642
2 945 417
2 17 195
2 857 834
2 936 391
2 944 301
2 36 220
2 414 483
2 896 724
2 744 826
2 733 64
2 396 109
2 247 522
2 237 335
2 824 336
2 3 872
2 656 469
2 515 788
2 534 736
2 563 409
2 96 916
2 530 869
2 363 761
2 585 556
2 636 922
2 220 551
2 120 433
2 51 221
2 953 62
2 156 555
2 340 22
2 915 484
2 554 121
2 418 800
2 750 516
2 862 73
2 41 488
2 427 156
2 217 647
2 355 786
2 715 367
2 886 654
2 872 903
2 149 866
2 330 63
2 233 660
2 130 136
2 765 242
2 859 820
2 204 963
2 467 787
2 78 831
2 211 446
2 841 118
2 177 206
2 508 403
2 15 898
2 191 920
2 854 449
2 230 154
2 400 622
2 228 106
2 703 534
2 43 592
2 405 827
2 79 290
2 272 870
2 140 740
2 362 687
2 150 517
2 194 256
2 276 867
2 898 415
2 127 431
2 688 241
2 880 177
2 361 686
2 178 777
2 192 131
2 918 861
2 417 542
2 279 36
2 540 216
2 897 942
2 55 545
2 526 448
2 122 363
2 503 258
2 329 85
2 814 658
2 803 278
2 899 759
2 643 763
2 338 525
2 740 204
2 716 56
2 663 925
2 792 880
2 68 366
2 188 764
2 40 908
2 734 99
2 774 120
2 536 586
2 345 684
2 689 939
2 591 119
2 201 792
2 443 645
2 493 451
2 132 291
2 33 210
2 231 486
2 266 310
2 47 107
2 640 858
2 432 563
2 364 495
2 215 198
2 203 765
2 731 227
2 701 190
2 777 353
2 583 809
2 694 813
2 622 223
2 683 621
2 470 147
2 934 852
2 318 923
2 769 475
2 229 476
2 19 218
2 835 702
2 382 807
2 133 639
2 888 42
2 497 629
2 779 768
2 662 429
2 73 527
2 81 547
2 349 663
2 323 187
2 531 430
2 818 411
2 496 883
2 239 619
2 711 637
2 429 481
2 568 533
2 645 354
2 846 113
2 844 907
2 516 474
2 218 733
2 64 462
2 535 762
2 768 735
2 914 101
2 424 571
2 930 421
2 927 302
2 22 212
2 577 109
2 937 613
2 226 114
2 551 84
2 172 722
2 90 500
2 444 532
2 223 272
2 644 453
2 764 146
2 391 461
2 736 306
2 294 205
2 6 323
2 955 560
2 929 580
2 269 554
2 618 526
2 817 937
2 224 44
2 137 288
2 544 640
2 556 655
2 662 886
2 373 315
2 213 344
2 870 839
2 14 875
2 409 149
2 212 893
2 21 524
2 11 734
2 931 222
2 455 271
2 638 174
2 766 294
2 604 159
2 553 549
2 949 595
2 331 598
2 53 128
2 153 251
2 171 842
2 560 402
2 437 823
2 617 382
2 148 828
2 419 615
2 712 849
2 227 103
2 956 412
2 940 681
2 82 562
2 655 652
2 876 15
2 802 705
2 492 904
2 760 748
2 359 673
2 569 333
2 695 18
2 666 266
2 234 406
2 789 92
2 176 716
2 159 797
2 2 450
2 102 389
2 699 672
2 557 616
2 542 255
2 90 211
2 823 234
2 85 165
2 28 175
2 552 249
2 868 593
2 286 769
2 651 683
2 458 892
2 168 39
2 246 671
2 502 906
2 334 648
2 881 857
2 653 135
2 756 851
2 216 948
2 588 871
2 504 538
2 597 404
2 23 835
2 575 476
2 200 388
2 883 393
2 659 786
2 489 115
2 435 111
2 45 274
2 446 757
2 830 670
2 660 78
2 629 899
2 758 286
2 291 357
2 131 398
2 720 739
2 65 260
2 107 394
2 564 730
2 147 25
2 465 750
2 665 359
2 439 419
2 298 117
2 816 200
2 326 412
2 756 265
2 499 564
2 390 679
2 684 2
2 221 576
2 850 166
2 623 881
2 422 704
2 62 104
2 52 440
2 802 962
2 136 490
2 327 720
2 61 112
2 691 890
2 117 81
2 487 815
2 757 144
2 801 326
2 386 96
2 101 889
2 761 541
2 445 894
2 782 677
2 282 395
2 620 100
2 916 539
2 268 319
2 934 298
2 960 690
2 839 171
2 449 955
2 737 929
2 42 617
2 658 924
2 5 960
2 283 692
2 71 240
2 380 405
2 932 123
2 627 865
2 649 627
2 354 585
2 369 434
2 906 926
2 339 698
2 785 950
2 567 774
2 650 98
2 819 416
2 301 48
2 307 944
2 308 602
2 613 853
2 91 921
2 319 233
2 730 888
2 938 257
2 254 810
2 821 667
2 330 54
2 189 854
2 657 380
2 347 6
2 770 535
2 34 126
2 92 590
2 472 465
2 377 965
2 794 349
2 904 183
2 842 444
2 742 935
2 388 377
2 602 784
2 8 523
2 514 574
2 225 162
2 10 49
2 879 437
2 185 445
2 452 293
2 503 945
2 360 543
2 123 208
2 784 327
2 679 836
2 255 71
2 274 193
2 372 229
2 167 747
2 8 19
2 877 501
2 324 32
2 595 513
2 491 497
2 477 856
2 693 830
2 289 397
2 798 340
2 506 578
2 252 346
2 84 130
2 832 933
2 104 561
2 195 308
2 433 758
2 539 597
2 728 696
2 114 307
2 185 248
2 788 742
2 773 550
2 436 347
2 825 470
2 213 186
2 935 491
2 300 958
2 280 88
2 813 666
2 442 345
2 648 936
2 275 492
2 469 191
2 507 364
2 653 721
2 956 389
2 415 946
2 714 268
2 232 442
2 392 876
2 490 544
2 50 238
2 394 725
2 698 68
2 754 928
2 858 701
2 574 546
2 941 243
2 500 336
2 462 287
2 865 514
2 766 808
2 144 74
2 103 668
2 746 163
2 598 368
2 875 184
2 44 846
2 566 116
2 190 21
2 696 806
2 739 50
2 667 611
2 59 864
2 851 568
2 151 829
2 464 709
2 909 192
2 312 885
2 637 232
2 619 423
2 884 401
2 76 728
2 29 803
2 928 217
2 175 558
2 745 28
2 921 782
2 277 877
2 759 230
2 965 201
2 416 715
2 112 324
2 841 471
2 306 626
2 594 440
2 706 29
2 180 105
2 791 339
2 939 478
2 805 778
2 481 711
2 735 14
2 464 371
2 963 125
2 57 427
2 635 952
2 116 889
2 97 252
2 804 342
2 450 508
2 355 722
2 91 466
2 586 838
2 893 612
2 912 909
2 815 863
2 166 518
2 379 608
2 592 630
2 576 132
2 540 618
2 946 321
2 404 179
2 396 209
2 483 439
2 193 579
2 181 850
2 259 482
2 210 283
2 358 245
2 895 76
2 826 34
2 513 235
2 529 480
2 407 549
2 558 770
2 238 137
2 46 17
2 669 510
2 749 895
2 278 614
2 793 435
2 582 443
2 365 631
2 248 607
2 9 94
2 603 499
2 692 261
2 866 414
2 708 710
2 141 780
2 126 821
2 401 239
2 32 189
2 479 253
2 351 779
2 621 370
2 485 273
2 155 264
2 371 674
2 242 749
2 771 847
2 577 275
2 573 3
2 543 738
2 811 447
2 509 60
2 573 418
2 605 343
2 668 56
2 121 314
2 783 289
2 12 63
2 375 949
2 882 276
2 948 930
2 208 712
2 723 927
2 325 27
2 168 106
2 222 87
2 630 167
2 525 783
2 94 623
2 152 231
2 383 31
2 397 13
2 590 322
2 616 624
2 411 203
2 920 485
2 423 531
2 395 178
2 691 808
2 9 840
2 596 714
2 882 951
2 67 793
2 348 606
2 611 61
2 868 410
2 827 596
2 832 578
2 70 356
2 807 557
2 843 303
2 41 717
2 828 943
2 205 744
2 430 657
2 235 30
2 951 312
2 400 824
2 375 801
2 258 243
2 53 118
2 486 122
2 505 43
2 346 11
2 30 507
2 74 67
2 532 57
2 704 4
2 468 424
2 820 425
2 785 833
2 524 5
2 292 314
2 890 139
2 810 338
2 219 912
2 672 789
2 315 40
2 911 317
2 317 254
2 184 150
2 358 505
2 641 723
2 145 26
2 357 825
2 451 152
2 13 244
2 675 498
2 778 953
2 370 1
2 75 656
2 856 959
2 680 381
2 903 386
2 320 157
2 717 369
2 39 282
2 368 161
2 240 65
2 321 277
2 27 422
2 108 643
2 475 649
2 896 650
2 781 55
2 188 316
2 892 489
2 751 33
2 293 194
2 318 279
2 690 52
2 697 504
2 1 919
2 261 452
2 172 264
2 501 127
2 461 51
2 708 176
2 687 812
2 58 75
2 256 646
2 353 392
2 474 938
2 873 957
2 257 348
2 129 781
2 163 45
2 385 383
2 795 706
2 37 703
2 162 387
2 322 855
2 80 822
2 342 700
2 579 329
2 925 226
2 484 390
2 158 224
2 747 697
2 403 82
2 253 496
2 69 932
2 700 862
2 241 362
2 924 509
2 244 519
2 689 819
2 599 86
2 313 265
2 296 387
2 441 873
2 652 816
2 512 246
2 891 482
2 406 773
2 196 214
2 49 651
2 606 251
2 642 477
2 143 794
2 105 559
2 111 699
2 179 743
2 245 957
2 852 471
2 727 365
2 752 441
2 25 360
2 10 600
2 806 479
2 161 600
2 155 385
2 88 891
2 31 746
2 466 745
2 901 408
2 214 605
2 530 753
2 154 603
2 183 158
2 853 680
2 366 379
2 381 436
2 527 752
2 361 20
2 515 138
2 849 463
2 366 379
2 155 385
2 205 744
2 544 640
2 554 121
2 551 84
2 459 914
2 779 768
2 313 87
2 78 316
2 665 359
2 47 107
2 828 943
2 95 162
2 241 362
2 629 899
2 15 898
2 7 498
2 757 144
2 132 291
2 657 380
2 81 547
2 703 534
2 44 846
2 228 553
2 736 306
2 439 419
2 156 555
2 525 783
2 131 398
2 620 258
2 738 236
2 577 275
2 862 73
2 721 207
2 885 46
2 318 608
2 128 458
2 697 504
2 883 393
2 436 347
2 540 216
2 291 357
2 397 13
2 313 911
2 529 480
2 264 135
2 67 793
2 791 339
2 68 366
2 687 812
2 177 206
2 951 312
2 832 284
2 763 529
2 130 136
2 590 322
2 180 726
2 123 208
2 225 851
2 304 722
2 421 69
2 282 395
2 472 465
2 265 498
2 250 271
2 827 596
2 358 505
2 329 85
2 963 125
2 870 839
2 91 466
2 636 207
2 196 214
2 438 646
2 111 699
2 221 576
2 261 452
2 432 563
2 144 74
2 203 765
2 204 963
2 129 781
2 2 450
2 643 763
2 627 865
2 934 298
2 324 32
2 897 724
2 753 961
2 622 223
2 377 965
2 539 597
2 347 6
2 452 293
2 385 383
2 36 220
2 534 736
2 319 233
2 360 543
2 778 953
2 253 496
2 769 475
2 617 382
2 511 587
2 760 878
2 843 303
2 288 661
2 169 737
2 898 415
2 651 683
2 793 435
2 185 248
2 794 349
2 122 363
2 190 21
2 852 473
2 386 96
2 818 411
2 43 592
2 255 71
2 606 251
2 610 868
2 568 187
2 406 773
2 787 320
2 771 847
2 470 147
2 430 657
2 876 15
2 650 98
2 815 457
2 642 477
2 802 837
2 400 808
2 405 827
2 120 433
2 84 130
2 247 522
2 74 67
2 312 885
2 679 836
2 126 821
2 308 602
2 926 751
2 53 128
2 398 695
2 574 546
2 25 360
2 410 832
2 940 197
2 393 591
2 414 483
2 585 556
2 340 22
2 194 256
2 42 617
2 903 386
2 211 446
2 499 564
2 702 196
2 647 719
2 244 519
2 112 324
2 507 364
2 193 579
2 710 145
2 701 190
2 545 915
2 691 151
2 96 916
2 869 399
2 557 616
2 814 658
2 683 621
2 813 666
2 623 881
2 339 698
2 712 849
2 751 33
2 443 645
2 390 679
2 210 283
2 8 19
2 275 492
2 242 749
2 512 100
2 515 788
2 549 12
2 626 432
2 183 158
2 768 735
2 365 631
2 559 334
2 182 553
2 825 470
2 218 733
2 471 718
2 184 913
2 30 507
2 10 295
2 28 175
2 53 801
2 893 612
2 766 294
2 904 183
2 315 40
2 690 52
2 506 528
2 161 600
2 783 289
2 19 218
2 561 468
2 465 750
2 311 246
2 345 684
2 103 668
2 913 86
2 752 441
2 427 156
2 636 599
2 463 140
2 938 257
2 254 810
2 844 724
2 530 202
2 41 202
2 441 873
2 919 817
2 946 321
2 435 111
2 537 852
2 512 653
2 776 328
2 684 2
2 882 951
2 60 325
2 73 527
2 240 65
2 155 548
2 709 37
2 191 920
2 524 5
2 666 266
2 739 50
2 217 647
2 274 193
2 181 850
2 656 469
2 906 926
2 149 866
2 6 323
2 693 256
2 856 959
2 76 728
2 223 272
2 101 786
2 363 761
2 116 889
2 839 171
2 58 75
2 789 92
2 853 680
2 939 356
2 495 567
2 568 459
2 945 417
2 179 743
2 775 530
2 171 842
2 743 23
2 842 444
2 673 552
2 351 779
2 325 27
2 381 436
2 215 198
2 260 804
2 491 497
2 334 648
2 661 269
2 90 676
2 857 834
2 150 38
2 369 646
2 480 772
2 104 561
2 798 340
2 855 373
2 192 131
2 287 727
2 796 285
2 98 219
2 692 261
2 395 178
2 742 935
2 469 191
2 619 423
2 12 593
2 555 754
2 496 883
2 97 252
2 502 906
2 605 343
2 773 550
2 749 895
2 944 301
2 932 123
2 46 17
2 573 841
2 201 792
2 509 60
2 55 545
2 3 872
2 599 267
2 392 876
2 955 560
2 784 327
2 163 45
2 670 921
2 216 948
2 338 525
2 672 789
2 108 643
2 180 105
2 612 97
2 810 338
2 888 42
2 34 126
2 558 770
2 564 730
2 231 486
2 307 944
2 388 377
2 249 644
2 785 250
2 481 711
2 711 637
2 505 43
2 248 607
2 442 345
2 168 448
2 720 739
2 613 853
2 220 551
2 645 354
2 33 210
2 475 649
2 821 667
2 415 946
2 269 554
2 353 392
2 816 200
2 402 642
2 817 937
2 527 752
2 611 61
2 756 243
2 552 249
2 501 127
2 595 513
2 262 878
2 523 426
2 150 245
2 807 557
2 847 528
2 262 808
2 659 280
2 226 114
2 671 713
2 178 777
2 431 566
2 57 427
2 387 468
2 560 402
2 797 760
2 147 25
2 227 103
2 750 516
2 866 414
2 582 443
2 189 854
2 924 509
2 85 165
2 770 535
2 747 697
2 930 421
2 263 378
2 228 879
2 426 330
2 238 137
2 146 753
2 583 809
2 394 725
2 152 231
2 948 930
2 503 142
2 467 787
2 640 858
2 641 723
2 759 230
2 158 224
2 362 687
2 239 619
2 591 119
2 245 864
2 451 152
2 873 957
2 936 391
2 358 146
2 31 746
2 734 99
2 379 608
2 902 549
2 114 307
2 519 791
2 896 650
2 850 166
2 52 440
2 648 936
2 668 56
2 93 186
2 803 278
2 514 574
2 139 843
2 72 961
2 637 232
2 829 676
2 663 925
2 352 176
2 23 835
2 594 884
2 140 740
2 32 189
2 928 217
2 294 205
2 410 908
2 48 845
2 508 403
2 21 524
2 486 122
2 1 919
2 598 368
2 899 759
2 61 112
2 603 499
2 543 738
2 5 960
2 119 506
2 540 290
2 464 548
2 909 192
2 706 29
2 872 903
2 69 932
2 860 917
2 550 148
2 466 745
2 884 401
2 316 571
2 725 351
2 836 292
2 252 346
2 168 39
2 458 892
2 941 243
2 383 31
2 433 758
2 691 890
2 375 949
2 567 774
2 934 729
2 87 570
2 444 532
2 594 438
2 489 115
2 413 151
2 503 945
2 9 94
2 809 901
2 175 558
2 660 78
2 811 447
2 419 615
2 373 315
2 272 870
2 349 663
2 834 641
2 795 706
2 295 447
2 185 708
2 912 909
2 562 141
2 346 11
2 234 406
2 696 806
2 477 856
2 740 204
2 154 603
2 956 790
2 233 660
2 484 390
2 141 780
2 417 542
2 235 30
2 159 797
2 490 544
2 268 319
2 380 405
2 298 117
2 26 89
2 823 234
2 450 508
2 655 652
2 566 116
2 462 287
2 602 784
2 688 241
2 577 689
2 879 437
2 494 292
2 662 206
2 662 429
2 306 626
2 667 611
2 920 485
2 547 143
2 722 848
2 143 794
2 516 474
2 628 584
2 572 785
2 744 826
2 199 688
2 805 778
2 157 129
2 877 501
2 343 331
2 781 55
2 717 72
2 300 361
2 364 495
2 597 404
2 348 606
2 699 672
2 745 28
2 935 491
2 276 717
2 518 795
2 17 195
2 765 242
2 277 877
2 413 270
2 40 908
2 167 747
2 579 329
2 278 614
2 7 16
2 342 700
2 389 246
2 230 154
2 735 14
2 37 703
2 737 581
2 266 310
2 532 57
2 461 51
2 826 34
2 714 268
2 949 595
2 93 841
2 694 813
2 511 138
2 127 431
2 27 422
2 493 451
2 664 445
2 357 825
2 592 630
2 105 559
2 420 565
2 82 562
2 733 64
2 849 463
2 488 638
2 286 769
2 471 309
2 874 467
2 449 955
2 22 212
2 596 714
2 401 239
2 727 365
2 788 742
2 483 439
2 846 113
2 758 286
2 125 731
2 39 282
2 9 280
2 354 585
2 952 106
2 621 370
2 117 81
2 858 701
2 700 862
2 18 108
2 198 583
2 723 927
2 892 489
2 538 181
2 728 696
2 408 182
2 90 211
2 542 255
2 772 805
2 11 734
2 766 964
2 572 764
2 681 520
2 273 47
2 845 296
2 504 538
2 881 857
2 404 179
2 600 933
2 56 95
2 515 580
2 212 893
2 195 308
2 754 928
2 921 917
2 890 139
2 950 455
2 91 142
2 293 194
2 409 149
2 927 302
2 806 479
2 464 709
2 942 101
2 200 388
2 865 514
2 75 656
2 41 685
2 925 226
2 698 68
2 113 215
2 563 409
2 762 502
2 51 221
2 719 523
2 382 807
2 236 571
2 258 897
2 875 184
2 937 613
2 279 36
2 13 244
2 895 76
2 321 277
2 497 629
2 804 342
2 774 120
2 777 353
2 411 203
2 333 800
2 652 816
2 695 18
2 871 420
2 780 771
2 658 924
2 79 818
2 614 715
2 476 889
2 64 462
2 309 330
2 746 163
2 880 177
2 901 408
2 485 273
2 965 201
2 148 828
2 370 1
2 541 604
2 344 654
2 107 394
2 317 254
2 531 430
2 576 132
2 137 288
2 628 355
2 62 104
2 115 493
2 165 814
2 887 942
2 208 712
2 474 938
2 437 823
2 775 664
2 327 720
2 403 82
2 616 624
2 911 317
2 423 531
2 368 161
2 45 274
2 106 708
2 58 454
2 446 757
2 776 625
2 453 247
2 65 260
2 133 632
2 680 381
2 631 665
2 310 811
2 257 348
2 301 48
2 302 472
2 761 541
2 214 605
2 677 844
2 320 157
2 166 518
2 224 44
2 303 199
2 522 941
2 492 904
2 375 24
2 649 627
2 792 880
2 835 702
2 389 671
2 429 481
2 644 453
2 318 279
2 94 623
2 730 888
2 812 905
2 79 267
2 391 461
2 136 490
2 607 874
2 331 598
2 14 875
2 630 167
2 905 694
2 8 197
2 582 569
2 479 253
2 50 238
2 731 227
2 400 622
2 882 229
2 10 49
2 322 855
2 425 473
2 556 655
2 71 240
2 916 539
2 943 798
2 953 62
2 92 590
2 854 449
2 289 397
2 573 3
2 478 741
2 283 692
2 29 803
2 915 484
2 49 651
2 219 912
2 535 762
2 604 159
2 359 673
2 232 442
2 715 135
2 960 690
2 513 235
2 896 682
