943 953 929
2 848 399
2 303 774
2 111 670
2 153 691
0
2 137 531
2 425 938
2 666 133
2 340 554
1 222
2 594 931
2 349 259
2 24 599
2 359 849
1 235
2 362 501
2 334 140
2 829 685
2 10 283
1 42
2 185 93
2 36 552
2 80 428
0
0
2 787 162
2 553 13
1 117
2 180 345
0
1 441
1 720
2 735 245
1 417
2 266 421
1 612
0
1 769
2 261 179
2 226 901
2 686 923
2 593 490
2 12 644
2 720 606
2 530 740
0
0
1 905
2 930 279
2 561 640
0
2 764 467
1 481
2 810 314
1 5
0
1 573
1 181
2 23 212
1 94
0
0
2 234 263
0
2 518 949
2 365 346
2 813 327
2 661 707
2 728 839
0
2 385 98
0
0
2 800 303
0
2 825 610
1 579
0
2 245 647
2 834 54
1 15
0
0
2 807 937
1 323
2 154 682
1 771
1 802
2 250 926
2 917 331
0
2 379 178
0
0
1 877
1 52
2 246 848
2 278 36
2 936 518
1 353
2 205 119
1 909
0
2 164 400
2 266 421
2 243 192
2 508 591
2 310 633
1 432
2 390 794
0
2 857 53
2 379 178
1 466
2 554 530
0
2 700 491
0
2 113 72
0
1 546
0
2 169 25
2 653 227
0
1 117
0
2 568 893
2 627 907
0
2 99 615
2 177 141
2 373 9
1 5
2 382 321
2 667 142
1 96
1 551
1 206
2 757 836
2 406 744
0
2 368 681
2 730 745
0
2 119 587
2 896 641
2 666 133
2 476 230
2 472 20
1 256
1 923
2 801 412
2 223 646
0
0
2 857 53
0
0
0
2 845 190
0
0
0
1 108
0
2 215 329
1 465
0
0
1 416
1 17
0
2 69 597
2 801 564
2 526 110
2 620 64
2 775 856
2 873 450
2 175 879
2 49 479
2 877 782
2 405 177
1 766
2 171 14
2 464 514
1 517
1 375
2 805 218
1 456
1 524
2 586 832
2 828 59
2 79 734
1 528
0
0
1 309
2 321 571
1 39
2 431 812
0
2 377 576
2 157 344
2 834 365
2 508 591
0
2 505 83
0
2 18 45
2 233 881
2 937 157
2 559 784
2 741 875
1 469
2 664 719
2 671 925
0
0
2 360 81
2 227 822
0
1 619
2 740 850
2 763 678
2 783 358
1 884
1 295
2 864 872
2 640 837
2 352 265
2 808 743
0
2 794 519
1 463
2 347 757
2 587 890
2 760 620
0
2 688 504
0
2 106 260
2 62 804
2 86 929
0
2 889 408
2 793 48
1 326
1 152
1 803
1 238
0
0
2 485 199
2 731 948
0
2 211 46
2 12 644
1 212
2 486 483
0
2 115 662
2 270 505
2 920 826
2 173 377
2 214 582
2 829 685
2 789 498
2 337 152
1 844
1 154
2 372 338
2 395 366
2 716 561
2 726 356
1 885
1 943
0
2 497 193
2 647 1
2 149 105
0
1 859
2 150 402
0
0
2 60 208
2 914 541
2 742 765
2 675 673
2 15 336
2 836 151
2 171 14
2 681 916
1 863
2 893 307
2 254 75
1 888
1 798
2 61 642
2 762 672
2 509 168
0
2 158 739
2 23 109
0
0
2 689 125
1 548
0
2 24 599
2 60 563
2 217 394
0
1 449
2 385 98
0
2 892 8
2 865 798
0
1 597
1 778
0
2 431 223
2 164 400
0
2 248 951
2 569 600
0
2 287 137
2 176 339
2 155 269
0
2 285 330
0
2 808 743
0
1 409
2 29 111
1 816
2 600 706
1 66
1 665
2 918 335
2 410 737
2 73 296
2 699 557
1 471
2 457 668
2 658 77
0
1 433
2 392 756
0
0
0
1 873
2 567 523
2 155 269
2 1 590
1 636
1 860
1 714
2 9 667
1 473
2 489 347
2 402 705
2 472 20
1 41
0
2 62 804
2 422 121
2 479 539
2 198 728
2 264 754
2 737 312
0
2 850 869
2 386 88
0
0
0
2 403 268
1 817
0
2 451 141
2 162 299
2 933 924
2 93 341
1 780
0
2 682 32
2 531 85
0
1 77
2 941 308
1 87
2 552 61
2 235 156
2 903 355
0
2 748 793
2 339 462
0
2 45 384
2 550 820
2 576 37
0
1 843
1 116
2 262 819
1 273
1 521
0
1 904
0
0
2 40 658
1 696
0
2 232 191
1 398
1 401
1 713
2 305 910
2 586 634
2 934 677
2 72 540
2 103 348
2 678 917
2 822 435
2 392 756
2 916 858
2 483 854
1 870
1 302
2 949 277
0
2 484 130
0
1 796
1 44
2 438 2
0
2 260 871
2 590 792
2 284 489
1 104
0
1 671
2 930 279
2 267 772
2 265 316
2 636 408
2 948 653
2 99 313
2 354 144
0
1 188
0
2 498 786
2 187 558
2 642 815
2 833 205
2 706 718
1 516
2 255 405
2 799 674
1 336
2 56 201
2 782 470
2 244 457
2 626 435
2 603 286
2 626 200
2 67 758
1 110
0
2 908 787
2 878 710
2 454 549
2 819 106
2 3 251
2 332 183
2 633 208
1 415
0
1 750
2 103 348
1 700
2 448 47
2 78 688
0
2 425 938
0
2 153 691
2 286 648
2 37 862
2 770 158
0
2 583 120
1 533
2 927 880
0
0
2 271 601
2 905 522
1 295
0
2 229 373
2 525 732
1 884
2 403 268
0
0
0
2 193 135
2 786 354
2 90 771
1 420
2 239 536
2 267 112
2 734 86
1 225
2 341 899
2 138 687
2 165 33
2 211 46
2 254 824
1 464
2 43 897
0
2 811 813
2 570 515
0
2 50 562
2 613 602
2 500 275
0
1 182
2 932 654
2 529 500
2 217 394
1 231
2 253 486
1 701
2 868 363
2 570 515
0
1 242
1 430
0
2 765 352
2 356 593
0
2 307 497
2 360 81
0
2 725 79
2 928 78
2 635 325
2 739 128
1 124
2 533 309
2 718 165
0
2 41 27
0
2 287 283
2 487 368
0
2 166 55
2 188 945
1 355
0
2 774 525
2 407 258
0
2 684 908
2 166 55
2 26 703
0
2 128 763
2 907 49
2 868 363
1 538
1 52
2 609 185
2 316 73
2 305 910
2 851 738
1 512
2 67 758
2 32 578
2 126 262
2 858 284
2 299 29
2 649 719
1 623
0
2 21 198
2 76 204
2 532 439
0
1 874
0
2 274 583
2 121 811
1 182
0
2 35 88
1 132
0
0
0
1 885
0
2 190 448
2 144 340
2 64 97
0
0
2 264 754
0
1 628
1 942
2 762 742
2 547 894
2 371 509
2 945 422
1 751
2 362 501
2 396 659
0
2 676 147
2 125 255
2 925 410
0
2 174 584
1 367
2 768 173
2 645 414
1 894
2 296 487
2 462 845
1 566
2 540 436
2 553 13
2 330 759
2 578 605
1 572
0
2 730 745
1 342
2 639 112
2 851 738
1 242
0
2 8 350
2 699 557
2 953 109
0
2 712 828
2 314 914
2 199 172
0
2 22 427
2 454 549
2 899 918
0
0
0
0
2 17 369
0
2 519 928
0
2 596 842
2 559 572
2 504 692
1 761
1 132
2 312 288
2 837 56
1 721
1 768
1 411
1 122
2 648 187
1 952
2 571 80
2 33 493
2 50 562
1 523
1 156
1 823
1 619
2 764 467
1 883
2 346 627
1 726
2 428 556
0
0
0
1 604
2 759 371
1 459
2 437 891
2 54 243
2 723 529
2 149 105
2 331 7
2 335 246
0
1 74
0
0
2 7 215
0
2 275 276
1 832
1 232
0
0
0
2 545 10
2 827 735
0
2 300 785
0
2 864 872
2 555 725
2 932 654
2 805 218
2 57 689
1 911
2 558 741
1 511
1 911
2 327 922
2 276 927
1 449
0
1 74
2 130 440
2 97 69
1 44
0
2 732 788
0
0
2 372 338
0
2 315 614
2 436 810
2 922 568
2 151 672
2 862 239
2 856 789
1 900
2 839 57
0
0
1 241
2 876 328
1 224
1 139
1 357
2 120 270
0
2 426 124
2 406 744
2 440 3
2 135 807
1 507
2 876 328
2 395 366
2 890 760
1 796
2 788 21
2 180 345
2 70 496
0
2 300 382
2 929 404
2 936 83
0
1 673
2 349 259
2 248 951
2 414 434
0
0
2 282 543
2 623 715
2 271 601
2 556 770
0
1 447
0
2 940 779
2 670 390
1 196
2 539 150
1 202
2 641 526
1 465
2 783 358
0
1 236
1 622
2 142 712
2 438 2
0
1 104
1 51
2 815 920
2 612 291
2 89 729
0
0
2 821 247
2 174 584
1 214
2 933 924
1 840
2 493 18
2 463 87
0
2 325 799
0
2 407 258
2 476 230
0
2 391 731
1 886
2 319 172
2 826 892
0
1 546
0
2 437 891
2 22 427
0
1 196
2 277 229
1 708
0
2 541 594
0
2 692 812
2 854 126
2 656 176
2 605 775
2 628 253
0
0
2 560 310
0
0
2 89 729
1 485
0
2 378 863
1 776
0
1 16
2 878 710
2 492 143
1 216
2 589 350
2 779 635
2 59 274
0
2 469 752
1 439
0
2 329 785
0
2 646 684
2 895 290
2 26 703
0
1 816
1 430
2 169 183
0
2 396 659
1 94
2 674 545
0
1 160
0
2 792 656
0
0
0
2 233 881
2 484 47
0
2 451 800
0
2 875 934
2 821 247
0
0
2 871 723
2 705 716
1 6
0
0
2 677 569
0
2 753 882
2 563 113
2 200 555
2 606 676
2 869 175
0
2 931 560
2 536 833
2 369 748
2 952 603
2 234 263
2 511 897
1 66
0
2 168 940
2 282 543
2 251 827
2 695 134
2 844 322
2 147 278
2 661 707
0
2 404 391
2 115 662
0
2 48 609
2 85 285
0
2 849 181
2 808 868
2 537 21
2 806 14
2 57 359
0
2 595 346
2 324 432
2 146 363
2 503 563
0
2 789 533
2 454 513
2 217 515
1 154
1 168
2 15 341
2 301 674
2 648 896
2 747 185
2 53 596
2 195 452
2 398 31
2 158 344
1 119
0
2 897 767
2 582 539
0
2 36 486
1 282
2 443 544
2 120 105
2 640 203
2 863 199
2 711 772
2 677 474
2 443 51
1 501
2 749 318
0
2 145 248
0
2 309 833
2 120 124
2 687 449
0
0
2 12 657
2 490 453
2 514 362
0
2 396 585
1 521
2 572 581
0
0
1 199
1 793
2 263 169
1 175
0
0
1 202
0
2 681 658
2 378 762
2 737 591
2 125 357
2 410 637
2 577 266
2 545 302
1 392
0
2 715 537
1 578
1 814
1 328
0
2 203 460
1 417
1 714
0
1 610
2 506 405
1 834
2 412 325
2 428 192
0
1 547
2 136 93
0
2 348 620
0
2 471 887
0
2 559 102
2 695 808
2 893 398
2 275 681
0
2 361 673
0
0
2 196 97
2 711 772
1 353
1 882
2 25 618
2 418 9
2 40 632
0
2 884 365
2 348 620
2 827 400
2 563 687
2 660 321
2 191 890
1 887
2 704 739
0
1 9
0
1 792
2 20 495
0
1 901
1 497
2 115 491
2 684 615
0
2 915 752
2 525 459
2 142 795
0
2 273 614
2 30 215
0
1 505
2 5 494
2 234 457
2 55 415
0
2 182 306
2 372 647
0
2 673 50
1 675
2 146 363
2 479 210
2 140 295
0
1 248
1 641
2 734 63
0
0
2 884 365
0
0
1 399
2 534 552
1 665
2 192 269
0
1 761
0
2 438 251
0
0
0
0
1 836
2 45 799
2 408 467
1 340
2 433 222
2 913 174
2 656 908
1 831
2 445 483
2 381 308
1 421
2 59 525
0
2 652 624
0
0
1 168
2 869 366
0
0
2 735 926
2 160 326
2 556 390
0
0
0
0
2 614 8
2 126 922
2 161 759
0
2 912 854
2 568 135
2 417 378
2 531 882
2 579 769
2 72 207
0
2 107 768
2 541 82
2 405 568
2 446 800
2 76 686
2 645 71
2 622 492
2 176 153
2 164 127
0
2 817 879
2 495 891
0
1 904
2 449 37
2 249 543
2 13 783
0
2 209 211
2 874 27
2 362 271
2 719 654
2 416 281
0
2 632 283
0
2 798 234
2 50 663
2 322 913
0
2 635 265
1 42
2 34 623
1 848
2 586 58
0
2 179 392
2 529 864
2 886 538
2 790 64
0
0
0
0
0
2 245 382
0
1 238
2 309 833
1 698
2 727 621
1 216
2 73 235
2 180 72
2 853 770
2 638 912
1 757
2 648 896
2 369 725
2 790 64
2 70 524
2 412 240
1 237
2 296 99
2 530 514
2 216 694
0
0
0
2 254 74
2 460 900
2 247 49
1 165
0
2 877 133
0
2 769 792
2 775 566
2 480 917
2 860 842
0
0
2 457 75
2 652 284
2 306 469
2 690 791
2 491 784
2 512 189
2 774 84
2 852 39
2 337 766
2 143 170
2 732 373
1 377
2 787 458
2 263 169
1 270
1 813
2 519 746
1 456
1 598
2 217 515
2 775 198
2 871 755
0
0
2 545 302
1 422
2 61 43
2 535 477
0
0
1 682
0
2 161 734
2 196 97
0
2 371 91
2 352 782
0
2 604 595
2 511 347
2 708 4
0
2 903 252
0
2 416 281
0
1 305
2 442 806
1 79
2 782 178
1 816
2 45 213
2 123 342
0
2 786 630
2 232 156
2 26 819
1 608
1 475
2 894 440
1 197
2 776 303
0
0
0
1 685
0
2 60 233
2 900 712
2 16 121
0
2 870 910
2 795 30
1 256
2 597 798
2 133 463
2 140 295
2 866 484
1 631
2 848 327
2 691 840
2 308 430
2 594 410
1 6
2 914 753
1 799
2 37 103
1 822
1 456
1 439
0
2 404 163
2 685 364
1 918
2 929 459
2 767 312
1 379
2 452 355
1 665
0
2 325 129
2 346 592
0
0
0
0
2 31 337
2 553 801
2 823 872
0
2 435 529
2 347 865
0
2 768 878
1 282
2 854 602
2 571 95
1 376
2 211 850
2 796 788
1 807
1 694
0
0
0
0
1 764
0
0
1 100
0
2 339 462
2 280 42
2 314 496
1 735
2 311 277
2 739 289
2 785 448
2 543 136
2 891 116
1 776
2 469 349
2 621 669
1 812
0
2 658 668
0
2 193 225
0
0
1 105
2 629 386
0
2 623 797
2 712 895
2 642 597
0
0
2 176 153
2 490 453
2 631 610
2 654 670
2 16 121
2 382 20
2 915 752
2 470 560
1 587
1 320
2 703 761
2 725 464
2 411 401
2 766 906
2 246 361
2 178 689
0
2 580 59
2 736 851
0
2 928 738
2 51 284
1 707
2 69 116
2 393 729
2 69 722
2 385 720
2 138 290
1 485
2 744 897
2 576 110
2 763 241
2 788 34
2 231 617
2 18 10
2 618 566
2 108 293
0
0
2 785 448
2 191 890
2 671 726
2 861 635
0
2 324 432
0
2 57 359
2 729 128
2 602 315
2 66 787
0
2 228 319
1 46
2 122 765
0
0
2 619 826
2 12 657
2 902 828
1 167
2 607 142
2 889 628
1 716
2 404 163
2 307 111
1 826
0
2 74 17
2 464 470
0
1 611
2 380 451
1 157
2 390 586
1 152
2 355 508
1 819
2 88 841
2 238 666
2 512 189
1 561
1 839
1 622
2 881 737
1 413
0
2 542 2
1 7
2 173 204
0
0
2 68 829
2 190 173
2 871 755
1 201
2 779 727
1 548
2 702 843
2 22 413
0
0
0
0
2 842 719
2 5 494
2 188 450
2 784 254
2 817 879
0
2 876 556
2 455 861
2 627 28
2 458 223
0
1 200
2 689 88
1 4
2 866 484
0
2 604 185
2 825 182
0
2 94 54
2 320 261
2 823 872
0
2 21 889
2 194 667
0
2 287 744
2 94 54
2 52 79
1 740
2 223 249
2 615 381
2 702 843
1 569
2 559 102
2 760 195
2 670 786
1 496
2 573 555
1 859
2 385 720
2 129 661
2 520 796
2 349 642
2 312 442
0
2 33 206
0
2 212 594
2 313 700
2 870 811
0
2 44 171
0
2 730 228
2 840 881
1 756
2 144 377
2 219 291
0
0
1 70
0
2 688 894
0
2 552 671
2 560 503
2 174 208
0
1 294
2 6 633
0
2 570 166
0
2 143 860
1 418
2 613 732
2 261 691
1 832
2 15 226
2 221 923
1 395
2 98 343
2 746 580
1 434
1 86
2 858 375
2 291 816
2 815 638
0
1 431
2 630 825
2 865 534
0
2 289 536
2 582 539
2 252 304
2 661 334
0
0
2 372 647
0
0
2 573 555
2 703 230
0
2 43 447
2 232 156
0
1 266
2 921 160
2 581 480
1 590
0
2 557 262
2 763 241
2 508 123
2 177 805
0
1 331
1 837
2 836 849
0
2 283 455
1 697
1 356
2 446 800
2 265 575
1 634
2 95 838
2 914 753
2 271 928
1 220
1 815
0
1 422
2 128 411
2 476 918
2 8 158
2 841 117
2 542 2
1 329
1 477
2 532 437
2 96 804
2 396 585
1 551
2 762 684
0
2 344 255
1 505
0
0
0
2 304 613
1 850
2 649 810
0
2 83 190
2 247 49
2 93 659
2 342 695
1 516
0
0
0
2 659 438
1 157
2 204 78
0
0
0
1 571
0
2 909 747
2 709 640
1 85
2 48 186
1 67
2 874 27
2 330 876
2 68 829
2 869 366
2 423 519
0
2 401 76
2 847 731
0
2 591 425
2 78 122
0
2 436 360
0
2 225 710
2 208 408
0
0
2 628 504
0
0
2 278 237
0
2 905 400
2 536 572
2 425 115
2 75 170
2 315 380
2 908 369
2 351 699
2 637 423
0
2 351 269
0
2 114 141
0
2 551 135
1 118
2 319 180
0
2 682 521
2 55 415
2 710 231
2 17 506
1 307
1 141
2 296 99
2 663 322
2 286 467
2 504 212
2 36 486
1 90
0
2 48 273
2 58 441
2 275 207
1 518
0
2 454 513
2 371 91
1 919
2 666 801
1 389
1 660
2 603 33
2 619 646
2 255 66
1 466
0
0
2 754 773
2 14 40
1 527
2 430 877
2 29 611
2 433 222
2 130 524
2 13 783
1 554
1 678
2 314 538
2 215 921
2 629 386
0
0
2 593 290
2 906 853
2 677 474
2 367 883
0
1 809
1 522
2 858 375
2 166 757
2 379 426
0
2 117 107
2 802 713
0
2 28 736
0
1 194
2 210 299
1 693
2 250 245
1 771
1 159
2 770 61
1 564
2 84 473
0
2 649 810
2 557 262
1 60
0
2 668 607
2 516 554
1 219
2 917 789
1 748
2 575 759
2 669 520
2 19 511
2 334 656
2 570 779
0
0
2 526 25
2 131 919
0
2 367 883
1 236
1 276
2 690 791
1 159
1 197
1 500
2 576 110
2 862 46
1 588
1 697
2 773 627
2 326 730
0
2 645 71
1 321
1 111
2 251 186
0
2 63 287
0
2 52 674
1 814
0
1 354
0
0
2 221 923
1 577
2 851 909
2 299 500
0
1 721
2 895 19
0
0
0
2 541 82
2 193 726
0
2 929 715
1 567
2 686 311
2 522 300
1 838
0
2 797 83
2 463 530
0
0
0
2 277 352
2 509 26
1 101
2 198 704
2 722 330
2 124 98
2 103 445
0
2 533 526
2 451 246
2 849 435
2 476 393
2 693 202
1 847
1 517
2 487 493
2 373 754
2 113 328
2 617 709
2 177 253
0
2 343 893
2 125 357
0
2 441 250
2 73 235
2 828 856
2 864 760
2 592 903
0
1 162
2 460 900
1 629
2 710 231
1 899
0
2 138 257
2 93 659
2 61 43
2 142 795
2 909 747
2 406 244
2 309 833
2 582 539
2 652 284
1 927
1 162
1 836
2 117 107
0
2 140 238
2 504 212
2 557 262
2 263 169
2 217 515
0
2 52 674
2 484 18
1 391
2 312 442
0
0
2 325 129
2 88 841
0
1 219
2 893 398
2 854 602
0
0
1 764
2 866 484
1 805
1 839
1 477
2 107 768
2 238 666
2 671 726
2 529 864
2 615 381
2 542 2
2 593 201
2 559 102
1 884
0
2 54 683
2 271 928
2 637 423
0
2 160 326
2 775 566
2 31 337
2 848 327
0
2 913 174
0
1 188
2 385 720
0
2 208 408
1 90
1 518
2 704 739
2 670 786
1 873
0
1 313
1 395
2 455 861
2 876 556
2 8 158
2 817 879
0
2 72 207
0
2 346 592
2 390 586
1 899
1 898
2 367 883
0
0
0
2 195 452
0
0
1 679
2 174 208
2 545 302
1 752
0
0
0
1 448
1 439
2 247 49
2 788 34
0
0
2 898 419
1 138
2 442 806
2 157 631
2 198 704
1 135
2 73 235
2 211 626
2 901 399
0
2 361 673
2 228 319
2 691 840
0
0
1 183
2 519 746
2 669 520
0
2 458 223
0
2 193 225
0
1 95
2 146 363
0
2 74 17
0
2 604 595
0
0
0
2 525 459
2 30 215
0
2 470 560
0
0
2 98 343
0
2 247 49
2 430 877
2 457 75
2 790 64
2 57 359
1 412
2 60 97
1 477
2 405 568
2 66 787
0
1 280
1 168
2 897 767
0
2 196 97
2 689 88
2 94 54
0
2 732 373
0
0
2 652 284
0
2 815 638
2 858 375
2 103 445
2 19 511
2 59 525
2 348 620
1 564
2 36 486
0
1 159
0
2 399 641
2 760 195
1 611
2 128 411
1 320
0
2 534 552
1 288
0
2 254 74
1 577
0
2 527 564
1 118
2 212 594
1 590
2 69 722
2 928 738
2 29 653
1 801
0
2 246 361
2 5 494
2 660 253
2 618 566
0
1 894
1 666
2 263 169
1 224
2 166 757
2 659 438
2 588 152
2 871 755
2 869 366
0
0
0
0
2 161 734
0
0
0
2 20 495
1 224
2 668 607
2 479 210
1 201
1 100
2 541 82
2 693 202
1 553
0
0
0
2 315 380
0
2 678 532
1 703
1 353
1 707
2 640 203
2 342 695
2 522 300
2 371 91
0
1 547
2 231 617
0
2 570 779
2 512 189
2 746 580
1 678
2 139 32
2 194 667
2 454 513
2 34 623
2 749 809
2 520 796
1 888
2 6 633
2 719 654
2 711 772
2 157 631
2 404 163
2 60 708
2 319 180
1 646
1 70
1 420
2 326 730
2 173 204
2 204 78
2 658 668
2 343 893
2 490 453
0
1 243
1 113
2 747 185
2 349 642
2 592 903
2 393 729
2 604 185
0
1 305
2 105 862
2 677 474
0
0
0
1 902
2 786 630
0
1 227
2 767 312
2 48 186
0
1 578
2 715 537
0
2 314 496
1 478
2 491 784
0
0
2 526 25
0
2 753 606
2 915 752
2 572 581
1 905
2 654 670
0
0
0
0
2 273 614
0
0
0
2 627 28
1 886
2 737 591
2 114 141
2 438 251
2 903 252
2 136 93
1 18
0
1 301
2 123 342
1 927
2 790 64
2 278 237
2 511 347
2 560 503
2 452 355
1 571
2 197 814
2 568 135
2 36 486
2 378 762
2 597 798
2 785 448
2 454 513
2 43 447
1 345
2 842 719
1 243
2 464 470
2 823 872
2 5 494
0
2 13 783
0
2 817 879
1 804
2 15 226
2 702 843
1 131
2 417 378
2 296 99
1 291
2 825 182
2 836 849
1 450
2 304 613
2 278 237
2 607 142
1 749
0
1 226
2 638 912
2 690 791
2 348 620
0
1 750
2 48 273
0
2 768 878
2 545 302
2 822 569
0
0
1 724
2 14 40
2 441 250
2 776 303
0
2 871 755
2 296 99
2 221 923
0
0
2 808 868
2 196 192
0
2 877 133
2 404 163
2 58 441
2 580 59
2 55 415
2 194 667
2 16 121
0
0
0
0
0
2 919 151
0
0
1 863
0
0
2 527 444
2 711 772
2 261 691
0
0
2 324 432
2 682 290
2 557 262
2 158 344
0
2 354 692
2 161 759
1 418
1 472
1 220
2 891 116
2 289 536
2 649 810
2 629 386
1 321
2 225 710
1 443
1 765
1 286
0
0
0
0
2 552 671
0
0
2 929 459
1 740
0
2 763 241
1 481
0
1 608
1 236
1 850
1 701
0
2 347 865
2 802 748
1 561
1 130
1 827
1 396
0
2 645 71
0
1 26
2 140 295
0
0
0
2 479 210
1 328
0
2 381 308
1 165
1 414
0
2 727 621
2 193 726
0
2 779 727
2 630 825
0
2 642 597
1 662
2 191 259
1 862
2 841 117
2 850 916
1 694
0
2 784 254
2 369 725
1 467
2 190 173
1 15
1 680
0
2 635 265
2 180 72
1 291
1 56
2 531 882
2 613 732
1 785
2 847 731
0
2 802 641
0
2 22 413
1 358
0
2 275 681
2 632 283
0
1 694
2 12 657
2 354 144
0
2 21 889
2 433 222
0
0
2 83 190
2 563 687
2 595 346
0
1 200
0
1 805
2 380 451
1 579
2 569 672
2 308 430
2 739 289
2 480 917
0
2 660 113
1 740
2 851 909
1 9
0
0
2 763 241
1 406
1 505
2 398 31
1 539
2 503 563
2 722 330
2 344 255
2 232 156
2 411 401
2 446 800
2 533 526
2 530 514
1 2
2 775 198
0
1 79
2 218 294
1 444
2 425 115
2 277 352
2 22 413
2 614 8
0
1 199
0
0
2 912 854
1 267
2 129 661
1 328
2 920 664
0
2 166 757
2 730 228
2 858 375
0
2 735 926
2 673 50
1 340
1 697
2 900 712
2 531 882
0
1 516
2 917 789
0
1 356
2 408 467
1 145
2 217 515
2 352 782
2 619 646
1 492
2 476 393
0
2 661 334
2 120 124
0
0
2 864 760
0
0
2 677 558
1 7
0
0
0
0
2 90 826
2 96 857
2 322 913
0
0
2 603 33
0
1 32
2 69 116
2 762 684
2 570 345
0
0
0
0
2 25 618
0
2 773 627
2 16 121
1 257
0
0
2 514 362
2 433 222
2 337 766
0
2 309 472
0
2 734 63
2 203 460
2 729 128
0
1 421
0
0
2 382 20
2 68 829
0
2 895 19
0
2 475 279
2 221 923
2 905 218
2 125 357
2 73 235
0
1 622
2 45 813
2 146 363
2 795 30
0
0
2 806 14
2 176 153
2 75 170
0
2 736 851
2 356 81
2 124 98
2 311 277
2 249 543
2 153 51
1 392
2 182 306
2 412 325
0
2 63 287
2 648 896
2 540 716
2 389 582
2 861 635
2 423 519
1 407
2 57 359
2 265 575
1 914
0
1 177
0
2 516 693
0
2 232 156
1 890
1 548
1 338
2 52 674
2 901 610
2 133 463
2 782 178
2 125 357
0
2 823 424
2 576 110
1 655
2 215 921
1 777
1 870
2 603 33
2 463 530
1 414
2 178 689
1 634
1 120
1 890
0
2 797 83
1 94
2 330 876
0
0
2 594 410
2 367 462
1 647
2 250 245
2 889 628
0
2 556 390
2 709 640
0
2 914 753
2 573 555
2 787 458
2 687 449
2 401 76
2 143 860
2 416 281
2 55 415
2 372 647
1 295
0
2 849 435
2 807 276
1 707
2 832 723
2 645 71
0
1 6
0
2 776 303
2 798 234
2 385 720
2 252 304
2 663 322
0
2 143 170
2 223 249
2 396 585
2 860 842
0
1 321
1 815
1 350
2 255 66
0
2 780 168
2 875 81
2 537 21
2 334 656
1 159
0
0
2 754 773
1 665
0
1 51
1 783
2 800 44
2 251 186
2 725 464
2 744 897
2 628 504
2 908 369
0
0
2 712 895
2 435 529
2 40 632
1 902
1 286
1 41
0
2 28 736
2 929 715
1 340
0
0
1 327
2 869 366
0
2 17 506
2 416 281
0
2 536 572
2 840 881
2 575 759
2 881 737
1 812
2 766 906
1 79
1 685
0
2 796 788
0
2 522 300
2 495 891
1 532
1 512
1 814
2 853 770
2 617 709
2 921 160
2 648 896
0
0
2 735 926
2 451 246
1 417
0
2 234 457
2 362 271
0
2 410 637
1 888
0
0
0
1 70
2 865 534
0
1 748
2 695 808
1 162
2 449 37
2 573 555
0
0
2 621 669
1 152
2 656 908
2 884 365
2 469 349
1 26
0
0
2 602 315
2 690 791
2 874 27
1 535
1 313
0
2 702 843
2 37 103
2 812 794
2 623 797
2 874 27
2 831 679
2 44 501
2 76 686
2 114 141
2 421 450
2 576 110
2 445 483
2 122 765
2 541 82
0
0
1 716
2 688 127
1 771
2 605 482
1 774
1 179
2 50 663
2 649 810
2 770 61
2 115 491
1 431
0
2 675 683
2 847 731
0
2 355 508
2 351 911
0
0
2 872 551
0
2 12 657
1 331
2 684 615
2 287 744
2 559 102
2 314 496
0
1 612
1 23
2 581 480
0
2 306 469
2 543 136
2 508 123
0
2 906 853
1 625
2 591 425
2 145 248
2 379 426
2 434 7
0
2 78 122
2 283 455
2 586 58
2 490 242
2 789 533
2 68 829
2 379 426
2 686 311
1 360
2 275 207
2 506 405
2 324 432
0
2 373 754
0
1 353
0
2 609 692
2 320 261
0
0
2 245 382
2 681 658
1 819
1 371
2 476 109
1 53
