637 538 588
2 283 18
2 85 10
0
2 537 356
1 393
0
2 465 11
2 365 70
1 532
2 245 163
2 384 519
1 362
0
1 192
2 38 528
1 220
2 409 288
2 388 42
2 356 477
2 399 110
2 429 208
2 178 125
2 391 124
2 145 160
2 278 51
1 455
1 123
1 234
2 266 162
1 250
1 388
2 418 164
2 39 37
2 89 312
2 439 293
0
2 482 247
2 504 310
2 478 444
2 399 98
0
1 41
2 104 359
2 382 16
2 4 69
2 132 331
2 451 515
2 76 357
0
2 176 471
2 474 307
0
0
2 228 464
1 120
2 258 500
2 449 473
2 344 295
2 408 506
2 265 523
1 460
2 133 466
2 144 143
1 359
2 32 109
2 492 19
2 310 63
2 47 516
2 324 313
2 54 297
2 360 11
2 188 507
1 530
2 329 309
2 106 344
2 73 59
2 236 1
2 103 374
2 462 262
2 268 375
1 536
2 186 40
2 116 487
2 298 372
2 156 176
2 427 67
2 468 303
1 502
2 335 112
2 240 334
2 284 488
0
1 79
2 53 412
2 57 366
2 476 326
2 127 363
1 342
2 401 416
2 251 276
2 129 154
2 85 195
2 421 118
2 213 290
2 228 440
2 457 486
2 87 346
2 115 195
1 512
2 414 463
0
2 380 144
1 481
2 494 238
2 24 229
2 483 211
2 433 538
2 135 53
2 34 374
2 489 465
2 534 249
2 315 347
2 137 366
2 328 132
2 142 323
2 475 157
2 302 131
1 254
2 173 410
2 537 77
2 25 472
2 94 254
2 76 378
1 239
2 156 147
2 218 179
2 284 193
2 172 187
0
1 158
1 185
2 325 358
1 403
1 81
2 397 320
2 353 371
2 56 495
2 146 277
2 348 324
2 467 6
2 419 521
2 454 492
2 197 364
2 212 167
2 235 111
2 86 179
2 349 436
1 527
0
2 204 40
1 381
2 214 97
2 469 64
1 512
2 123 517
1 538
2 422 435
1 70
2 105 266
2 7 108
2 369 352
2 419 103
0
2 260 52
2 289 60
0
2 256 475
2 153 50
2 448 150
2 367 100
2 400 466
0
1 27
2 9 443
2 126 402
2 377 90
2 165 44
2 140 128
1 248
2 135 81
2 282 205
2 405 216
2 408 506
2 407 337
0
2 296 63
2 533 306
2 328 83
2 525 258
2 496 329
2 175 414
0
2 317 383
2 405 187
1 191
2 190 486
1 10
2 354 515
0
2 73 336
2 36 242
2 72 327
2 98 417
2 30 487
2 519 306
2 433 84
2 312 424
2 404 137
2 253 526
2 264 69
2 348 206
2 192 55
2 297 20
2 91 376
2 8 483
2 13 83
2 386 362
2 34 358
2 213 400
0
2 476 210
2 263 5
2 188 318
2 109 9
2 80 91
0
2 90 61
2 141 397
2 398 535
2 283 505
1 353
2 221 117
2 253 491
2 136 314
2 401 304
1 202
2 340 118
2 20 338
0
2 513 251
1 194
2 64 532
0
2 245 139
2 260 497
1 126
2 396 167
0
2 226 335
2 199 398
2 285 37
2 221 199
2 29 299
2 531 113
2 285 338
2 44 66
2 467 28
2 56 443
1 322
2 163 498
2 523 350
2 370 453
2 520 350
2 4 489
2 220 518
2 299 457
2 181 170
2 130 256
0
2 427 175
2 225 88
2 471 361
2 52 275
1 193
2 8 480
2 233 95
2 446 202
2 151 308
0
2 327 432
2 218 200
2 385 84
2 485 531
1 36
2 95 518
2 303 449
2 407 21
2 140 128
1 424
2 209 252
2 99 365
2 129 286
0
1 239
1 535
1 244
2 243 108
2 522 322
2 219 482
2 441 376
2 35 259
2 174 114
2 394 445
2 529 58
2 479 342
2 168 14
2 154 314
2 384 282
2 503 25
2 160 231
2 534 341
0
2 330 410
2 207 121
2 261 169
2 58 46
2 119 184
2 455 7
2 2 127
1 183
1 529
1 411
1 488
2 479 149
2 301 275
2 458 157
0
2 387 270
2 472 255
1 32
1 148
1 497
2 242 257
2 169 77
2 269 139
2 216 295
2 452 505
1 133
2 501 241
2 19 177
2 525 61
2 368 468
2 318 296
2 224 499
2 316 80
2 46 248
1 313
2 265 504
1 389
2 509 382
0
1 360
2 43 222
1 121
1 339
2 152 420
2 478 364
2 51 402
2 355 267
2 227 412
2 355 198
2 107 198
2 14 513
2 369 130
2 500 511
2 367 271
2 447 333
2 252 451
1 426
2 392 55
2 68 278
2 211 143
2 375 361
2 196 172
0
2 165 357
0
2 93 461
2 279 224
2 274 287
2 417 438
2 352 243
2 231 100
2 153 48
2 107 321
2 240 158
1 122
2 30 480
2 460 259
1 301
2 147 406
2 208 274
2 185 38
0
2 273 227
2 499 182
2 33 13
2 428 215
2 174 481
2 18 434
1 59
2 386 458
2 171 508
2 78 406
2 493 244
2 15 454
2 178 117
1 27
1 145
2 146 200
2 24 291
2 71 294
2 290 459
1 430
2 264 292
1 429
2 521 520
2 421 45
2 62 230
2 180 337
1 262
2 230 114
1 422
2 331 17
2 428 201
2 439 17
2 110 321
2 246 300
2 263 205
2 72 131
1 307
2 334 485
2 385 395
2 234 435
2 437 194
2 339 166
2 291 416
1 450
2 490 138
2 380 510
2 390 261
1 272
2 269 267
2 447 148
2 47 5
2 201 441
2 332 22
2 101 319
2 48 92
1 432
2 298 396
2 411 345
2 343 378
1 391
2 236 1
2 280 431
2 279 456
2 332 250
2 173 2
2 437 272
2 238 309
0
0
1 368
1 86
2 88 484
1 181
2 150 444
2 452 74
1 311
1 330
2 442 273
2 395 74
2 514 31
2 159 514
2 418 164
2 351 65
2 226 463
2 49 393
2 294 293
2 33 517
1 436
2 372 232
2 12 311
2 316 65
0
2 387 450
2 389 170
2 210 66
1 159
1 277
2 22 71
2 54 271
2 516 75
0
2 217 438
2 349 423
2 87 102
2 105 96
1 379
2 425 115
2 155 26
2 286 124
2 223 528
2 79 21
2 347 177
2 373 281
2 214 495
2 249 302
2 336 453
2 413 509
2 333 232
0
2 403 151
2 155 26
2 522 189
2 371 149
2 379 161
2 222 206
2 223 190
0
1 82
2 491 180
2 315 440
2 533 281
2 219 257
0
2 60 229
1 524
0
2 119 420
2 308 490
2 409 16
2 101 477
2 280 345
2 237 527
2 326 112
1 113
1 75
2 317 377
1 501
2 217 415
2 141 325
1 241
2 168 373
2 426 104
2 102 415
1 494
2 493 276
2 246 503
2 270 209
2 49 461
2 288 106
2 370 78
2 35 442
2 235 111
2 186 320
1 97
0
2 183 42
2 448 31
2 67 470
1 45
1 161
1 496
1 96
2 304 189
1 237
2 300 6
2 524 430
2 474 92
1 289
2 28 29
2 23 134
2 394 445
2 23 134
2 470 255
2 3 383
2 136 446
1 341
2 39 225
2 215 323
2 510 50
2 68 346
1 99
1 292
2 319 462
2 268 287
2 464 94
0
1 89
2 212 413
1 340
2 233 207
2 502 184
2 138 381
1 166
0
2 507 152
2 343 434
2 351 182
2 15 508
1 247
2 530 204
0
2 191 354
0
2 536 142
0
2 125 473
2 498 392
1 459
2 62 197
2 511 431
2 196 363
2 390 425
2 526 404
2 162 43
2 3 122
2 171 120
2 82 203
2 12 456
2 41 57
2 305 484
2 469 305
2 116 423
2 203 93
2 376 144
2 216 276
2 566 91
2 579 91
2 549 315
1 540
2 62 396
2 174 108
2 133 547
2 310 577
2 36 281
2 133 103
2 371 259
2 135 130
2 128 244
2 414 352
2 576 269
1 304
2 540 45
2 392 366
2 298 194
2 32 411
2 587 39
2 420 99
1 215
2 143 46
2 104 368
2 452 100
2 394 461
2 227 417
2 107 366
2 465 75
2 148 554
2 525 64
1 284
2 450 417
2 316 582
2 326 74
2 574 424
2 543 263
2 563 163
2 14 327
2 324 353
2 516 564
2 195 316
2 333 311
2 571 84
2 10 361
1 387
2 433 266
2 254 65
2 218 40
2 108 247
2 490 110
2 123 510
2 106 86
1 324
2 252 265
2 413 184
2 522 535
2 97 304
2 243 400
2 140 201
2 320 185
1 485
2 249 34
1 298
2 429 76
2 291 495
2 453 531
2 3 382
2 455 418
2 274 435
2 462 340
1 532
2 29 229
2 309 511
2 221 458
2 503 383
1 136
1 257
2 338 487
2 560 546
2 498 359
2 138 87
2 278 31
2 26 275
2 468 180
2 33 457
2 105 536
2 571 406
2 529 388
0
2 554 199
2 98 65
2 301 441
0
2 18 454
2 94 69
2 357 294
2 323 450
2 112 557
2 67 142
2 102 160
2 59 493
2 17 331
2 168 501
2 443 165
1 573
2 289 138
2 553 288
2 507 180
2 317 238
2 278 330
2 214 453
2 451 80
2 403 5
0
2 530 269
2 462 340
2 562 272
2 41 86
0
2 219 213
2 228 407
1 516
2 309 474
2 297 517
2 452 89
2 295 83
1 422
2 408 21
2 188 97
2 187 533
2 498 127
2 171 395
2 120 243
2 265 477
2 182 137
2 330 584
2 567 520
2 478 383
2 110 573
2 534 348
1 476
2 63 191
2 429 569
2 161 213
2 134 496
0
2 483 563
2 60 240
2 220 162
2 242 344
2 255 358
2 37 151
2 33 359
2 518 391
2 231 386
2 22 506
2 529 98
2 112 399
2 60 355
2 189 537
2 190 89
2 508 307
1 508
2 101 584
2 151 81
2 464 50
2 346 392
2 505 517
2 209 494
2 264 271
2 350 185
2 115 402
1 206
1 68
2 262 150
2 205 364
2 19 311
1 254
2 92 363
2 500 256
2 389 371
2 285 82
2 230 373
2 381 12
2 273 49
2 258 287
2 8 426
2 555 236
2 413 184
2 314 538
1 216
2 242 485
1 550
1 93
2 538 73
2 337 549
2 160 173
2 131 416
2 306 331
2 147 374
2 322 38
2 162 342
2 546 489
2 21 55
2 215 575
2 29 374
2 370 416
2 212 577
2 15 391
2 288 128
2 200 233
2 222 376
2 253 570
2 562 204
2 314 117
1 290
0
2 266 586
2 494 158
2 412 61
2 333 381
2 125 437
2 44 70
2 530 102
2 492 119
2 267 425
2 137 111
1 43
2 545 459
2 473 523
2 567 541
2 203 141
2 497 245
2 181 183
2 427 305
2 106 384
2 13 385
0
2 536 277
2 308 379
2 54 268
2 585 220
2 377 15
2 132 49
2 72 188
2 46 247
2 460 480
2 356 270
2 345 553
1 20
2 70 472
2 300 31
2 291 27
2 415 272
2 509 120
2 77 480
2 233 204
2 583 179
2 479 284
2 565 142
1 399
2 559 276
2 93 210
2 47 542
2 152 470
2 539 292
2 334 197
2 473 467
2 123 227
2 1 226
2 61 557
2 149 115
2 461 384
1 377
2 418 526
2 519 469
2 365 307
2 223 289
2 205 283
2 7 172
2 349 136
2 354 196
2 124 166
1 156
2 50 499
0
2 176 496
2 165 379
2 369 509
0
2 275 202
2 502 561
1 129
2 12 455
2 257 251
2 477 351
2 85 30
2 474 235
2 109 460
2 224 514
0
2 481 23
1 139
2 339 444
2 525 448
2 543 13
2 51 548
2 319 259
2 52 169
2 209 380
2 483 337
2 410 48
2 300 419
2 378 510
2 504 211
2 126 193
2 57 4
2 443 232
2 406 173
2 504 251
2 273 177
2 228 224
2 58 436
2 426 320
2 451 441
2 16 346
2 534 341
2 394 472
2 312 299
2 73 458
2 62 90
2 95 121
1 207
2 250 1
1 354
2 439 182
2 152 303
2 280 442
2 222 34
2 475 565
2 159 306
2 368 240
2 442 68
1 539
2 489 519
2 588 500
2 513 59
2 167 163
2 296 588
2 116 568
2 43 192
1 153
2 433 317
2 521 11
1 175
2 78 576
2 524 319
2 14 380
2 350 572
1 186
2 104 153
2 404 423
2 42 528
2 325 143
2 117 432
2 47 164
1 154
2 17 515
1 440
2 574 190
1 447
2 139 470
2 147 236
2 57 367
2 45 211
2 456 476
2 360 518
2 85 232
2 164 239
2 299 513
2 237 234
2 230 526
2 430 64
2 502 507
2 344 231
2 22 6
2 88 431
2 32 40
2 126 193
2 140 51
2 357 446
2 292 171
2 434 166
2 30 537
2 580 434
2 512 296
2 506 225
2 408 77
2 285 556
2 398 569
2 491 87
2 3 287
2 144 114
1 524
2 448 552
2 66 389
2 69 9
2 250 499
2 386 146
0
2 482 332
2 447 155
2 375 48
1 196
2 83 249
2 161 175
2 295 146
2 435 20
2 282 398
2 207 575
2 9 286
2 122 56
1 150
2 407 463
2 308 547
2 505 390
2 552 520
2 28 438
2 95 497
2 301 521
2 221 141
2 335 96
1 436
2 334 511
2 349 88
2 488 71
2 116 225
2 544 122
2 564 400
2 197 100
2 210 378
2 261 279
2 424 542
0
2 457 131
2 581 587
2 130 79
0
2 364 170
2 114 475
2 79 121
2 178 347
2 223 129
2 397 124
2 463 341
2 229 329
2 515 432
2 351 154
2 329 425
0
2 503 127
2 208 181
2 390 92
2 96 411
2 345 58
2 157 99
2 118 253
0
2 583 244
2 332 267
1 385
2 82 260
1 78
2 495 360
2 358 556
1 6
2 268 430
2 297 585
2 414 328
2 198 419
2 342 490
2 465 75
2 478 35
2 348 420
2 402 27
2 561 370
2 479 156
2 8 54
1 393
2 145 422
1 362
2 90 532
2 327 466
2 559 347
2 172 372
2 321 469
2 404 248
2 486 362
2 263 42
2 423 566
2 252 176
2 421 367
2 369 261
2 325 241
2 551 445
2 412 178
2 373 186
2 53 428
2 315 326
2 548 214
1 39
2 194 396
2 493 290
2 572 586
2 388 467
0
2 134 248
2 468 94
2 535 24
2 55 241
2 53 428
2 361 245
2 148 258
2 323 125
2 409 256
2 578 16
2 336 118
2 395 343
2 445 76
2 403 501
2 36 19
2 212 167
0
2 560 24
2 235 119
2 440 401
2 578 105
2 202 183
2 438 410
2 174 397
2 484 444
2 293 570
2 356 512
2 322 393
2 365 206
2 169 237
2 527 10
2 217 23
2 555 71
2 74 488
2 168 239
2 262 177
0
2 405 439
2 135 199
2 446 72
2 282 270
2 321 449
2 482 25
2 195 492
2 217 335
2 255 219
2 303 226
2 274 471
1 523
2 107 279
2 170 80
2 522 437
2 449 310
2 159 551
2 7 37
2 514 5
1 111
2 544 246
2 363 352
2 293 81
1 464
2 286 26
2 355 28
2 113 338
2 484 52
2 454 113
2 277 271
2 302 260
2 149 568
2 198 203
0
2 541 305
2 201 328
2 44 158
2 200 466
2 481 283
2 427 487
2 533 558
2 294 11
2 382 132
2 581 191
2 103 18
2 372 336
2 558 179
2 545 145
2 63 41
2 246 491
2 405 313
2 312 527
2 25 187
0
2 157 471
2 318 313
2 101 343
2 4 2
2 459 486
0
2 238 409
2 550 339
2 208 264
2 280 531
2 318 401
2 109 234
2 67 56
2 66 189
2 35 155
2 281 192
1 528
2 353 2
2 375 580
2 431 84
2 456 579
0
2 218 421
2 38 415
2 302 387
1 582
2 104 456
2 451 93
2 302 117
2 1 258
2 373 131
2 558 425
2 259 579
2 333 447
2 500 560
2 295 386
2 501 70
2 88 298
2 125 243
2 409 532
2 157 360
2 585 348
2 508 476
2 66 368
2 101 215
2 395 430
2 366 18
2 330 351
2 454 113
2 214 527
2 149 356
2 428 537
2 532 346
2 355 92
2 274 164
2 30 334
2 58 371
2 439 485
2 531 347
2 530 269
2 217 5
2 576 74
2 400 246
2 128 192
2 27 496
2 577 272
2 86 495
2 50 357
2 150 4
2 169 556
2 295 367
2 153 475
2 79 522
2 328 569
2 321 342
2 433 124
2 140 463
2 238 236
2 403 515
2 350 323
2 210 154
2 429 88
2 227 122
2 15 288
2 229 509
2 315 448
2 126 547
2 109 321
2 136 183
2 364 361
2 372 406
2 211 336
2 522 393
2 360 387
2 89 319
2 390 23
2 422 570
2 488 10
2 29 229
2 487 205
2 33 534
2 10 39
2 550 294
2 248 458
2 326 96
2 315 301
2 462 340
2 533 582
2 157 290
2 410 163
2 91 112
2 37 291
2 7 507
2 418 205
2 525 580
2 317 114
2 575 46
2 139 544
2 176 275
2 152 529
2 275 72
2 263 200
2 374 76
2 392 543
2 448 11
2 197 253
2 174 397
2 2 213
2 221 252
2 416 311
2 551 471
2 550 110
2 17 557
2 358 182
2 473 374
2 137 483
2 255 53
2 467 100
2 322 90
2 418 197
2 443 301
2 133 337
2 112 211
2 389 521
2 11 361
2 57 368
2 471 581
2 434 42
2 104 214
2 384 278
2 134 53
2 190 218
2 480 259
2 381 12
2 356 536
2 87 212
2 407 507
2 581 568
2 83 107
2 454 113
2 189 277
2 308 244
2 498 461
2 21 458
2 479 549
2 381 12
2 327 240
2 325 516
2 434 588
2 128 307
2 83 56
2 175 404
2 506 187
2 5 446
2 384 424
2 495 353
2 156 575
2 76 79
2 376 279
2 300 186
2 428 262
2 498 9
2 108 220
2 562 542
2 414 77
2 193 228
2 241 449
2 450 34
2 539 541
2 465 75
2 230 469
2 271 514
2 144 445
2 410 511
2 475 220
2 17 385
2 13 526
2 265 508
2 345 254
2 258 500
2 386 405
2 168 324
2 236 341
2 32 216
2 355 180
2 286 345
2 283 185
2 297 569
2 173 304
2 501 432
2 405 31
2 338 185
2 56 528
2 455 337
2 552 474
2 156 421
2 521 99
2 204 244
2 139 314
2 4 110
2 64 296
2 299 474
2 237 216
2 153 27
2 77 208
2 90 391
2 222 548
2 402 266
2 318 260
2 304 261
2 91 84
2 247 561
2 504 572
2 408 81
2 285 424
2 172 183
2 85 100
2 103 173
2 102 463
2 572 178
2 273 164
2 282 264
2 415 158
2 171 274
2 31 46
2 61 559
2 2 320
2 167 151
2 578 319
2 116 571
2 480 385
2 509 335
2 47 80
2 490 412
2 248 359
2 28 181
2 126 193
2 162 287
2 354 369
2 579 235
2 255 358
2 309 73
2 293 133
2 119 346
2 138 445
2 292 588
2 468 372
2 502 65
2 333 266
2 541 233
2 435 257
2 334 39
2 527 497
2 71 143
2 388 499
2 398 286
2 425 493
2 57 411
2 536 44
2 38 68
2 352 143
2 48 51
2 228 140
2 106 488
2 49 332
2 264 523
2 8 421
2 85 6
2 349 160
2 203 188
2 268 221
2 394 481
2 359 310
2 533 118
2 159 276
2 447 222
2 303 330
2 155 101
2 491 435
2 531 48
2 62 437
2 377 196
2 161 175
2 342 206
2 344 98
2 208 365
2 453 395
2 431 472
2 376 307
2 120 249
2 233 36
2 514 558
2 232 441
2 482 111
2 82 288
2 282 525
2 294 299
2 147 298
2 58 313
2 479 293
2 312 42
2 485 103
2 494 380
2 436 481
2 149 412
2 106 142
2 223 518
2 377 396
2 45 352
2 573 146
2 499 350
2 353 65
2 123 551
2 55 529
2 464 170
2 406 303
2 158 496
2 253 199
2 433 316
2 305 213
2 41 99
2 43 494
2 311 437
2 296 257
2 427 460
2 241 226
2 198 195
2 70 15
2 571 506
2 291 399
2 566 287
2 314 170
2 409 265
2 567 528
2 553 168
2 94 370
2 242 329
2 96 338
2 32 449
2 166 125
2 486 277
2 246 382
2 163 537
2 491 573
2 261 489
2 161 84
2 519 207
2 487 452
2 586 118
2 252 344
2 47 452
2 28 55
2 505 195
2 134 80
2 260 209
2 444 256
2 329 69
2 72 387
2 13 146
2 21 212
2 415 81
2 111 450
2 230 526
2 530 269
2 30 439
2 14 524
2 249 411
2 354 177
2 503 427
2 87 6
2 136 456
2 171 396
2 73 587
2 167 225
2 574 568
2 283 552
2 243 199
2 393 520
2 240 284
2 82 59
2 478 413
2 26 429
2 285 470
2 394 422
2 323 382
2 67 189
2 348 232
2 518 492
2 443 451
2 378 309
2 219 470
2 44 224
2 250 583
2 107 231
2 559 326
2 130 523
2 160 416
2 68 49
2 20 16
2 484 52
2 159 40
2 555 516
2 1 219
2 519 505
2 392 543
2 553 549
2 457 135
2 130 455
2 192 562
2 254 563
2 555 308
2 135 151
2 129 565
2 413 184
2 438 423
2 190 272
2 351 97
2 561 383
2 407 576
2 370 95
2 123 548
2 347 179
2 566 63
2 75 540
2 483 26
2 400 251
2 67 186
2 442 234
2 276 497
2 34 557
2 373 440
2 122 310
2 278 343
2 524 391
2 318 172
2 9 306
2 313 98
2 431 563
2 403 177
2 504 61
2 343 284
2 3 515
2 210 538
2 586 399
2 335 280
2 41 256
2 468 322
2 297 279
2 306 379
2 390 465
2 484 52
2 124 546
2 147 115
2 430 349
2 365 225
2 121 36
2 155 453
2 442 234
2 339 132
2 60 169
2 426 466
2 300 69
2 441 78
2 25 375
2 402 398
2 97 502
2 512 196
2 217 556
2 262 7
2 438 583
2 62 63
2 145 420
2 93 324
2 250 328
2 38 150
2 560 389
2 223 580
2 109 461
2 22 43
2 464 473
2 64 18
2 137 503
2 174 397
2 152 114
2 129 512
2 440 292
2 520 467
2 316 227
2 466 357
2 247 45
2 369 19
2 242 132
2 460 486
2 312 268
2 462 340
2 457 102
2 417 469
2 540 332
2 33 251
2 194 564
2 380 574
2 364 408
2 37 375
2 554 24
2 3 86
2 204 203
2 489 544
2 545 16
2 224 162
2 477 116
2 145 20
2 184 50
2 378 419
2 19 478
2 179 320
2 201 585
2 8 302
2 327 331
2 231 127
2 198 539
2 582 535
2 423 14
2 476 404
2 432 108
2 200 23
2 542 95
2 182 207
2 414 366
2 74 577
2 235 176
2 538 29
2 119 66
2 492 178
2 554 401
2 209 567
2 166 60
2 565 570
2 271 547
2 388 237
2 564 131
2 105 436
2 238 305
2 201 493
2 446 206
