793 990 822
2 187 315
0
1 579
0
0
0
2 688 658
2 227 907
1 241
1 956
2 696 842
2 889 457
1 846
2 97 832
2 876 625
1 979
2 293 273
2 669 404
0
2 178 177
2 898 511
2 574 880
2 601 535
2 499 85
2 361 120
0
2 988 446
2 885 735
2 820 444
2 13 119
0
2 525 130
2 476 816
0
2 257 693
1 578
0
1 968
1 610
2 766 437
2 380 572
0
2 98 922
0
0
2 684 266
2 943 47
2 734 783
0
2 622 345
1 803
2 181 118
2 615 769
2 547 463
2 516 91
2 78 708
2 495 237
2 606 474
2 800 985
2 498 782
0
2 13 119
0
0
0
2 985 16
2 808 694
0
2 625 688
1 952
1 548
2 129 184
2 238 325
2 707 592
2 421 420
2 2 71
2 895 58
2 883 122
2 141 921
2 785 188
1 76
2 943 47
2 934 28
2 925 953
0
0
2 14 61
2 561 383
1 632
1 407
2 220 679
0
2 952 565
1 500
2 261 692
2 903 405
0
2 725 602
0
1 275
1 248
2 869 526
2 400 187
2 68 311
2 219 33
2 553 465
2 40 435
2 788 22
2 343 926
1 621
0
0
2 557 928
2 881 851
2 558 853
1 199
2 767 56
0
1 473
2 706 395
2 789 427
1 829
2 113 42
2 734 783
2 954 821
2 926 135
2 27 69
2 597 159
1 584
2 740 900
2 678 303
2 233 881
2 868 458
2 612 760
0
0
2 746 307
2 402 601
2 81 792
2 896 817
2 28 440
2 795 895
0
2 919 267
2 57 725
0
1 110
0
1 774
2 176 696
0
2 936 695
2 401 43
0
2 477 125
2 457 874
2 643 856
1 415
0
0
2 951 949
2 86 261
1 390
2 901 475
1 646
0
2 210 14
2 135 934
0
2 134 81
0
2 184 54
2 605 186
2 946 972
2 479 719
0
2 120 95
1 675
2 442 966
2 987 569
2 264 129
2 448 264
2 618 525
2 605 186
0
2 658 643
2 753 862
2 567 468
2 864 430
1 481
2 543 901
2 751 438
2 130 936
0
0
2 637 431
2 16 486
2 150 308
2 474 38
2 751 438
2 689 312
2 247 207
2 611 937
0
0
2 323 845
2 602 889
0
0
2 381 234
1 883
0
2 908 98
2 478 890
0
2 307 622
0
2 812 210
2 707 592
2 719 680
0
1 684
1 514
1 291
1 872
2 856 839
1 745
0
2 831 848
2 573 367
2 890 876
2 446 150
2 608 117
2 410 704
0
1 801
2 542 80
2 886 802
0
0
2 570 340
2 974 516
2 532 100
0
2 648 235
0
2 396 245
2 53 987
2 5 360
0
2 902 401
2 413 354
2 340 766
2 623 989
2 197 825
0
2 712 962
2 702 657
0
2 640 286
0
1 394
2 955 3
2 680 123
1 775
2 692 223
2 482 347
2 641 544
0
0
2 27 69
2 685 698
2 26 437
0
2 743 464
2 198 215
0
2 54 818
2 454 281
1 453
0
2 748 588
0
2 422 40
2 289 714
0
0
1 161
0
2 744 126
2 793 899
2 214 506
0
1 596
2 5 360
0
1 653
2 822 580
2 477 125
2 213 139
0
2 23 973
2 533 306
2 234 662
2 661 509
2 156 674
2 659 20
1 416
2 399 447
0
2 954 821
2 84 93
0
0
1 283
2 111 614
2 975 459
2 389 562
1 762
2 282 887
2 414 4
0
2 908 981
2 78 35
1 957
0
2 114 482
2 971 181
2 617 232
2 73 822
0
2 651 858
2 269 280
2 404 744
0
2 857 361
2 374 152
2 463 615
2 989 919
0
2 458 971
0
0
2 220 679
1 635
2 873 85
1 393
2 749 924
2 137 467
2 809 365
0
2 475 981
2 518 888
2 769 310
2 650 518
0
0
2 483 176
2 33 974
0
0
2 137 467
1 362
2 618 17
2 487 242
0
2 318 374
2 921 337
2 167 585
0
0
1 665
2 693 611
2 614 633
2 275 678
2 541 171
2 205 867
2 791 449
0
0
2 753 862
2 411 503
1 731
2 928 650
0
2 808 293
2 759 173
0
2 152 398
2 736 63
2 813 178
0
2 955 3
2 951 949
2 97 832
2 885 735
2 973 547
2 759 173
0
2 123 790
1 192
2 100 258
2 11 831
2 465 35
2 781 703
0
1 193
2 978 795
2 651 858
0
0
0
1 300
0
1 382
2 452 571
0
1 160
0
2 930 278
2 930 278
2 188 730
0
2 922 558
0
2 914 637
1 786
0
2 101 577
2 351 649
0
1 723
2 410 704
0
1 32
1 791
2 470 917
0
2 269 280
2 661 509
2 816 805
0
2 569 479
2 573 367
2 873 574
2 941 276
0
2 940 213
2 874 543
2 383 813
2 932 89
2 447 324
0
0
2 852 334
2 896 817
2 243 959
2 217 170
2 620 538
2 879 17
0
1 524
0
2 580 233
2 61 834
2 743 464
0
2 449 134
1 819
2 68 311
2 917 232
2 768 717
2 480 777
2 598 351
2 185 671
0
2 701 57
1 392
2 538 487
2 781 703
0
2 648 235
1 794
2 334 399
2 815 864
2 143 114
2 156 674
2 122 167
0
2 528 6
2 71 875
2 969 958
2 50 597
0
2 649 542
2 946 972
0
0
2 377 681
2 101 577
2 324 470
2 617 23
0
2 790 557
0
2 82 344
2 716 669
2 179 83
2 820 444
2 656 620
1 212
2 969 958
0
2 776 932
0
1 426
2 430 634
2 586 73
0
2 194 886
1 79
1 356
1 301
0
1 960
0
2 662 815
0
1 106
2 48 668
0
2 433 400
0
2 528 6
2 924 185
2 226 369
0
1 603
2 910 478
2 396 245
2 565 422
2 877 144
0
2 811 868
2 730 788
0
0
2 377 681
0
0
0
2 345 609
0
1 713
2 266 666
2 830 701
2 698 897
2 748 588
2 177 741
1 910
0
0
2 204 332
2 179 83
2 89 716
2 243 959
2 197 825
2 380 572
2 582 219
1 690
0
2 466 29
2 802 884
0
0
1 165
2 276 194
2 460 852
2 634 84
2 563 50
2 792 746
2 267 685
2 412 915
2 258 483
0
2 273 413
2 906 663
2 741 143
0
2 60 149
2 424 305
2 480 777
2 567 468
2 170 847
2 754 402
2 839 92
2 91 586
2 897 111
2 671 837
2 503 353
0
1 940
1 823
0
2 162 561
2 768 717
2 43 830
2 139 689
2 466 29
1 357
2 962 540
2 504 513
2 60 149
1 855
2 953 988
2 310 476
2 535 978
2 419 712
0
1 556
0
0
2 706 395
2 695 659
2 585 859
2 435 53
2 641 544
1 619
0
2 20 941
1 977
2 612 760
1 162
2 505 739
2 851 570
2 87 660
2 533 306
1 911
0
2 421 420
1 226
2 48 668
0
0
2 238 325
0
1 986
1 623
0
0
2 159 217
2 369 789
2 289 714
2 740 900
1 346
0
0
1 196
2 223 811
2 708 606
1 206
0
2 867 656
2 549 205
2 204 332
2 666 563
1 715
2 442 966
2 431 448
2 398 800
2 113 42
2 87 660
2 640 286
1 624
0
1 428
2 315 198
0
2 303 857
2 809 365
2 347 318
0
0
2 354 758
0
0
2 94 682
1 409
2 859 257
2 118 141
0
0
0
2 540 598
0
2 427 975
2 227 907
2 846 697
1 295
0
0
2 80 904
2 906 663
2 880 914
2 505 739
1 292
2 869 526
2 609 214
2 412 915
2 853 902
2 898 511
0
2 633 433
0
1 765
2 495 237
2 758 381
2 253 52
0
1 116
2 95 754
1 616
2 424 305
2 884 729
2 587 948
2 848 349
0
2 498 782
0
2 82 344
2 587 948
2 776 242
2 282 887
2 349 905
2 842 925
1 501
0
2 504 513
2 459 86
1 298
2 834 239
2 877 144
0
2 126 549
2 353 11
2 657 532
0
2 253 52
1 268
2 506 785
2 323 845
0
0
2 312 419
1 664
0
0
2 767 56
2 92 343
2 729 879
2 905 553
2 837 499
2 94 682
1 755
1 984
2 818 749
2 697 702
2 736 63
2 239 364
2 541 171
2 847 2
2 26 582
0
2 454 281
2 38 411
0
0
0
2 452 571
0
2 805 460
2 793 899
2 414 4
0
2 608 117
2 389 562
1 115
2 903 405
2 937 812
1 441
0
2 93 694
2 875 247
2 505 725
0
1 174
0
0
0
2 818 309
2 195 580
1 607
1 425
2 797 531
2 168 46
1 281
2 604 602
2 807 631
1 303
2 188 118
2 400 610
0
2 245 148
2 586 248
2 383 483
2 237 499
2 201 530
2 738 391
0
2 712 688
2 326 320
2 255 246
2 56 535
0
2 373 562
2 751 626
0
2 336 274
1 26
0
1 457
1 646
2 57 649
2 278 784
0
2 91 378
0
0
2 104 551
2 321 294
2 189 265
0
2 266 352
1 169
2 514 314
2 68 584
2 736 504
2 2 390
2 728 398
2 668 734
2 135 205
2 658 768
2 317 474
0
2 56 535
0
0
0
2 768 358
2 268 664
0
2 631 818
1 695
1 295
2 393 422
2 555 569
2 179 630
2 385 655
2 433 343
2 449 267
2 192 95
2 377 608
2 44 701
1 641
2 321 294
2 606 740
2 225 170
0
0
2 643 769
2 1 689
1 464
1 536
2 485 327
0
2 695 618
1 596
2 773 290
2 244 766
0
2 790 386
0
1 470
1 122
2 628 270
2 328 505
2 126 96
2 561 74
2 230 706
2 697 806
2 227 258
2 125 115
1 546
0
0
2 735 687
2 677 494
2 306 762
1 58
2 324 469
0
1 9
2 811 459
2 565 710
1 30
2 617 650
2 189 265
2 112 472
2 115 283
2 788 120
2 374 220
1 207
2 554 491
2 235 38
2 430 677
2 228 634
2 134 691
0
0
2 355 800
2 597 237
2 284 119
2 369 165
2 740 47
2 799 449
0
2 476 185
2 161 790
0
1 754
0
1 177
2 39 797
0
2 366 720
2 280 121
0
2 404 590
2 46 69
2 140 506
1 685
0
0
2 763 636
2 500 773
1 717
2 647 444
1 748
0
2 223 643
2 283 606
0
2 410 284
0
2 422 164
2 354 429
2 271 632
2 699 465
0
2 391 683
1 817
2 275 3
2 498 414
2 299 393
2 196 299
2 310 373
2 354 429
0
2 309 140
2 215 82
2 247 731
2 540 73
1 478
2 453 647
2 809 789
2 562 366
0
0
2 480 392
2 358 424
2 52 821
2 205 97
2 809 789
2 181 285
2 573 286
2 100 226
0
0
2 142 329
2 386 168
0
0
2 296 149
1 192
0
2 8 91
2 518 614
0
2 800 266
0
2 94 223
2 179 630
2 465 259
0
1 104
1 35
1 587
1 522
2 506 350
1 77
0
2 479 180
2 462 89
2 614 807
2 688 52
2 105 542
2 461 601
0
1 176
2 613 141
2 28 106
0
0
2 778 591
2 71 2
2 86 594
0
2 783 292
0
2 83 692
2 132 498
2 200 160
0
2 556 280
2 389 792
2 591 57
2 388 348
2 559 60
0
2 544 611
2 616 80
0
2 289 178
0
1 726
2 36 452
2 259 795
1 261
2 290 166
2 623 533
2 563 304
0
0
2 788 120
2 129 488
2 7 649
0
2 511 232
2 50 362
0
2 164 109
2 796 440
1 143
0
2 17 316
0
2 308 697
2 250 450
0
0
1 724
0
2 541 621
2 269 368
2 523 781
0
1 716
2 200 160
0
1 150
2 564 669
2 404 590
2 782 423
0
2 579 435
2 805 755
2 149 54
2 22 723
2 448 473
2 537 427
1 48
2 593 210
0
2 112 472
2 313 503
0
0
1 234
2 793 703
2 341 101
2 257 753
1 774
2 705 682
2 199 241
0
2 8 588
2 728 335
1 31
0
2 42 623
2 372 514
2 171 76
2 63 564
0
2 576 629
2 640 45
2 610 541
0
2 519 738
2 670 520
2 504 68
2 348 476
0
2 634 372
0
0
2 485 327
1 360
2 662 530
1 709
2 525 301
2 466 53
2 553 815
0
2 444 588
2 581 23
2 584 727
2 707 581
0
0
2 627 39
2 74 71
0
0
2 466 53
1 721
2 310 653
2 730 539
0
2 589 670
2 608 312
2 455 92
0
0
1 651
2 274 100
2 703 130
2 470 235
2 291 543
2 578 186
2 760 700
0
0
2 215 82
2 816 154
1 419
2 687 707
0
2 268 188
2 672 208
0
2 520 12
2 475 384
2 146 245
0
2 36 452
2 763 636
2 604 602
2 326 320
2 435 736
2 672 208
0
2 795 733
1 315
2 594 251
2 538 479
2 706 335
2 722 242
0
1 711
2 302 799
2 576 629
0
0
0
1 509
0
1 704
2 361 512
0
1 759
0
2 217 401
2 217 401
2 701 416
0
2 378 306
0
2 213 480
1 445
0
2 765 752
2 633 678
0
1 741
2 461 601
0
1 110
1 760
2 776 767
0
2 640 45
2 22 723
2 626 545
0
2 414 699
2 462 89
2 662 383
2 820 239
0
2 224 782
2 69 453
2 689 146
2 198 663
2 210 153
0
0
2 568 173
2 369 165
2 656 318
2 264 770
2 524 696
2 477 653
0
1 493
0
2 669 430
2 769 155
2 511 232
0
2 700 410
1 379
2 126 96
2 767 76
2 85 732
2 739 715
2 775 633
2 24 532
0
2 62 161
1 380
2 696 730
2 722 242
0
2 783 292
1 666
2 173 593
2 11 540
2 332 42
2 448 473
2 95 455
0
2 338 376
2 343 103
2 371 426
2 438 374
0
2 678 613
2 271 632
0
0
2 676 521
2 765 752
2 153 776
2 171 579
0
2 733 735
0
2 187 66
2 229 400
2 729 418
2 255 246
2 552 524
1 349
2 371 426
0
2 451 198
0
1 744
2 73 59
2 214 63
0
2 600 28
1 399
1 123
1 484
0
1 345
0
2 54 11
0
1 659
2 127 182
0
2 67 328
0
2 338 376
2 301 24
2 516 467
0
1 791
2 757 518
2 83 692
2 618 308
2 81 571
0
2 90 228
2 416 227
0
0
2 676 521
0
0
0
2 352 288
0
1 785
2 551 34
2 515 62
2 488 750
2 17 316
2 148 233
1 757
0
0
2 652 193
2 729 418
2 663 229
2 656 318
2 559 60
2 278 784
2 407 561
1 152
0
2 136 819
2 106 570
0
0
1 203
2 239 600
2 639 568
2 59 313
2 163 438
2 119 355
2 185 129
2 253 675
2 251 627
0
2 118 389
2 5 172
2 233 332
0
2 574 319
2 144 346
2 739 715
2 247 731
2 770 325
2 212 597
2 350 145
2 390 214
2 750 793
2 532 456
2 154 442
0
1 224
1 575
0
2 231 1
2 85 732
2 121 515
2 423 181
2 136 819
1 72
2 611 417
2 642 603
2 574 319
1 408
2 170 712
2 727 751
2 499 302
2 794 544
0
1 780
0
0
2 811 459
2 720 537
2 92 415
2 806 132
2 563 304
1 758
0
2 427 820
1 65
2 134 691
1 231
2 686 403
2 494 778
2 4 32
2 805 755
1 197
0
2 385 655
1 516
2 127 182
0
0
2 555 569
0
1 262
1 388
0
0
2 220 264
2 467 565
2 250 450
2 554 491
1 397
0
0
1 714
2 166 90
2 398 135
1 454
0
2 186 552
2 620 578
2 652 193
2 34 163
1 263
2 275 3
2 392 196
2 12 658
2 617 650
2 4 32
2 289 178
1 560
0
1 527
2 725 50
0
2 38 519
2 553 815
2 533 589
0
0
2 792 654
0
0
2 402 293
1 184
2 415 336
2 314 377
0
0
0
2 417 775
0
2 710 341
2 195 580
2 281 489
1 124
0
0
2 141 665
2 5 172
2 483 213
2 686 403
1 583
2 628 270
2 288 523
2 253 675
2 762 556
2 586 248
0
2 130 67
0
1 644
2 668 734
2 654 296
2 557 761
0
1 624
2 683 212
1 357
2 144 346
2 570 622
2 221 138
2 180 657
0
2 317 474
0
2 187 66
2 221 138
2 451 539
2 705 682
2 657 432
2 531 225
1 311
0
2 642 603
2 101 500
1 548
2 155 490
2 81 571
0
2 621 620
2 442 538
2 80 86
0
2 557 761
1 648
2 781 44
2 142 329
0
0
2 285 794
1 323
0
0
2 324 469
2 145 125
2 622 477
2 432 230
2 456 201
2 402 293
1 446
1 61
2 109 525
2 489 616
2 475 384
2 490 496
2 291 543
2 325 433
2 7 407
0
2 796 440
2 97 816
0
0
0
2 361 512
0
2 545 639
2 269 368
2 199 241
0
2 105 542
2 257 753
1 27
2 244 766
2 226 94
1 344
0
2 503 664
2 103 573
0
2 325 433
2 36 452
2 199 241
2 200 160
2 338 376
0
0
0
0
2 442 538
0
2 56 535
2 223 643
0
2 768 358
2 477 653
0
0
2 537 427
0
2 227 258
2 171 579
0
0
2 7 649
2 788 120
2 606 740
2 136 819
0
0
1 110
2 561 74
0
2 706 335
0
0
2 205 97
0
2 308 697
0
2 617 650
2 280 121
0
0
0
2 321 294
2 127 182
0
2 163 438
0
2 557 761
2 806 132
2 422 164
0
2 324 469
2 62 161
2 449 267
0
2 574 319
2 643 769
0
2 475 384
0
0
0
0
2 126 96
2 788 120
0
2 433 343
0
2 214 63
0
0
1 641
0
2 728 335
1 399
2 613 141
2 410 284
2 187 66
2 729 418
2 59 313
2 201 530
2 101 500
2 4 32
0
2 198 663
0
2 2 390
2 350 145
2 313 503
2 402 293
2 391 683
0
2 604 602
2 8 91
0
2 86 594
2 765 752
0
0
0
0
1 659
0
0
0
1 754
2 750 793
0
2 617 650
2 332 42
1 27
1 624
2 105 542
2 514 314
2 56 535
2 738 391
0
2 192 95
2 259 795
0
2 404 590
2 541 621
0
0
2 299 393
2 373 562
0
0
0
2 700 410
2 115 283
0
2 466 53
0
2 782 423
0
2 314 377
0
2 233 332
2 81 571
0
0
0
0
2 574 319
2 688 52
0
2 670 520
0
0
0
2 448 473
0
0
2 374 220
1 759
1 724
1 231
0
0
1 203
0
2 95 455
0
0
2 264 770
2 291 543
0
2 672 208
0
0
2 627 39
2 245 148
2 146 245
2 729 418
0
2 372 514
0
0
2 393 422
2 301 24
2 354 429
2 328 505
2 44 701
0
0
0
1 315
1 711
2 239 600
0
1 714
2 559 60
2 725 50
1 58
0
0
0
0
2 652 193
2 620 578
1 454
2 573 286
0
0
2 94 223
0
1 349
2 224 782
2 288 523
2 50 362
0
2 220 264
0
2 407 561
2 485 327
0
0
2 290 166
0
0
1 516
2 195 580
0
0
0
0
2 767 76
2 669 430
2 296 149
2 783 292
0
2 668 734
2 555 569
2 155 490
0
1 607
2 730 539
2 656 318
0
2 83 692
0
2 103 573
1 122
0
0
0
0
2 557 761
0
0
0
2 415 336
2 594 251
0
0
2 500 773
0
0
2 196 299
0
2 104 551
2 476 185
1 648
2 640 45
0
0
0
2 188 118
0
1 470
2 820 239
0
2 217 401
0
2 640 45
2 796 440
2 705 682
1 234
0
0
2 289 178
0
0
2 250 450
0
1 587
1 583
2 268 188
0
1 124
0
0
1 548
0
1 509
1 484
0
2 235 38
0
2 144 346
2 805 755
2 355 800
2 52 821
0
2 584 727
2 126 96
2 181 285
0
0
2 505 725
0
0
2 533 589
0
0
0
0
2 142 329
2 210 153
2 555 569
0
0
0
0
0
0
2 652 193
0
2 568 173
0
0
2 608 312
0
0
2 778 591
0
0
2 145 125
2 187 66
2 266 352
1 397
2 623 533
0
2 180 657
0
2 775 633
0
2 154 442
2 389 792
0
1 123
1 72
0
0
2 200 160
2 519 738
1 721
0
2 490 496
2 553 815
0
2 462 89
0
2 516 467
0
0
0
0
2 589 670
0
0
2 676 521
0
0
2 278 784
2 654 296
1 704
2 1 689
0
0
0
0
0
2 257 753
1 717
0
1 380
1 709
1 726
2 811 459
2 83 692
0
2 520 12
2 173 593
2 67 328
2 556 280
2 212 597
0
2 400 610
2 244 766
0
1 536
0
1 184
2 461 601
2 97 816
2 253 675
2 118 389
2 199 241
1 685
1 48
0
0
2 285 794
2 385 655
2 385 655
2 618 308
0
2 144 346
0
1 744
2 565 710
1 527
0
2 540 73
2 480 392
0
2 130 67
0
2 697 806
0
2 57 649
2 809 789
0
2 740 47
1 344
2 275 3
0
2 255 246
0
2 712 688
2 593 210
2 392 196
2 760 700
0
0
2 361 512
1 143
2 796 440
0
0
2 168 46
2 228 634
2 341 101
2 545 639
0
0
2 736 504
2 511 232
2 230 706
2 136 819
2 466 53
2 247 731
0
2 153 776
0
0
1 9
2 135 205
2 647 444
2 727 751
2 404 590
2 757 518
2 414 699
2 739 715
1 478
2 42 623
2 251 627
0
0
2 358 424
2 696 730
0
0
0
0
0
0
0
2 668 734
0
0
2 317 474
2 456 201
1 596
1 311
0
2 816 154
2 642 603
2 686 403
2 523 781
0
0
2 22 723
0
2 586 248
0
2 642 603
1 35
0
2 71 2
0
2 707 581
0
0
0
0
0
1 493
2 310 373
2 628 270
0
2 338 376
0
0
0
2 80 86
2 805 755
0
2 237 499
0
0
2 524 696
0
2 611 417
2 291 543
2 678 613
2 69 453
2 563 304
0
0
2 435 736
1 295
2 621 620
0
0
0
2 432 230
0
0
1 780
2 733 735
2 378 306
0
0
2 231 1
2 257 753
2 34 163
0
2 695 618
0
2 247 731
0
2 498 414
2 494 778
2 361 512
2 278 784
2 462 89
2 662 383
0
0
2 765 752
1 26
1 174
2 564 669
0
2 7 407
0
1 207
2 455 92
2 390 214
2 221 138
2 17 316
0
0
0
2 179 630
0
0
0
1 716
2 438 374
2 417 775
0
0
2 597 237
2 790 386
1 791
0
2 354 429
2 398 135
0
2 105 542
2 352 288
1 646
2 274 100
2 134 691
0
2 793 703
2 504 68
1 357
2 171 76
2 310 653
1 758
2 552 524
1 546
2 800 266
1 388
1 560
2 807 631
0
0
0
0
0
0
1 464
2 703 130
2 73 59
1 360
0
2 213 480
0
0
2 289 178
2 563 304
0
2 309 140
0
0
1 748
0
2 783 292
2 633 678
2 687 707
2 576 629
0
1 150
0
0
2 186 552
2 616 80
2 818 309
2 720 537
2 4 32
2 22 723
2 149 54
2 5 172
1 323
1 651
2 551 34
0
2 127 182
2 229 400
0
2 24 532
0
0
2 448 473
1 817
0
0
2 470 235
2 485 327
2 465 259
2 676 521
2 402 293
0
1 104
2 185 129
0
0
2 631 818
2 423 181
1 152
0
2 773 290
2 336 274
2 503 664
2 366 720
2 39 797
2 281 489
2 129 488
0
0
2 515 62
2 489 616
2 722 242
2 461 601
0
2 811 459
2 179 630
2 728 398
0
0
0
2 794 544
1 785
2 250 450
1 263
2 663 229
2 85 732
0
2 699 465
0
0
0
1 741
0
2 161 790
0
0
0
2 570 622
2 701 416
1 419
0
0
2 189 265
2 326 320
2 475 384
0
0
2 686 403
2 554 491
2 148 233
0
2 511 232
2 610 541
1 77
2 119 355
0
2 17 316
2 109 525
0
2 809 789
0
2 215 82
2 683 212
1 446
0
0
2 792 654
2 672 208
2 134 691
0
1 774
0
0
1 644
2 591 57
2 324 469
2 85 732
2 68 584
0
0
0
0
1 177
1 261
2 451 539
2 739 715
0
0
0
2 722 242
2 317 474
2 189 265
0
2 781 44
1 445
0
2 416 227
2 467 565
2 795 733
1 760
2 284 119
2 269 368
1 666
2 302 799
0
0
0
0
2 12 658
1 176
2 28 106
1 169
0
2 626 545
0
0
2 268 664
2 553 815
0
2 166 90
2 226 94
2 689 146
0
2 54 11
2 751 626
2 369 165
2 164 109
1 379
2 255 246
2 112 472
2 63 564
1 575
0
2 559 60
0
0
0
1 30
2 121 515
2 538 479
2 604 602
0
2 769 155
0
0
2 532 456
0
2 506 350
0
0
2 797 531
0
0
2 142 329
1 281
2 770 325
2 479 180
0
0
2 677 494
2 639 568
2 306 762
0
1 408
2 140 506
2 38 519
2 576 629
2 92 415
0
0
2 215 82
0
2 11 540
0
0
2 578 186
2 90 228
2 628 270
0
0
1 522
2 662 530
2 46 69
2 343 103
2 614 807
2 81 571
0
2 622 477
2 383 483
2 430 677
0
1 192
2 106 570
2 326 320
2 600 28
2 705 682
2 581 23
2 386 168
2 518 614
0
0
0
0
2 799 449
2 369 165
2 488 750
2 586 248
2 269 368
2 554 491
2 453 647
2 762 556
2 244 766
2 141 665
2 657 432
2 5 172
2 195 580
2 8 588
0
1 757
1 197
0
0
2 483 213
2 253 675
0
2 776 767
0
2 348 476
0
2 377 608
2 91 378
0
2 525 301
2 531 225
2 125 115
0
2 735 687
0
2 217 401
0
2 451 198
0
2 283 606
0
2 562 366
2 100 226
0
0
1 224
2 427 820
0
2 321 294
0
0
2 271 632
0
2 221 138
2 763 636
0
2 763 636
1 695
2 225 170
2 112 472
2 36 452
1 425
1 31
2 371 426
2 656 318
1 345
0
2 544 611
0
0
0
2 275 3
0
1 457
2 371 426
0
2 634 372
2 271 632
2 579 435
2 74 71
2 710 341
0
1 65
2 499 302
1 303
0
2 444 588
0
0
1 61
2 658 768
1 262
2 132 498
2 170 712
2 388 348
0
