858 936 831
1 78
2 132 126
0
2 761 378
1 914
1 36
2 884 480
2 344 531
2 718 395
2 30 270
2 503 495
2 717 520
1 833
2 483 636
1 498
2 181 250
2 538 311
0
2 246 552
1 201
2 598 595
2 672 747
2 823 508
2 429 369
1 705
2 929 659
1 866
2 423 31
2 425 921
2 422 313
2 927 726
1 194
2 553 919
2 733 323
1 128
2 260 827
1 399
1 4
2 354 510
1 471
2 806 814
1 428
2 839 473
2 846 513
2 901 534
1 97
1 55
1 397
1 493
2 139 266
1 121
2 291 918
2 333 812
1 366
2 5 773
2 171 34
2 256 499
2 526 746
1 875
2 601 49
2 309 894
1 470
1 196
2 481 321
0
1 893
2 720 825
1 785
2 88 890
2 796 294
2 66 299
1 543
1 272
1 747
2 125 805
1 6
2 764 148
1 659
2 826 467
1 485
1 527
2 756 366
1 519
1 150
2 28 687
1 682
1 384
1 73
1 436
1 398
1 3
2 124 367
1 807
1 109
2 874 308
2 666 803
2 113 598
1 588
2 719 885
2 776 464
2 412 459
1 734
2 49 122
2 400 884
2 280 37
2 416 818
2 590 504
2 910 681
2 632 184
1 772
2 153 788
2 651 797
2 217 107
1 104
1 236
2 800 314
1 112
1 322
1 501
2 310 315
2 587 228
2 906 507
2 293 101
1 660
2 915 498
1 891
1 61
1 303
2 133 697
1 268
1 803
2 118 130
1 24
1 675
2 530 763
2 768 2
2 339 727
2 418 172
1 420
2 82 743
1 279
1 433
1 446
1 555
1 614
2 867 331
1 251
1 453
1 559
2 375 838
2 482 589
2 691 822
2 46 657
1 199
2 684 711
2 174 258
2 936 769
1 372
2 29 417
2 35 136
1 267
1 908
2 480 714
1 692
1 799
2 689 39
1 25
2 402 748
2 172 771
2 421 330
1 266
2 232 846
1 219
2 903 819
2 899 65
1 711
0
0
1 521
2 679 649
2 368 676
2 669 2
2 7 42
1 345
2 533 42
1 281
2 540 219
2 650 91
1 581
1 694
2 754 700
1 409
2 259 645
2 184 202
2 537 932
1 932
1 744
2 597 371
2 575 775
1 741
1 900
2 431 802
2 707 335
2 494 865
2 595 533
2 545 876
1 589
2 162 131
1 657
1 524
1 444
2 885 399
2 180 404
2 499 727
2 516 15
1 531
1 636
2 407 534
2 179 210
2 911 51
2 781 910
1 154
1 107
2 843 9
1 388
2 228 5
2 458 106
2 108 78
2 47 781
2 626 337
1 285
2 410 62
2 509 619
1 546
1 712
2 828 539
2 262 394
2 622 584
2 742 475
1 138
2 77 102
1 374
2 686 915
1 562
1 928
1 83
1 283
1 838
2 676 518
1 703
2 763 895
1 924
2 815 446
2 386 483
1 704
1 183
2 523 54
1 922
1 801
2 58 16
2 760 3
2 129 152
1 455
1 641
2 39 40
2 647 765
2 331 372
2 586 117
2 185 110
1 473
2 725 218
1 222
1 821
2 115 730
2 167 506
2 10 927
1 122
1 881
2 214 382
2 212 662
2 364 778
2 715 478
2 8 354
2 161 208
2 461 411
1 804
2 72 680
1 518
1 570
2 931 565
1 451
1 197
1 21
2 683 762
2 557 869
1 850
1 836
1 714
2 620 734
1 186
1 270
2 437 774
2 613 724
1 834
2 619 880
2 902 213
2 439 442
2 677 557
2 693 195
1 392
2 430 215
1 798
2 563 290
1 652
1 479
2 67 847
1 395
1 549
1 921
1 489
2 189 358
1 500
2 341 53
1 897
2 148 415
2 238 685
2 70 279
1 119
2 663 68
2 68 264
2 732 33
2 748 44
2 44 384
2 633 222
2 869 253
1 277
2 71 1
1 724
2 271 128
1 105
1 340
2 120 232
1 394
1 582
2 596 886
2 443 919
2 517 179
2 348 614
2 195 716
2 802 162
2 274 168
1 321
1 114
2 520 272
2 387 173
1 23
1 583
2 84 794
1 63
1 159
2 69 98
2 146 559
2 256 191
1 432
1 320
1 621
2 585 526
2 86 672
2 525 569
2 233 364
2 809 646
2 98 764
2 325 635
1 878
2 17 26
2 820 481
2 568 405
2 743 750
2 152 617
1 362
1 857
2 327 307
1 874
2 654 468
2 381 578
2 211 556
2 880 753
2 898 275
2 155 678
2 135 450
1 15
2 757 740
1 229
2 889 166
2 565 835
2 393 690
1 335
2 547 729
1 681
2 801 241
1 131
2 157 441
2 507 761
2 225 18
2 254 843
1 313
2 376 137
2 404 316
2 797 822
1 440
1 203
2 505 798
1 571
2 356 568
1 299
1 426
1 854
1 782
1 383
2 606 688
1 630
1 48
2 608 902
1 818
1 912
1 248
1 200
2 615 674
2 472 644
1 286
2 191 479
2 441 686
1 367
2 204 472
1 377
1 26
1 791
1 450
2 314 141
2 182 857
2 140 427
2 690 767
1 116
2 205 647
0
1 347
2 237 493
1 737
1 916
2 625 84
1 110
1 484
2 814 120
2 766 704
2 265 785
2 716 522
2 378 238
2 296 630
2 819 907
2 405 872
2 329 445
2 678 206
2 164 94
2 54 503
2 323 261
2 13 396
1 253
2 447 153
1 837
1 567
1 865
2 629 709
2 427 284
1 379
2 656 562
2 406 124
1 738
1 795
2 528 412
2 276 772
2 206 691
2 578 523
2 297 892
2 216 848
2 536 563
1 627
2 210 825
1 695
2 241 516
1 671
2 289 325
2 316 616
2 342 32
1 817
2 373 400
2 710 63
1 381
1 143
2 700 935
2 774 755
2 877 56
1 60
2 935 742
2 600 20
1 401
1 175
2 87 611
1 723
2 16 281
1 141
2 95 300
2 81 721
2 759 920
2 873 174
2 506 329
1 295
1 475
2 749 788
2 165 821
1 699
2 848 566
2 100 233
2 735 48
2 156 229
2 579 888
2 52 134
1 242
2 491 17
1 169
2 351 517
1 594
1 561
2 624 346
1 513
1 649
2 170 119
2 623 429
2 665 375
2 257 151
1 792
1 464
2 469 130
2 79 108
2 226 115
1 258
1 337
1 793
2 845 717
1 328
2 53 465
1 618
1 365
2 286 432
1 290
1 736
1 445
1 577
2 1 59
1 442
2 548 551
2 9 706
1 132
1 721
2 282 353
1 168
1 433
2 85 906
1 218
2 149 365
1 877
1 576
1 304
2 535 782
1 213
2 856 648
2 74 898
2 868 783
1 318
2 448 104
2 888 159
2 198 641
2 777 733
2 539 500
1 488
2 99 719
2 391 121
2 457 555
1 909
1 306
2 38 298
1 670
1 193
2 864 462
2 438 391
1 751
2 235 75
2 127 766
2 907 594
2 209 6
2 529 693
2 709 116
1 350
1 758
2 326 494
2 497 829
2 863 277
2 541 387
2 126 362
1 264
2 840 35
1 96
1 234
1 346
2 37 471
2 923 776
1 745
1 685
2 852 768
2 239 736
1 904
2 655 770
1 334
2 190 426
1 59
0
1 396
2 829 360
2 240 467
2 510 723
1 603
1 762
2 514 248
2 882 113
2 855 570
2 247 668
1 917
1 713
2 93 699
2 300 288
1 80
2 460 754
2 934 250
1 284
1 566
1 574
1 605
2 151 592
2 577 607
2 771 840
2 34 787
2 14 262
2 207 789
1 584
2 696 758
2 920 209
1 224
2 616 623
2 65 780
1 575
1 352
1 645
2 307 133
1 816
0
2 512 146
2 411 519
2 617 310
2 896 418
1 142
1 664
2 358 406
1 12
2 390 91
1 573
0
1 90
2 602 624
2 434 732
1 244
2 192 448
1 496
2 640 265
2 424 567
2 765 651
2 648 24
2 456 618
2 158 70
1 883
1 702
1 338
2 851 615
2 913 11
1 638
2 382 548
2 336 377
2 355 52
2 392 694
2 593 728
2 408 775
2 465 123
1 767
1 701
1 522
2 414 289
1 769
2 11 328
2 706 240
1 123
1 613
1 842
2 572 274
1 287
1 890
1 786
1 187
1 45
2 231 695
2 92 692
2 177 823
1 102
1 27
2 369 773
2 835 147
2 787 45
1 861
1 145
2 360 56
2 643 845
2 43 187
2 75 628
2 680 231
1 841
1 895
2 515 315
1 230
2 163 438
2 687 157
2 511 85
2 646 71
1 610
2 176 621
0
1 302
1 454
1 273
2 859 456
2 749 192
1 933
1 628
1 860
1 33
2 658 731
2 434 809
2 311 13
1 106
1 830
2 144 14
2 103 424
2 403 61
2 136 29
2 389 756
2 894 504
1 166
1 560
2 662 225
2 550 185
2 305 791
2 878 808
2 871 326
2 208 72
1 476
1 892
1 642
2 50 770
1 827
0
2 755 288
1 18
1 94
2 805 710
2 62 642
1 478
1 698
2 722 871
2 740 573
2 20 718
2 227 936
1 925
1 831
1 486
2 32 560
2 419 155
1 477
2 495 470
2 343 535
2 220 606
2 688 198
2 637 607
1 31
1 813
1 371
1 847
2 918 511
1 653
2 580 820
2 459 282
1 413
1 275
2 255 558
2 599 933
2 508 435
1 385
2 361 929
2 542 587
1 611
2 111 454
2 51 735
1 668
2 886 73
2 89 142
1 558
2 778 21
2 832 306
2 644 514
2 811 540
1 708
2 592 30
1 466
1 609
1 824
1 101
2 357 600
1 160
1 726
2 452 863
2 298 336
1 57
2 780 790
2 604 881
1 789
1 474
2 40 38
2 330 474
1 746
2 532 875
1 202
2 728 292
1 243
2 215 833
2 137 883
1 308
2 249 779
1 221
1 591
1 544
2 134 524
2 312 864
2 269 280
1 572
1 391
1 388
2 398 610
1 787
1 227
1 522
1 809
1 218
1 721
1 479
1 55
1 478
1 13
2 791 723
2 155 487
2 109 766
1 353
1 244
2 279 580
1 360
1 428
1 260
2 390 652
1 14
2 538 87
2 453 593
1 408
2 138 560
2 662 340
1 513
1 483
1 421
1 830
2 384 227
2 185 97
2 352 794
1 206
1 159
2 762 70
2 168 233
2 593 823
1 195
2 618 164
1 444
1 5
1 355
2 106 297
1 2
2 786 570
1 577
2 413 442
1 253
1 661
1 703
1 628
1 573
2 470 405
2 348 634
1 172
1 682
1 822
1 12
1 323
0
1 101
1 84
1 436
1 632
1 654
1 92
1 276
2 736 589
1 287
2 247 318
2 550 539
2 213 735
1 604
2 658 830
2 733 679
2 181 330
1 145
2 40 710
1 579
2 372 597
1 364
1 353
1 47
1 639
1 34
2 325 829
2 611 779
2 183 27
2 76 438
1 83
1 257
1 608
2 461 806
2 629 406
2 177 733
1 97
1 409
2 320 76
1 112
1 50
1 713
2 290 664
2 58 78
1 743
1 581
2 315 128
2 226 207
2 776 510
2 72 432
1 439
2 405 458
2 647 592
1 128
1 452
1 235
1 590
1 91
2 420 617
1 324
1 710
1 197
2 669 25
2 433 71
1 529
1 799
2 368 769
2 37 108
2 426 522
2 448 804
2 53 697
2 300 390
1 7
2 10 559
2 310 461
2 126 702
1 598
1 68
2 588 599
1 691
1 504
2 705 162
2 417 665
2 596 675
2 706 48
2 59 544
1 132
2 209 239
2 4 751
2 560 42
2 567 66
2 638 146
1 484
2 693 196
2 30 734
1 46
1 660
2 432 828
1 414
2 625 827
2 179 10
1 718
1 613
2 345 369
2 806 627
1 386
2 789 598
2 699 478
1 677
2 749 218
2 828 241
2 242 473
1 813
1 729
1 271
1 102
1 288
2 317 566
2 265 387
2 539 485
2 272 718
1 554
2 64 125
1 24
1 123
1 488
2 651 275
1 766
2 202 614
2 790 124
1 178
2 268 433
1 190
2 546 490
1 440
2 760 284
2 75 548
2 63 700
2 163 134
1 107
2 86 322
2 458 628
2 62 717
2 369 501
1 43
1 133
1 583
1 327
1 476
2 568 808
2 331 528
1 142
2 543 611
2 803 745
1 475
2 71 332
1 318
1 739
1 715
1 704
2 748 81
2 617 215
1 767
2 597 383
2 708 266
2 371 173
2 103 172
2 526 249
1 366
2 754 524
2 657 496
2 309 574
2 152 2
2 600 772
1 769
2 203 708
2 100 616
2 273 421
1 808
1 236
1 535
1 566
1 94
2 753 692
2 165 295
2 551 671
2 157 178
1 162
2 3 61
2 31 235
2 117 31
1 402
1 70
2 380 109
2 661 656
2 299 28
2 294 546
2 496 231
1 540
1 27
1 169
1 783
1 174
2 341 650
2 457 393
1 518
2 620 506
1 38
1 592
2 230 453
1 609
2 301 1
2 201 796
2 663 573
2 489 426
1 122
2 442 271
1 150
1 578
2 89 49
1 536
1 636
2 668 269
1 637
2 286 343
1 354
1 821
1 507
1 359
1 378
2 646 378
2 121 79
2 33 660
2 328 454
1 506
1 451
2 709 220
1 282
1 569
1 455
2 147 771
2 57 763
2 387 802
2 238 147
1 771
0
1 283
2 492 326
2 431 704
1 645
1 211
2 587 663
2 319 821
1 825
2 346 753
1 537
1 726
1 591
2 135 412
1 397
2 831 562
2 394 213
2 784 658
1 66
2 336 144
2 811 792
1 527
2 643 410
2 735 268
2 298 761
1 349
2 429 561
1 275
1 8
1 11
1 497
1 322
1 557
2 750 648
1 562
1 375
1 512
2 344 88
2 254 395
1 687
2 104 286
2 241 507
2 515 304
1 727
2 599 662
2 575 602
2 316 328
2 151 789
2 267 321
1 26
1 464
1 494
2 445 594
0
2 412 564
1 41
1 574
2 224 585
1 54
1 621
1 630
2 99 301
2 650 791
2 192 613
1 815
1 44
1 374
2 49 204
1 434
1 422
1 827
1 541
2 188 550
2 339 425
1 200
2 381 324
2 256 11
2 606 55
2 231 760
1 351
1 207
2 523 136
2 77 6
2 36 467
2 45 242
1 187
2 635 713
2 603 563
2 82 40
1 585
2 601 381
2 411 145
2 549 674
1 761
1 524
2 738 494
1 118
2 469 607
1 468
2 314 194
2 376 26
1 427
1 681
2 482 577
1 495
2 392 424
2 243 517
2 487 94
2 758 596
1 85
2 631 191
1 358
2 111 642
1 462
2 742 801
2 356 714
2 182 439
2 449 141
2 509 540
1 719
1 67
2 280 749
1 800
1 532
1 714
1 98
2 525 169
1 269
1 184
2 751 236
1 180
1 171
2 813 356
1 640
2 108 489
1 180
2 415 9
1 114
2 81 502
1 475
1 373
1 511
2 672 657
2 816 262
2 633 684
2 293 69
2 734 587
2 623 317
1 671
1 6
2 542 788
1 399
1 289
2 18 455
1 29
2 552 270
1 576
2 340 526
1 189
2 60 481
2 465 459
1 723
1 685
2 400 505
2 220 80
2 219 143
2 595 285
2 284 135
1 485
1 501
2 752 206
1 146
2 17 167
2 614 646
2 533 237
1 820
1 175
2 729 360
1 312
2 615 138
2 616 372
1 363
2 702 640
2 555 581
1 499
1 263
2 728 515
0
2 167 737
1 797
1 740
2 22 447
2 770 371
1 416
2 545 673
1 447
2 553 636
2 88 305
1 321
2 602 376
1 173
2 137 288
1 124
2 42 202
1 425
2 306 575
2 717 693
2 305 820
0
2 120 647
1 222
2 204 764
2 619 342
1 642
2 471 289
1 274
2 641 267
1 16
2 627 429
2 446 75
2 498 86
1 698
2 626 484
2 158 525
1 170
2 664 787
1 570
2 379 102
2 20 469
1 297
1 477
2 707 533
1 326
2 250 115
2 334 234
1 365
1 246
2 612 767
1 794
1 78
1 251
2 382 509
1 795
1 450
2 136 809
2 15 667
2 404 651
1 342
2 48 238
2 96 276
1 161
2 725 465
2 430 798
1 347
1 730
1 547
0
2 473 491
1 778
2 115 477
2 283 682
2 153 152
2 544 89
1 337
2 648 254
1 285
1 249
2 814 472
2 430 46
1 690
1 589
1 93
1 460
2 798 470
1 193
1 229
1 829
2 395 595
2 383 111
1 732
1 330
2 815 590
2 292 483
2 510 479
2 141 780
2 333 831
1 531
2 674 567
2 530 245
2 225 730
1 156
1 144
1 696
2 520 495
2 559 411
1 119
2 505 182
2 134 511
2 216 195
1 221
2 792 670
2 164 327
1 28
2 61 334
1 52
2 21 743
1 196
1 667
1 683
2 466 420
2 711 451
2 234 319
2 517 669
1 264
2 622 132
1 292
2 296 54
1 362
2 534 130
2 675 155
2 95 281
1 266
2 781 186
1 582
2 139 116
1 670
1 756
1 90
1 160
2 755 348
1 198
2 396 551
1 239
1 605
2 656 547
2 826 399
2 419 140
2 757 19
0
2 514 250
1 304
1 823
2 131 499
2 700 346
1 32
1 500
2 385 176
1 232
2 773 535
2 438 296
2 516 701
2 759 631
1 270
2 338 122
2 637 82
2 361 750
2 23 21
2 819 392
1 79
1 747
1 87
1 775
2 802 638
2 9 409
1 701
2 15 471
2 779 654
2 653 431
0
2 824 612
2 746 417
1 407
2 782 203
1 240
2 716 358
2 731 443
1 208
2 307 541
2 205 199
2 724 183
2 528 520
2 450 622
1 659
2 69 137
2 252 626
2 744 177
1 624
1 110
2 51 553
2 584 273
2 56 64
2 410 291
2 474 274
1 441
1 217
1 424
2 423 159
1 801
1 720
0
2 199 532
2 357 99
2 737 50
1 491
1 440
2 807 512
2 812 157
2 401 74
2 332 464
1 278
2 607 223
2 565 404
2 339 382
2 74 299
1 793
1 563
2 805 368
1 741
2 586 293
1 774
1 454
2 228 615
2 594 59
2 652 385
2 255 740
2 377 8
1 564
2 684 240
2 644 754
2 258 445
2 143 668
2 176 104
2 797 352
2 480 68
1 665
1 804
1 679
1 237
1 186
2 245 168
1 406
1 210
2 502 687
1 548
2 764 785
1 818
2 634 529
1 676
1 463
2 456 446
1 105
2 689 694
1 308
1 65
1 154
2 25 320
2 116 462
2 678 90
1 350
2 329 354
2 810 460
1 215
2 768 13
2 261 396
2 39 95
2 692 187
0
1 796
2 443 119
1 490
1 313
1 694
2 295 571
2 655 198
2 302 434
1 1
2 508 357
2 472 402
2 343 335
2 686 77
2 127 643
2 214 189
1 486
2 666 492
2 777 185
1 519
1 649
1 262
2 277 30
1 166
2 335 545
1 558
1 780
1 772
1 191
2 367 722
1 493
1 712
1 435
2 129 24
2 73 14
1 233
2 148 824
2 19 474
1 194
2 673 623
2 223 277
2 521 437
1 459
1 125
2 403 503
2 80 498
2 817 441
1 437
1 580
1 503
2 610 175
1 259
1 697
1 680
2 388 770
1 722
1 481
2 130 311
1 695
2 35 56
2 311 225
2 370 365
2 281 569
2 763 52
2 745 379
2 571 618
1 149
1 418
1 561
2 556 457
1 765
1 389
2 467 39
2 212 819
1 393
2 788 370
1 785
2 113 629
2 291 197
1 248
1 140
2 303 536
2 688 43
1 48
0
1 325
1 206
2 703 546
2 550 266
2 265 341
1 578
1 725
2 301 566
2 423 327
1 802
2 576 221
1 823
1 523
2 602 638
1 44
1 443
0
2 508 518
2 359 139
0
1 316
2 426 714
2 613 25
2 525 67
2 565 688
2 372 578
2 30 812
1 721
1 166
1 214
1 210
2 304 755
1 46
2 227 796
2 52 133
1 330
2 169 532
1 149
0
0
2 774 92
1 735
2 812 481
2 4 42
2 708 36
2 111 166
2 320 228
2 39 509
1 521
1 641
1 251
1 29
2 355 337
2 712 146
2 370 137
1 299
1 622
2 770 322
1 669
1 694
1 26
1 387
1 773
1 92
2 587 190
1 811
1 494
1 784
1 275
2 668 412
2 47 162
1 249
1 454
0
1 100
2 572 259
1 250
2 198 703
1 124
2 126 344
2 566 189
2 267 349
2 473 265
2 54 684
2 88 219
1 632
1 403
1 779
0
2 332 621
2 160 404
2 490 814
2 137 746
1 164
2 5 747
1 650
1 229
1 619
1 722
1 607
1 463
2 72 7
2 497 181
2 818 371
1 715
2 597 241
1 76
1 511
1 223
2 647 590
2 608 706
2 727 186
2 230 651
2 640 118
1 483
2 37 334
2 66 315
1 557
1 577
2 201 49
2 720 445
2 611 601
1 247
1 216
2 674 681
1 384
1 496
0
1 411
2 391 640
2 529 216
1 140
1 207
1 105
2 393 633
1 203
1 786
2 171 770
1 173
1 747
1 167
1 676
1 805
2 445 830
1 363
2 831 756
2 115 154
2 579 574
2 757 375
2 422 569
2 315 77
2 739 73
2 351 105
1 471
1 549
2 307 498
2 464 773
2 130 722
1 89
1 369
1 564
1 18
2 120 325
2 65 369
1 609
1 547
1 446
2 570 810
1 628
1 806
0
2 638 299
2 553 271
1 176
1 278
1 456
2 335 588
2 476 798
2 155 198
2 180 278
1 402
1 790
1 457
1 451
2 807 384
1 380
2 726 182
2 264 458
2 280 805
1 746
2 292 155
2 483 426
1 687
2 12 218
2 507 243
1 93
1 560
1 449
2 279 176
1 765
1 427
2 714 745
1 108
1 146
1 131
2 810 667
2 225 31
1 729
2 256 98
1 122
2 648 54
1 489
1 212
1 533
1 776
1 778
1 677
1 649
1 113
1 38
0
2 385 596
1 524
1 334
2 472 264
2 617 636
2 36 531
2 377 474
2 401 391
2 699 193
1 630
1 28
1 531
1 439
1 114
2 394 87
1 466
1 534
2 615 520
1 16
1 467
2 824 21
1 317
2 244 160
2 670 429
1 182
1 785
0
1 417
0
1 340
2 738 386
2 129 447
1 573
1 297
2 365 227
2 202 605
2 185 289
1 731
2 152 291
0
1 221
2 293 522
1 789
1 660
2 799 407
2 688 304
2 709 708
1 11
1 736
1 804
1 241
1 435
1 752
1 429
0
2 598 759
2 50 225
2 554 272
2 730 52
1 94
1 605
1 103
1 67
2 737 152
1 179
2 363 418
1 136
1 413
0
2 420 480
0
1 717
2 671 471
1 614
1 311
2 392 489
1 755
0
2 480 656
2 433 600
1 544
1 678
2 732 136
1 270
1 788
2 682 68
2 235 469
2 764 16
1 303
2 118 515
2 751 649
1 116
1 702
0
2 430 462
0
1 41
2 515 641
2 128 826
2 552 680
0
2 192 460
1 559
2 188 138
2 78 685
1 399
1 418
2 174 113
1 310
2 253 178
1 517
1 603
1 744
2 246 223
1 528
2 7 811
2 322 147
2 135 525
2 555 331
2 519 204
1 809
1 539
2 61 671
1 415
1 254
1 205
2 696 2
1 498
1 516
1 450
2 159 551
1 624
1 495
2 481 292
2 775 751
2 779 765
1 741
1 19
2 827 430
1 393
2 442 538
1 795
2 661 297
2 532 459
2 288 342
2 339 477
0
1 558
2 693 82
2 263 318
1 273
1 59
2 469 44
2 98 165
2 623 428
1 220
0
2 381 248
2 252 108
1 85
2 353 199
1 148
2 31 57
1 575
2 748 295
2 689 762
2 9 156
1 829
2 110 663
2 635 214
1 750
1 319
1 296
2 106 230
2 34 330
2 352 217
1 112
2 447 823
1 345
1 456
1 468
1 542
2 595 571
2 803 804
1 584
2 766 610
1 526
1 23
1 97
1 712
2 217 677
0
2 713 175
0
2 10 206
1 486
1 310
1 386
1 662
1 408
2 240 670
2 138 185
2 243 66
2 400 263
1 593
1 390
1 283
1 63
1 412
2 68 184
1 548
0
2 639 783
2 282 34
1 141
2 387 806
1 376
2 800 120
1 96
1 512
2 583 543
2 404 652
2 588 352
1 189
2 690 122
0
2 184 617
2 821 777
1 35
2 596 659
2 665 564
1 540
1 208
2 395 177
1 767
1 493
2 396 169
2 536 187
0
0
1 707
1 56
1 697
0
0
2 326 513
1 822
2 762 416
2 719 612
1 518
2 571 666
2 305 558
1 215
2 666 786
1 295
1 211
1 414
1 323
1 132
1 13
2 672 493
1 733
1 127
1 47
1 193
1 537
1 461
1 627
1 500
1 2
2 107 791
1 777
1 407
1 119
1 791
2 568 439
1 591
2 452 781
0
1 479
1 535
2 681 411
1 306
2 761 78
2 233 454
1 366
1 675
1 644
1 361
2 170 635
2 781 754
1 255
1 331
1 344
1 637
2 40 453
2 599 495
2 271 28
1 441
1 70
2 133 268
2 621 220
1 470
2 181 592
1 501
1 156
2 53 565
2 142 183
1 556
2 272 338
1 725
1 337
1 820
2 178 611
1 109
1 798
1 64
1 134
2 194 819
2 276 533
1 248
2 458 700
2 754 476
1 82
1 161
2 825 340
1 116
0
0
1 421
2 257 360
1 691
0
1 646
2 80 195
1 706
2 154 285
1 626
2 236 284
2 431 215
0
1 187
1 656
2 465 46
1 49
1 64
2 286 444
1 482
1 357
2 701 808
1 826
2 438 213
2 153 431
1 342
1 17
1 274
1 367
1 123
1 562
2 151 364
2 700 261
2 224 115
2 341 662
1 590
1 461
1 62
1 290
2 291 255
2 259 350
1 51
2 698 628
2 86 735
1 375
1 546
2 360 424
2 73 196
2 545 690
2 172 634
1 653
1 95
1 763
2 419 231
1 631
0
1 462
1 680
1 143
1 673
1 516
1 569
2 504 51
2 509 645
1 232
1 819
2 382 359
1 147
2 506 831
1 574
2 600 678
2 379 365
1 158
2 373 632
1 371
2 175 744
1 245
2 685 478
2 358 197
0
1 743
1 298
0
1 130
2 543 294
1 277
2 69 437
1 127
1 782
1 27
2 261 472
1 586
1 580
2 759 287
2 258 163
2 783 323
2 731 650
1 664
1 24
2 226 675
1 645
1 191
2 200 803
2 234 507
1 219
1 43
2 502 827
2 604 357
2 324 467
0
2 25 475
2 336 540
2 87 194
2 20 314
1 257
0
2 459 432
2 317 45
1 815
2 616 510
2 428 37
1 553
2 40 171
1 448
1 165
1 238
1 289
1 102
1 228
2 585 273
1 364
2 378 828
2 567 258
2 667 372
2 808 14
2 684 542
2 262 65
2 718 153
2 813 582
1 209
2 625 591
1 771
2 488 89
2 312 545
1 32
1 413
1 655
1 222
2 797 288
2 474 396
1 724
2 551 554
2 117 682
2 14 544
1 801
2 163 366
2 610 168
2 144 784
1 728
1 242
1 657
1 90
2 328 761
2 150 529
2 734 1
1 55
1 218
2 629 449
2 84 820
1 347
1 302
1 321
2 8 782
2 620 170
2 695 774
0
2 389 802
0
1 319
2 308 448
1 527
1 830
1 409
2 642 390
1 15
2 81 824
1 284
0
1 1
2 760 514
2 769 616
2 434 321
1 190
1 196
2 561 757
1 287
1 643
1 237
0
1 333
0
0
2 651 33
2 796 422
2 145 743
2 77 414
1 520
1 42
2 294 503
1 398
2 266 528
1 157
2 213 148
1 716
1 633
2 410 619
2 300 282
2 424 442
1 697
2 514 229
1 581
0
1 740
1 822
1 177
1 460
2 817 275
0
2 281 398
1 318
2 758 307
2 768 80
0
1 436
1 440
1 793
0
2 745 630
0
2 269 655
2 477 29
1 612
0
2 485 306
2 654 599
1 314
2 492 639
1 179
1 405
2 601 693
1 104
2 368 311
1 636
2 313 293
2 168 161
2 183 766
0
1 99
2 328 283
1 503
1 794
2 335 75
2 816 39
1 3
1 338
2 499 301
1 742
2 6 665
1 374
2 592 382
2 145 720
2 260 807
2 388 86
0
1 658
1 692
2 309 647
2 362 351
2 634 126
2 686 83
1 437
2 478 58
2 455 305
1 74
1 33
1 60
2 753 718
2 195 140
1 792
1 594
1 199
2 704 93
1 719
1 794
2 618 9
2 780 362
2 204 202
1 419
2 121 143
1 450
2 683 629
1 689
2 487 53
2 139 785
2 285 433
2 541 549
0
2 679 780
2 406 150
2 563 274
1 212
1 505
2 510 736
2 723 604
2 453 277
1 705
1 814
1 349
0
1 329
0
1 425
1 83
2 348 614
1 729
1 22
1 350
2 347 760
1 606
2 663 281
2 582 707
1 205
2 522 253
2 327 726
1 125
1 581
2 589 816
2 45 679
2 491 192
1 197
1 768
2 101 683
1 308
2 652 22
2 79 420
1 397
1 231
1 828
2 75 400
1 444
2 57 584
1 749
1 711
1 403
2 91 511
2 530 188
1 432
1 383
1 58
2 71 59
1 356
1 659
1 787
1 710
1 475
1 756
2 772 753
1 30
2 500 394
1 346
2 380 17
1 21
2 162 494
2 343 530
2 41 19
2 513 20
2 535 379
1 538
1 541
2 354 388
1 268
1 186
1 239
2 416 374
2 484 302
