990 855 833
2 389 331
2 589 850
2 399 265
2 680 529
1 168
2 636 493
2 463 230
0
2 648 798
2 687 150
0
0
0
0
2 112 127
2 361 654
0
1 120
2 163 714
0
2 453 437
2 470 563
0
0
2 332 338
2 812 72
1 585
2 52 45
2 349 322
0
2 348 485
0
2 85 334
1 433
0
1 60
0
0
2 797 216
2 7 685
0
2 670 103
2 62 281
0
2 51 507
2 437 151
1 192
0
2 320 544
0
0
2 248 652
0
2 703 788
2 587 686
2 417 525
2 258 302
1 840
0
2 772 139
1 566
0
2 773 384
0
2 362 336
2 819 404
2 272 296
1 514
0
0
2 761 249
0
2 115 375
2 542 728
2 735 308
2 588 550
0
2 726 828
2 178 712
1 767
2 665 837
2 92 568
2 464 832
2 148 655
2 599 23
2 99 363
0
2 394 428
0
2 41 340
0
0
2 478 388
0
2 326 683
2 541 114
2 481 367
2 36 526
1 188
0
2 237 344
0
2 45 730
0
2 378 80
2 265 642
2 124 429
1 86
2 110 358
0
0
2 155 440
1 596
0
2 777 174
2 186 348
2 691 674
1 653
2 584 423
0
2 531 372
2 147 813
0
0
2 707 1
1 17
2 745 679
2 649 39
2 622 81
0
0
2 306 710
0
0
2 56 309
0
2 8 778
0
0
2 3 680
0
0
0
0
0
0
1 583
2 480 84
0
2 381 820
1 16
2 245 158
0
2 11 82
2 384 393
0
2 762 802
0
2 133 113
0
0
0
2 470 563
1 234
2 152 136
0
0
2 734 219
1 217
0
2 294 228
0
0
1 442
2 626 630
0
2 302 669
2 149 691
2 154 814
2 723 512
2 278 223
2 293 521
2 702 419
2 710 807
2 171 416
2 598 753
2 142 108
0
0
2 133 113
2 15 273
2 479 277
0
2 481 367
2 538 749
0
0
1 327
2 637 354
2 458 747
2 579 364
0
0
0
0
0
2 707 1
0
1 696
2 309 180
1 764
2 431 687
2 276 552
2 167 391
2 529 527
0
2 134 469
0
2 477 605
2 201 692
2 36 526
2 152 136
2 75 148
0
0
0
2 65 96
0
2 813 106
0
2 852 640
0
2 729 69
2 183 153
2 527 833
0
2 625 83
2 197 310
2 763 213
2 59 368
2 579 364
2 771 662
2 418 853
0
2 340 209
2 652 422
2 356 633
2 569 736
2 616 162
2 283 59
0
2 583 827
0
2 332 338
0
2 313 97
2 818 78
1 319
0
2 69 852
2 482 661
0
0
0
0
0
0
2 701 102
2 372 94
0
2 388 569
2 79 770
2 745 679
0
2 531 833
0
1 719
2 534 233
2 196 282
0
2 776 116
0
2 156 757
1 341
2 643 190
0
2 492 625
2 63 109
0
0
2 212 780
2 370 407
2 586 619
1 518
1 497
0
1 68
2 713 202
2 850 125
2 323 110
0
2 662 581
2 560 260
0
2 650 841
1 210
0
2 172 47
2 42 554
2 362 336
0
2 519 577
1 651
2 536 247
2 500 543
0
2 438 381
2 650 841
0
2 815 818
2 286 140
0
1 27
2 206 727
2 204 553
2 611 578
0
2 408 559
0
2 758 505
2 736 411
2 6 506
2 618 186
0
2 460 815
0
0
0
2 84 402
2 117 609
2 843 548
2 732 784
2 611 578
2 738 257
2 182 101
2 695 735
2 82 178
0
0
0
1 254
2 40 317
0
2 271 75
0
0
1 126
2 628 639
0
2 343 31
0
2 760 463
2 826 155
0
2 65 96
2 655 747
0
0
2 842 57
0
0
0
1 242
0
2 697 649
0
0
2 365 586
0
1 297
2 672 480
1 717
0
1 436
0
1 783
2 238 316
2 814 401
0
0
2 644 44
2 457 399
2 454 694
0
2 561 268
2 469 538
2 349 322
0
2 42 554
2 663 511
2 595 705
0
1 324
2 494 4
2 142 108
0
2 828 479
0
2 533 789
2 300 775
1 660
2 307 830
0
2 342 645
0
2 730 361
2 101 610
0
2 641 614
0
0
0
2 197 310
0
0
2 432 587
2 683 635
0
0
2 807 52
1 704
2 285 824
2 77 330
2 696 182
2 752 92
0
2 440 325
2 112 127
0
2 487 760
2 732 784
0
0
2 382 290
1 580
0
0
0
0
0
0
2 668 306
0
2 703 788
2 799 415
0
2 801 66
2 458 729
0
2 482 661
2 419 199
2 171 740
2 567 370
2 820 772
2 786 849
2 855 38
1 18
1 200
2 342 645
0
0
0
2 373 490
2 392 848
2 467 476
1 58
2 223 144
2 209 453
2 290 620
0
2 602 181
2 762 802
0
1 664
0
0
2 193 323
2 8 778
2 167 391
0
2 57 797
0
2 830 663
0
2 216 508
0
0
2 150 347
2 511 454
0
0
2 305 637
0
1 253
2 296 715
2 506 283
0
2 376 834
0
0
2 686 546
0
2 353 207
2 67 684
2 281 270
1 465
2 574 496
2 183 153
2 556 597
2 329 382
2 599 23
0
2 496 7
1 621
2 415 161
1 26
0
2 607 134
2 308 826
0
2 610 617
0
0
2 765 711
2 105 709
2 328 816
2 67 684
2 66 149
2 530 304
2 690 441
2 249 726
0
0
1 111
0
0
2 613 829
0
1 346
2 626 630
2 477 605
2 673 570
0
0
0
2 102 85
2 556 597
2 109 286
2 632 457
0
1 466
2 220 769
0
0
0
2 666 549
0
2 238 316
2 325 720
0
2 533 789
1 846
2 822 380
2 464 83
1 606
2 584 423
0
0
2 638 258
0
0
0
2 125 431
0
0
1 118
2 733 438
2 217 460
2 392 848
0
0
2 284 64
0
0
0
2 393 574
2 180 771
0
2 577 206
2 640 56
1 716
0
2 435 390
0
0
1 524
2 252 89
1 781
2 763 326
0
0
0
2 243 576
2 10 350
0
0
2 734 219
0
2 191 451
2 520 98
0
0
0
2 582 467
2 560 260
1 744
0
2 305 853
0
2 642 656
0
0
0
0
2 795 473
2 571 673
0
2 354 164
1 495
2 144 9
2 717 516
0
2 750 515
2 765 711
0
2 485 184
2 40 317
2 568 63
0
2 614 501
0
0
2 598 753
2 837 776
1 491
2 407 3
0
2 146 46
0
1 693
2 114 752
0
1 540
2 819 404
1 447
2 44 414
0
0
2 491 557
2 378 720
0
0
2 99 363
2 484 6
1 395
1 456
2 169 365
2 122 444
0
1 121
2 64 329
0
2 334 259
2 353 207
2 553 622
0
0
1 510
0
0
2 694 376
0
2 827 589
0
2 252 89
2 146 46
0
2 230 374
0
2 15 273
0
0
0
0
2 658 445
1 513
2 749 582
2 39 266
2 557 624
2 546 618
0
2 196 282
2 847 41
2 498 287
0
2 139 343
0
2 550 272
2 199 530
1 488
2 34 588
2 609 733
2 809 775
0
0
0
2 624 195
2 592 675
2 389 331
1 421
0
2 564 636
0
2 184 536
2 156 757
1 29
2 319 248
2 705 567
2 414 417
1 333
2 427 843
2 798 311
0
0
2 516 11
2 758 400
0
0
0
2 90 145
2 824 227
2 78 320
2 800 492
2 38 154
0
2 94 294
0
2 552 638
2 245 158
2 441 799
1 256
1 385
2 373 490
0
1 528
2 839 761
0
2 851 439
2 191 451
2 411 695
0
0
2 777 174
0
0
2 270 88
2 10 350
0
2 832 847
1 215
2 51 507
0
1 138
2 493 91
2 161 627
2 237 344
2 164 147
2 508 519
0
0
0
0
2 786 849
0
2 79 770
0
0
0
2 656 383
0
1 751
0
2 227 677
0
0
2 439 644
2 116 487
0
0
2 520 98
1 759
0
1 593
1 426
0
2 77 330
2 851 619
0
0
0
0
0
2 669 571
2 468 193
2 502 648
1 137
2 21 697
2 795 473
2 544 842
1 264
2 570 505
0
0
2 172 47
0
2 494 4
2 525 307
2 311 670
2 31 791
2 713 202
2 259 809
0
2 401 641
2 91 489
2 602 181
2 358 500
2 416 117
2 163 714
2 9 380
2 422 773
0
0
0
2 90 145
2 658 445
2 201 692
0
2 635 468
1 321
2 834 169
2 266 328
2 750 515
2 277 213
2 654 690
2 300 62
0
2 347 855
0
0
0
2 627 575
1 647
0
0
2 543 387
0
0
2 715 801
2 80 478
2 540 432
0
2 228 595
0
2 435 390
0
0
2 131 157
2 738 257
0
2 304 357
1 766
2 368 427
0
2 400 502
0
0
0
0
0
2 727 403
0
0
2 561 268
2 220 769
0
0
0
0
0
2 728 271
2 581 542
2 723 512
0
2 131 157
2 643 190
0
2 247 613
2 816 701
1 295
2 822 607
2 791 564
0
1 261
2 122 444
2 105 709
2 224 702
2 592 675
0
0
2 274 276
0
2 408 559
1 688
2 103 274
0
0
2 498 287
2 628 639
0
2 195 224
2 677 800
0
2 685 204
0
2 106 665
2 387 839
0
2 668 575
0
2 616 162
2 111 672
2 829 394
2 212 780
1 141
2 313 97
0
0
2 293 521
0
0
2 243 576
1 76
0
2 356 633
2 402 632
2 489 740
2 115 375
2 534 233
0
2 88 21
0
2 151 285
0
2 549 522
2 617 34
0
2 357 484
2 522 278
2 476 339
2 339 666
0
0
1 239
2 383 284
2 374 418
2 812 72
0
2 712 541
2 124 429
0
2 296 696
2 134 504
2 289 434
2 749 505
1 39
2 271 203
2 697 595
0
2 476 580
2 38 423
0
0
0
0
2 781 211
2 136 813
0
1 304
2 630 335
0
2 284 818
2 692 486
0
0
2 452 333
2 477 373
1 679
2 378 492
2 160 685
0
2 83 456
0
2 688 154
1 129
0
1 497
0
0
2 582 171
2 796 665
0
2 654 447
2 495 402
0
2 110 242
2 818 74
1 664
0
2 784 435
0
0
2 547 776
0
2 468 562
2 290 176
2 210 817
2 444 578
1 166
0
2 568 399
1 731
0
2 61 158
0
2 732 712
2 513 186
2 671 293
1 828
0
0
2 536 268
0
2 249 401
2 58 826
2 62 734
2 173 591
0
2 90 609
2 78 462
1 101
2 514 499
2 230 648
2 411 192
2 218 742
2 500 618
2 616 761
0
2 193 585
0
2 760 704
0
0
2 216 272
0
2 237 311
2 740 424
2 605 693
2 111 307
1 666
0
2 37 207
0
2 492 603
0
2 183 48
2 434 153
2 414 490
1 359
2 750 357
0
0
2 437 607
1 324
0
2 830 342
2 59 83
2 400 368
1 167
2 733 392
0
2 538 527
2 182 675
0
0
2 205 131
1 179
2 275 501
2 743 109
2 587 366
0
0
2 711 768
0
0
2 156 178
0
2 512 387
0
0
2 404 749
0
0
0
0
0
0
1 132
2 560 339
0
2 208 623
1 141
2 577 245
0
2 206 798
2 158 67
0
2 60 50
0
2 200 32
0
0
0
2 692 486
1 381
2 681 168
0
0
2 396 808
1 87
0
2 518 466
0
0
1 474
2 51 145
0
2 578 165
2 26 400
2 487 143
2 220 793
2 138 349
2 370 302
2 184 24
2 768 21
2 557 128
2 331 509
2 73 804
0
0
2 200 32
2 45 525
2 69 53
0
2 605 693
2 139 362
0
0
1 644
2 812 372
2 330 565
2 727 371
0
0
0
0
0
2 205 131
0
1 714
2 178 63
1 736
2 646 38
2 386 700
2 436 389
2 505 479
0
2 554 440
0
2 800 643
2 815 308
2 111 307
2 681 168
2 281 218
0
0
0
2 341 825
0
2 675 187
0
2 382 353
0
2 403 81
2 799 583
2 479 416
0
2 84 135
2 581 653
2 285 810
2 391 122
2 727 371
2 191 44
2 795 113
0
2 704 10
2 776 599
2 316 708
2 355 116
2 589 668
2 259 391
0
2 132 640
0
2 452 333
0
2 803 746
2 723 68
1 459
0
2 81 382
2 752 709
0
0
0
0
0
0
2 326 615
2 527 658
0
2 272 355
2 30 70
2 275 501
0
2 538 416
0
1 223
2 398 262
2 496 546
0
2 604 297
0
2 269 713
1 345
2 393 350
0
2 420 84
2 369 126
0
0
2 363 785
2 283 543
2 318 705
1 735
1 549
0
1 471
2 340 662
2 504 619
2 493 750
0
2 44 627
2 227 337
0
2 219 814
1 266
0
2 691 791
2 104 313
2 732 712
0
2 199 772
1 15
2 478 702
2 515 354
0
2 6 208
2 219 814
0
2 3 723
2 770 231
0
1 224
2 163 125
2 251 253
2 483 622
0
2 241 431
0
2 544 572
2 116 144
2 352 91
2 1 59
0
2 232 3
0
0
0
2 339 282
2 240 213
2 467 642
2 118 348
2 483 622
2 832 453
2 174 528
2 442 62
2 798 78
0
0
0
1 475
2 537 35
0
2 270 281
0
0
1 432
2 320 112
0
2 52 695
0
2 624 697
2 181 437
0
2 341 825
2 742 565
0
0
2 481 809
0
0
0
1 759
0
2 198 743
0
0
2 655 318
0
1 673
2 105 560
1 394
0
1 415
0
1 88
2 54 744
2 143 229
0
0
2 762 201
2 417 289
2 433 651
0
2 409 464
2 440 139
2 160 685
0
2 104 313
2 533 480
2 82 405
0
1 107
2 659 315
2 73 804
0
2 609 69
0
2 680 641
2 470 821
1 367
2 408 626
0
2 346 730
0
2 603 136
2 528 789
0
2 588 635
0
0
0
2 581 653
0
0
2 376 290
2 311 755
0
0
2 21 378
1 771
2 344 260
2 97 120
2 714 174
2 239 230
0
2 607 291
2 781 211
0
2 450 624
2 118 348
0
0
2 47 472
1 455
0
0
0
0
0
0
2 322 711
0
2 468 562
2 130 451
0
2 124 42
2 330 403
0
2 752 709
2 24 751
2 557 188
2 254 283
2 623 568
2 17 485
2 575 89
1 96
1 195
2 346 730
0
0
0
2 228 569
2 95 172
2 601 94
1 325
2 349 159
2 10 284
2 472 767
0
2 667 56
2 60 50
0
1 72
0
0
2 102 493
2 512 387
2 436 389
0
2 809 582
0
2 626 533
0
2 171 255
0
0
2 423 600
2 480 433
0
0
2 663 812
0
1 699
2 293 379
2 91 259
0
2 323 299
0
0
2 176 656
0
2 617 264
2 449 66
2 402 674
1 71
2 816 287
2 799 583
2 248 551
2 189 47
2 500 618
0
2 287 796
1 12
2 451 710
1 576
0
2 563 554
2 734 181
0
2 789 579
0
0
2 235 779
2 540 106
2 807 263
2 449 66
2 42 26
2 586 204
2 258 190
2 268 90
0
0
1 358
0
0
2 598 234
0
1 689
2 51 145
2 800 643
2 265 418
0
0
0
2 615 688
2 248 551
2 126 770
2 347 417
0
1 517
2 133 397
0
0
0
2 520 596
0
2 54 744
2 291 180
0
2 680 641
1 257
2 719 753
2 411 135
1 155
2 733 392
0
0
2 833 444
0
0
0
2 619 646
0
0
1 523
2 542 6
2 87 232
2 95 172
0
0
2 594 754
0
0
0
2 67 816
2 63 191
0
2 772 163
2 353 156
1 636
0
2 460 726
0
0
1 567
2 79 657
1 419
2 285 237
0
0
0
2 786 677
2 209 621
0
0
2 396 808
0
2 305 484
2 221 343
0
0
0
2 448 601
2 227 337
1 18
0
2 663 113
0
2 153 774
0
0
0
0
2 584 778
2 703 265
0
2 372 756
1 597
2 159 498
2 394 725
0
2 23 34
2 235 779
0
2 456 707
2 537 35
2 648 369
0
2 635 548
0
0
2 331 509
2 499 604
1 649
2 543 404
0
2 443 553
0
1 244
2 424 239
0
1 162
2 513 186
1 9
2 201 650
0
0
2 649 164
2 183 180
0
0
2 616 761
2 407 352
1 747
1 672
2 77 655
2 566 274
0
1 629
2 754 189
0
2 154 670
2 617 264
2 253 587
0
0
1 510
0
0
2 651 323
0
2 640 134
0
2 79 657
2 443 553
0
2 595 64
0
2 45 525
0
0
0
0
2 574 328
1 545
2 362 448
2 109 773
2 164 137
2 656 1
0
2 496 546
2 247 760
2 55 794
0
2 399 52
0
2 591 671
2 751 586
1 611
2 652 173
2 213 542
2 332 821
0
0
0
2 137 632
2 395 146
2 296 696
1 273
0
2 388 271
0
2 707 478
2 269 713
1 522
2 459 547
2 405 254
2 650 210
1 312
2 745 467
2 580 212
0
0
2 725 206
2 544 690
0
0
0
2 521 530
2 260 377
2 68 784
2 721 420
2 89 487
0
2 658 518
0
2 700 833
2 577 245
2 190 130
1 336
1 384
2 228 569
0
1 286
2 829 536
0
2 647 489
2 305 484
2 144 442
0
0
2 830 342
0
0
2 674 445
2 209 621
0
2 192 247
1 356
2 110 242
0
1 170
2 203 267
2 710 317
2 37 207
2 756 182
2 255 199
0
0
0
0
2 17 485
0
2 30 70
0
0
0
2 774 508
0
1 564
0
2 377 16
0
0
2 489 762
2 297 450
0
0
2 221 343
1 780
0
1 559
1 236
0
2 97 120
2 647 705
0
0
0
0
0
2 165 703
2 375 102
2 535 476
1 439
2 117 198
2 584 778
2 435 481
1 99
2 418 572
0
0
2 691 791
0
2 659 315
2 817 408
2 212 654
2 695 676
2 340 662
2 670 332
0
2 229 588
2 267 625
2 667 56
2 357 515
2 128 240
2 630 335
2 498 753
2 599 61
0
0
0
2 521 530
2 574 328
2 815 308
0
2 755 375
1 457
2 299 77
2 773 807
2 23 34
2 53 810
2 813 258
2 470 495
0
2 600 575
0
0
0
2 317 593
1 534
0
0
2 354 310
0
0
2 379 124
2 48 216
2 162 376
0
2 466 82
0
2 460 726
0
0
2 463 361
2 832 453
0
2 204 805
1 8
2 122 745
0
2 690 535
0
0
0
0
0
2 125 729
0
0
2 409 464
2 133 397
0
0
0
0
0
2 826 270
2 627 58
2 220 793
0
2 463 361
2 393 350
0
2 702 598
2 263 326
1 294
2 719 563
2 676 388
0
1 142
2 566 274
2 540 106
2 454 184
2 395 146
0
0
2 438 386
0
2 241 431
1 788
2 447 438
0
0
2 55 794
2 320 112
0
2 632 454
2 16 721
0
2 665 251
0
2 187 514
2 310 829
0
2 322 593
0
2 589 668
2 358 105
2 234 193
2 363 785
1 65
2 803 746
0
0
2 370 302
0
0
2 786 677
1 85
0
2 316 708
2 282 347
2 625 188
2 249 401
2 398 262
0
2 445 117
0
2 74 344
0
2 596 197
2 579 652
0
2 805 407
2 197 138
2 94 22
2 22 520
0
0
1 738
2 508 594
2 64 795
2 477 373
0
2 462 740
2 414 490
0
2 205 131
0
2 543 404
2 659 315
0
2 407 352
2 287 796
2 512 387
2 159 498
2 209 621
2 725 206
0
0
0
2 45 525
1 141
1 179
1 96
0
0
2 445 117
0
2 500 618
0
0
1 576
1 224
0
1 522
0
2 52 695
0
0
2 579 652
0
2 111 307
0
2 575 89
2 743 109
2 537 35
2 247 760
2 104 313
0
2 762 201
2 378 492
2 443 553
2 691 791
0
0
0
2 110 242
2 21 378
0
0
0
2 353 156
2 481 809
1 325
2 259 391
1 497
0
2 470 495
2 648 369
2 594 754
2 341 825
2 124 42
2 449 66
1 471
2 403 81
0
0
2 477 373
0
0
2 270 281
1 85
2 97 120
2 723 68
2 30 70
2 183 48
2 587 366
2 206 798
2 84 135
2 560 339
2 615 688
1 359
0
2 674 445
2 79 657
2 521 530
2 203 267
2 239 230
0
2 527 658
0
2 341 825
2 803 746
2 221 343
2 616 761
0
2 174 528
2 326 615
2 654 447
0
2 540 106
2 675 187
0
2 73 804
2 369 126
2 493 750
1 358
2 781 211
2 200 32
2 740 424
2 249 401
2 604 297
2 128 240
1 523
0
1 304
1 629
2 566 274
0
2 414 490
2 504 619
1 432
2 781 211
0
0
0
2 463 361
0
2 200 32
2 563 554
0
2 681 168
1 439
1 170
2 568 399
2 770 231
1 65
2 73 804
0
2 349 159
2 521 530
2 443 553
2 756 182
2 281 218
2 42 26
2 38 423
2 818 74
2 681 168
2 799 583
2 89 487
2 181 437
2 269 713
2 463 361
2 577 245
0
0
2 451 710
2 589 668
2 630 335
2 372 756
0
0
2 436 389
1 39
2 299 77
0
2 557 188
2 691 791
0
2 830 342
0
0
0
2 798 78
0
2 178 63
2 667 56
2 714 174
2 799 583
2 456 707
0
2 1 59
0
1 666
0
2 393 350
2 305 484
1 664
2 375 102
0
2 137 632
2 496 546
2 581 653
0
2 24 751
1 195
2 815 308
2 340 662
0
2 665 251
0
2 772 163
2 617 264
0
2 704 10
1 266
0
2 363 785
2 53 810
0
1 356
2 582 171
1 87
0
2 396 808
2 133 397
0
0
2 138 349
2 632 454
0
0
2 260 377
2 518 466
0
2 697 595
0
0
2 398 262
1 381
0
0
2 37 207
2 54 744
1 738
0
0
1 759
2 786 677
0
2 577 245
0
2 478 702
2 459 547
2 536 268
0
0
2 79 657
1 699
1 475
0
1 336
2 832 453
2 833 444
2 154 670
2 227 337
1 142
0
0
1 99
2 289 434
2 109 773
0
2 409 464
0
2 402 674
2 826 270
2 591 671
2 45 525
2 447 438
0
2 438 386
2 69 53
2 197 138
0
0
2 495 402
2 496 546
2 91 259
2 508 594
2 74 344
2 126 770
2 55 794
0
0
2 47 472
0
0
2 370 302
2 658 518
1 294
2 671 293
1 673
0
0
2 470 821
0
2 444 578
0
2 586 204
2 663 113
2 322 711
2 817 408
2 62 734
2 156 178
2 581 653
2 580 212
0
2 803 746
0
0
2 54 744
2 537 35
0
1 459
2 68 784
1 457
2 160 685
2 102 493
1 107
2 607 291
2 285 237
1 644
2 773 807
2 754 189
2 97 120
2 296 696
2 452 333
1 312
2 688 154
0
2 732 712
0
2 452 333
2 94 22
2 760 704
1 345
2 346 730
2 399 52
2 37 207
0
1 689
2 423 600
2 59 83
2 160 685
2 209 621
0
0
2 617 264
2 812 372
0
2 316 708
2 204 805
2 750 357
0
0
2 603 136
2 732 712
2 616 761
2 727 371
2 77 655
0
2 605 693
2 391 122
0
2 254 283
0
2 538 527
2 228 569
2 595 64
2 249 401
2 651 323
0
2 183 180
0
2 498 753
2 6 208
2 189 47
2 774 508
2 61 158
1 384
0
2 354 310
2 216 272
2 296 696
2 460 726
2 436 389
2 95 172
2 158 67
2 234 193
1 747
0
0
0
2 417 289
2 544 690
2 143 229
2 339 282
2 125 729
2 513 186
0
0
2 283 543
2 241 431
0
0
2 116 144
0
0
2 201 650
2 130 451
2 557 128
2 650 210
2 64 795
2 184 24
0
1 273
2 776 599
2 733 392
0
0
1 236
2 122 745
2 193 585
2 414 490
0
2 619 646
2 162 376
1 129
0
2 460 726
1 415
2 284 818
2 542 6
2 647 489
2 437 607
2 258 190
1 474
0
2 566 274
2 574 328
0
1 9
0
0
0
2 305 484
0
2 10 284
2 480 433
0
1 672
2 347 417
2 330 565
0
2 87 232
0
0
2 624 697
2 411 135
1 71
1 517
2 448 601
2 755 375
2 554 440
2 692 486
0
0
2 584 778
0
0
2 601 94
2 800 643
2 48 216
2 609 69
2 105 560
2 605 693
2 752 709
0
2 805 407
2 83 456
0
2 297 450
1 611
2 267 625
2 228 569
1 649
2 721 420
2 271 203
2 659 315
1 597
2 816 287
1 549
2 55 794
0
2 357 515
2 635 548
2 690 535
0
0
2 418 572
2 352 91
2 110 242
2 171 255
0
1 510
2 533 480
2 220 793
1 545
1 828
2 23 34
2 394 725
0
1 735
2 255 199
2 221 343
2 370 302
2 596 197
0
1 567
2 210 817
2 111 307
2 505 479
1 286
2 749 505
2 751 586
2 538 416
0
2 680 641
2 398 262
0
2 707 478
0
2 440 139
0
1 162
2 462 740
2 627 58
2 515 354
2 784 435
0
2 176 656
0
2 467 642
2 520 596
2 173 591
0
2 386 700
2 251 253
2 104 313
0
2 248 551
2 649 164
0
2 241 431
2 227 337
2 409 464
0
2 692 486
2 676 388
0
1 731
2 405 254
2 230 648
2 272 355
2 265 418
2 165 703
0
0
2 67 816
2 317 593
2 786 677
2 199 772
2 483 622
2 727 371
1 455
2 44 627
2 362 448
1 132
2 733 392
1 679
2 655 318
2 376 290
2 652 173
2 640 134
0
0
2 395 146
1 559
0
2 466 82
1 324
2 248 551
2 331 509
2 500 618
0
0
2 667 56
0
0
2 800 643
1 155
2 719 563
0
2 240 213
2 528 789
2 483 622
0
2 702 598
2 588 635
0
2 589 668
2 789 579
2 656 1
2 318 705
2 472 767
1 12
2 253 587
0
2 164 137
2 420 84
2 51 145
2 710 317
2 320 112
0
2 51 145
0
2 282 347
2 316 708
0
2 311 755
2 388 271
2 663 812
2 700 833
2 320 112
2 382 353
2 229 588
2 434 153
2 393 350
2 489 762
2 346 730
0
1 534
2 535 476
2 198 743
2 219 814
1 15
2 547 776
1 167
2 136 813
2 218 742
2 153 774
0
2 574 328
0
1 367
2 752 709
2 191 44
2 626 533
1 72
2 187 514
2 22 520
0
2 322 593
2 578 165
2 212 654
0
2 358 105
2 703 265
2 400 368
2 395 146
0
2 377 16
0
2 275 501
2 404 749
0
0
2 237 311
2 449 66
2 796 665
2 290 176
2 646 38
1 788
0
2 813 258
2 26 400
2 815 308
1 244
2 433 651
2 144 442
1 714
2 117 198
0
0
0
2 263 326
2 454 184
2 468 562
1 771
2 82 405
0
2 205 131
0
2 540 106
2 711 768
2 235 779
2 78 462
2 340 662
2 630 335
2 293 379
1 636
1 394
0
1 223
2 291 180
0
0
2 220 793
0
0
2 268 90
2 163 125
2 58 826
2 330 403
2 492 603
0
2 118 348
2 213 542
2 396 808
2 442 62
2 355 116
0
2 832 453
0
2 625 188
0
0
0
1 18
2 275 501
0
2 742 565
0
2 139 362
2 23 34
1 564
2 424 239
2 331 509
0
0
0
2 269 713
2 544 572
1 780
2 450 624
2 829 536
2 60 50
2 285 810
1 736
2 235 779
1 8
1 101
0
2 133 397
2 30 70
2 63 191
2 623 568
2 599 61
0
2 332 821
2 499 604
2 830 342
2 512 387
0
2 363 785
1 419
0
1 88
2 118 348
0
2 17 485
0
2 468 562
2 680 641
0
2 695 676
0
0
0
2 584 778
0
2 809 582
2 476 580
2 190 130
2 16 721
2 379 124
2 60 50
0
0
0
0
2 768 21
0
2 670 332
0
0
2 477 373
2 182 675
2 487 143
2 232 3
2 807 263
0
2 3 723
2 513 186
2 208 623
0
2 719 753
0
2 344 260
0
2 734 181
2 132 640
2 90 609
2 598 234
2 408 626
0
2 411 192
2 479 416
2 323 299
0
0
2 514 499
0
2 310 829
1 166
2 219 814
2 435 481
2 745 467
0
0
1 257
2 192 247
2 95 172
2 17 485
2 134 504
2 647 705
2 81 382
2 795 113
0
2 600 575
