843 813 843
2 557 521
1 749
2 504 327
2 7 131
2 623 106
0
0
2 503 323
2 617 751
0
2 107 768
2 722 189
1 325
0
2 566 472
2 148 603
2 650 215
2 649 469
2 794 489
0
1 743
1 56
2 690 452
2 155 414
2 139 309
2 275 565
2 226 33
1 548
1 758
0
1 387
2 26 717
2 276 373
2 304 513
2 813 662
2 146 442
2 652 214
2 634 99
2 105 376
2 417 365
1 428
2 678 467
0
1 661
2 669 356
2 490 225
1 667
1 399
2 668 336
1 91
2 229 484
2 112 250
0
2 159 652
2 65 749
2 235 16
2 531 339
2 74 390
2 284 74
2 700 82
2 797 426
2 364 753
2 181 216
2 583 1
0
1 476
2 290 188
1 536
2 535 128
2 213 170
2 39 335
1 331
2 313 554
1 742
2 410 304
1 377
2 441 673
0
2 654 536
2 453 388
2 804 194
2 381 167
1 386
2 572 681
2 543 280
2 8 116
2 530 159
2 21 313
2 743 137
2 153 624
2 783 689
2 811 55
2 673 810
2 425 805
2 699 609
0
2 533 704
2 292 658
0
0
2 631 455
1 217
2 424 103
2 37 158
0
2 692 776
2 290 188
2 515 704
1 111
2 134 122
2 686 421
2 141 803
2 212 502
2 717 680
2 404 322
2 533 600
2 444 626
1 461
2 602 138
1 73
0
0
1 619
2 780 166
2 13 424
2 366 348
2 786 193
1 472
2 545 799
2 142 54
2 513 60
2 787 252
1 257
2 251 346
0
1 67
2 116 499
2 491 709
2 629 534
1 436
1 428
2 54 5
2 706 616
2 748 721
2 267 200
2 675 85
0
2 655 642
2 176 453
2 242 561
2 619 240
0
2 48 181
0
2 661 248
2 92 316
2 145 294
1 733
1 501
2 460 279
1 522
2 469 663
1 340
2 71 438
1 470
2 751 752
1 419
2 674 632
2 337 446
2 736 417
1 170
2 421 617
2 681 266
2 730 94
2 757 124
2 383 317
2 114 449
2 362 788
1 694
0
2 707 432
1 702
0
1 305
1 440
2 230 407
2 182 807
2 216 523
2 171 736
1 94
2 741 418
2 413 282
2 679 804
1 190
2 774 174
1 81
0
2 434 700
1 79
2 448 458
1 701
2 411 627
2 397 370
0
2 136 25
2 130 180
2 806 756
1 637
2 58 754
1 495
2 788 666
2 552 107
2 494 716
2 278 300
2 526 212
1 628
1 725
2 69 707
2 486 3
2 483 76
2 389 308
0
2 430 625
2 228 105
2 643 528
1 40
2 329 734
2 770 512
2 319 173
1 84
0
1 357
2 640 263
2 337 324
2 398 179
2 443 371
1 253
2 813 662
0
2 691 599
2 20 785
0
2 31 614
2 260 257
2 593 515
2 280 509
0
1 355
1 52
2 133 110
2 11 420
1 694
0
2 359 272
2 206 440
2 603 439
2 183 27
1 594
0
0
0
2 119 15
2 457 169
2 564 809
2 732 226
2 112 250
2 314 728
0
2 568 22
2 331 239
2 482 2
2 213 502
1 729
2 462 220
1 218
0
1 66
2 398 436
2 220 275
2 727 746
2 178 427
2 186 778
2 40 296
2 301 307
2 450 443
2 609 353
2 672 82
2 379 48
1 705
2 419 14
2 458 650
0
1 796
2 611 742
0
2 270 425
1 558
2 636 394
2 8 697
2 401 404
2 566 360
0
2 416 142
2 577 593
2 696 769
2 759 246
2 194 510
1 246
1 800
2 247 61
0
2 244 340
2 196 625
2 352 572
0
1 121
0
2 42 396
2 45 795
2 302 471
1 209
2 500 644
2 57 299
0
0
2 551 369
2 374 127
2 492 678
2 499 527
1 573
2 781 169
2 802 703
2 760 351
2 765 525
2 309 659
0
2 198 635
2 750 519
1 792
2 630 315
2 384 640
2 369 422
2 238 633
2 651 201
0
2 620 141
2 154 798
2 802 703
2 23 46
2 529 423
2 644 631
2 135 42
0
1 113
2 437 400
2 297 86
1 585
2 663 596
2 794 489
2 27 675
2 656 364
2 289 401
2 517 306
0
2 781 647
0
2 161 136
1 461
1 621
2 801 312
2 805 479
2 684 199
2 456 564
2 86 51
2 427 297
2 595 2
2 400 264
2 811 55
1 286
2 592 578
1 208
1 406
2 506 577
2 754 541
2 543 348
1 225
2 444 158
1 298
2 463 63
1 232
2 528 655
2 140 77
2 5 634
2 24 735
1 735
2 26 376
1 43
2 610 690
1 520
2 101 450
2 406 192
2 689 748
2 318 9
1 481
2 269 787
2 51 269
2 569 621
2 597 118
1 613
2 580 150
2 390 576
2 755 255
2 21 332
2 193 580
2 11 354
0
2 411 638
2 604 391
1 646
2 567 152
0
2 639 537
2 374 127
2 383 106
2 367 712
0
2 793 587
2 199 739
2 550 618
1 18
2 586 770
2 165 320
2 726 708
2 16 583
2 565 165
2 677 476
1 385
2 442 37
2 273 36
2 727 746
2 414 228
2 267 657
2 310 89
2 674 632
2 538 481
2 718 643
2 553 363
2 59 392
2 773 692
2 422 598
2 13 605
1 775
0
2 759 65
2 4 615
0
1 519
2 177 706
2 405 210
0
0
2 135 642
2 153 624
2 258 41
0
2 479 434
1 354
2 510 545
1 431
1 769
2 613 343
2 484 323
2 672 292
2 744 569
2 549 162
2 635 34
2 300 44
2 125 79
0
0
1 568
2 452 524
2 134 122
2 80 349
2 550 618
2 509 575
1 104
2 608 475
2 629 610
2 517 306
2 347 670
2 496 495
1 196
1 651
1 698
2 599 620
2 100 125
2 44 362
1 14
2 467 412
2 799 164
1 52
2 90 341
2 166 648
2 407 366
2 488 192
1 157
2 120 602
2 779 641
2 160 688
2 33 435
2 343 288
2 50 397
0
2 696 460
1 49
1 88
2 295 276
2 670 98
1 259
1 589
2 752 381
2 140 77
2 449 379
2 239 445
2 238 633
2 101 150
2 38 123
2 541 638
1 386
0
2 658 347
0
2 327 298
0
2 245 656
1 793
0
0
2 248 765
2 775 454
2 329 734
2 81 87
2 757 132
2 789 149
1 723
0
1 701
2 131 311
2 214 506
2 695 699
0
1 274
2 200 430
2 320 256
1 777
2 256 114
2 682 732
2 412 345
2 807 295
2 720 12
2 34 361
2 154 798
1 100
2 359 285
2 790 592
2 666 310
1 18
2 433 468
2 753 507
2 287 415
2 219 555
2 493 229
2 598 341
0
2 531 339
1 168
2 322 574
2 99 771
2 149 429
2 523 773
2 25 767
2 164 58
2 596 571
1 121
2 639 537
2 604 446
2 648 459
2 627 182
1 741
0
2 615 686
1 522
1 17
2 408 233
2 721 695
2 768 235
0
2 305 231
2 47 120
2 173 278
2 501 108
2 478 288
2 308 115
2 516 423
2 97 508
2 582 291
2 745 333
1 49
2 774 174
2 349 556
2 626 342
2 175 352
0
2 426 535
2 810 242
1 654
2 294 319
2 574 493
2 90 286
2 630 315
2 554 93
2 152 175
1 562
2 723 585
2 287 415
2 167 289
2 272 104
2 95 500
2 498 244
1 563
2 265 71
1 480
2 266 198
2 96 75
2 491 591
0
0
2 544 708
2 438 245
0
2 722 189
2 767 586
1 795
1 465
1 143
2 451 281
2 328 474
2 318 9
2 578 780
1 70
2 3 12
2 581 518
0
1 715
0
2 687 236
2 709 157
2 677 20
0
1 724
0
2 60 416
2 576 405
0
2 408 516
2 370 582
1 764
2 252 498
1 671
0
2 4 232
2 433 739
2 784 800
2 731 581
2 647 195
2 755 255
2 418 279
1 31
1 560
1 622
1 551
2 641 410
2 291 530
1 413
1 432
0
2 202 740
2 725 745
2 240 570
2 361 155
2 771 171
2 702 448
2 217 336
0
2 64 183
2 332 548
2 302 471
2 236 178
0
0
2 455 797
2 207 328
2 738 230
2 439 492
2 726 62
1 324
1 351
2 303 358
2 251 346
0
0
2 215 552
2 317 211
2 66 387
2 43 172
2 57 478
2 345 738
2 243 80
2 394 247
1 41
2 518 719
2 92 311
2 575 148
2 368 395
1 109
2 115 145
2 540 534
2 474 53
2 210 117
0
1 716
0
2 494 542
0
2 32 139
2 102 682
2 388 146
2 261 268
2 809 544
2 273 683
2 429 778
2 688 597
0
2 451 281
0
1 532
2 67 168
1 437
2 123 367
2 371 284
1 729
0
2 719 789
2 17 777
2 223 234
2 539 109
2 108 454
0
1 612
2 420 151
2 459 161
2 144 611
1 563
2 776 785
2 206 553
2 119 110
1 555
2 485 233
2 223 234
0
0
2 237 160
2 201 258
2 195 47
2 524 441
2 296 237
1 202
2 556 786
2 605 671
0
2 85 176
2 393 718
2 56 249
1 653
2 117 243
2 98 130
1 360
1 490
2 601 382
2 293 679
2 772 126
1 191
1 391
2 118 102
2 470 253
2 373 293
2 591 163
2 263 540
0
2 720 503
2 62 95
2 344 758
1 557
2 128 456
2 806 756
2 803 64
0
2 353 393
0
2 231 529
2 227 549
2 801 312
2 78 30
1 659
2 525 389
2 282 462
2 435 219
1 714
2 180 270
2 61 384
2 705 207
2 669 356
0
0
2 431 730
2 396 783
1 761
2 680 567
1 466
2 475 595
2 571 314
2 138 687
2 463 63
2 561 636
2 1 265
2 53 790
2 600 50
2 137 779
2 147 683
2 151 649
2 342 691
2 728 731
2 243 680
2 762 8
2 463 256
1 305
1 191
1 461
1 320
1 356
2 421 187
2 250 130
2 364 153
1 718
1 279
1 261
2 597 162
2 403 590
2 201 515
2 280 504
2 80 42
1 711
2 550 144
1 5
2 164 281
2 686 316
2 782 317
2 43 667
2 185 743
2 253 181
2 815 754
0
2 165 410
2 77 65
2 564 30
2 123 562
2 314 791
2 475 249
2 536 395
2 402 406
2 563 561
2 646 217
2 139 643
2 722 92
0
1 214
2 737 764
2 145 602
1 512
0
1 342
0
2 835 802
2 424 127
1 595
2 289 536
2 762 555
2 541 284
1 767
2 831 225
2 665 831
2 648 544
2 784 414
2 331 384
2 50 276
2 255 717
0
2 598 627
2 20 184
1 786
2 73 76
2 484 443
1 625
1 398
2 60 140
1 657
2 311 123
2 724 800
2 118 28
0
1 500
2 758 533
2 734 197
2 171 70
2 236 117
2 676 689
2 208 586
2 796 620
2 13 289
2 391 503
2 550 589
1 481
2 388 298
2 736 527
2 28 75
2 350 617
2 405 448
0
2 257 608
2 819 59
2 476 373
0
2 353 271
1 725
0
2 104 577
1 279
2 102 426
1 184
2 324 608
0
2 29 793
2 427 706
2 773 64
2 27 137
2 65 301
2 666 467
2 257 220
2 739 651
0
2 272 656
2 380 632
0
0
2 287 825
2 813 198
2 668 829
2 581 200
2 703 173
2 66 74
2 551 411
2 212 510
2 562 142
2 131 105
1 333
2 374 161
0
0
1 778
2 827 546
2 67 613
2 82 195
1 650
2 510 596
2 49 615
2 370 94
2 98 461
2 229 252
0
2 389 603
2 228 758
2 535 660
2 287 825
2 247 352
2 812 50
1 715
2 214 674
1 236
2 221 517
2 654 652
1 471
2 489 239
2 699 33
2 504 799
0
2 216 742
1 815
2 187 839
1 425
2 638 505
2 423 247
2 446 646
0
2 706 421
2 689 453
2 296 386
2 721 505
0
2 431 3
2 97 712
1 822
0
2 390 378
2 479 175
1 761
2 128 83
1 623
2 38 313
2 89 122
2 276 622
2 494 446
2 485 71
1 809
2 746 714
2 15 734
1 687
2 295 730
2 223 293
1 602
2 788 648
2 369 470
2 285 480
2 175 341
2 756 612
2 616 478
2 128 83
2 439 278
2 828 41
2 215 372
1 134
2 51 9
1 31
2 712 1
2 136 364
2 816 538
2 26 701
2 27 379
1 662
1 438
2 86 728
1 724
2 698 713
2 780 377
0
1 805
2 268 563
2 506 696
1 837
1 203
2 237 322
2 39 771
1 450
0
2 93 511
2 25 346
2 320 423
1 741
2 658 779
2 359 775
2 456 314
0
2 501 363
1 630
0
0
2 340 518
2 558 324
2 586 169
0
1 460
2 509 264
0
2 530 549
1 58
0
2 224 328
0
2 590 120
2 160 10
2 497 148
0
0
0
1 132
1 635
2 294 85
2 435 185
1 127
2 755 575
2 210 110
2 155 605
2 433 109
1 170
2 484 443
1 606
2 124 726
1 140
1 380
2 341 299
2 334 96
2 726 43
2 199 738
2 21 116
2 129 264
2 837 7
1 661
2 760 658
2 448 240
2 270 544
2 371 812
2 745 767
2 74 537
2 480 201
1 226
2 472 777
0
0
2 631 350
1 493
2 329 211
2 796 620
2 244 666
0
0
2 81 212
2 36 558
2 707 210
1 351
2 197 227
0
0
2 540 88
1 100
2 732 259
1 537
2 580 676
0
2 838 783
0
2 733 141
1 188
2 4 418
1 584
2 759 678
2 209 469
1 233
1 460
2 54 107
2 61 843
2 636 722
1 468
2 254 205
2 291 47
2 172 650
1 312
2 436 87
0
0
2 607 174
0
0
2 766 338
2 693 25
1 410
2 567 398
2 267 764
1 286
2 610 773
2 382 19
0
0
2 156 842
2 678 353
2 526 733
0
1 334
2 71 82
2 163 401
1 625
2 799 601
2 80 42
2 10 229
2 534 331
2 768 244
2 213 218
0
2 291 458
0
2 785 439
2 367 826
1 469
2 514 572
2 617 111
1 383
2 750 294
2 401 798
2 116 163
2 532 570
2 192 54
0
1 570
2 576 44
2 604 527
2 790 259
2 649 36
2 9 609
2 208 200
0
2 739 577
1 808
2 822 569
2 641 263
2 696 389
2 483 205
2 596 402
2 583 68
2 231 441
2 77 561
0
2 727 164
1 509
2 235 760
2 790 325
2 298 370
2 618 345
2 709 578
2 482 131
2 798 482
2 598 413
2 193 400
0
2 729 807
2 225 787
2 568 417
2 391 503
2 173 729
1 530
0
2 756 833
2 392 91
0
2 57 748
0
2 283 752
1 61
2 5 744
2 454 814
0
1 130
2 584 565
1 230
2 125 24
2 16 237
2 477 245
2 265 151
2 284 255
2 667 477
1 238
0
2 249 104
2 180 513
2 199 738
2 316 268
1 343
2 99 48
1 638
2 709 194
2 548 506
2 110 95
2 754 365
2 545 102
2 731 261
2 668 829
2 79 499
2 772 48
2 351 234
2 297 186
2 356 293
2 744 273
1 690
2 349 327
2 619 34
1 260
2 526 603
2 167 481
2 275 103
2 777 789
2 111 788
1 300
2 227 551
2 797 781
2 306 393
2 204 152
2 802 22
2 270 819
1 457
2 366 407
2 174 308
2 701 757
2 369 470
2 318 566
1 40
2 155 605
2 281 669
2 29 360
2 574 559
2 230 340
2 169 11
2 684 217
1 740
2 67 727
1 213
2 841 183
1 383
1 681
1 194
2 583 68
2 363 610
2 542 466
2 757 97
1 333
2 92 747
2 411 178
0
2 573 691
2 198 332
2 313 581
2 642 679
2 491 170
2 303 272
2 840 556
2 146 330
2 743 319
2 204 152
2 836 616
0
2 489 239
1 700
1 106
2 90 564
2 183 811
2 624 690
2 393 456
2 839 171
2 488 483
2 3 371
2 433 109
2 492 567
2 235 807
2 566 582
2 609 833
2 422 296
2 698 512
2 59 841
2 800 495
2 256 440
1 376
2 354 534
2 112 422
0
2 386 242
2 674 436
2 79 166
2 203 318
2 751 323
1 804
2 525 394
2 615 523
1 344
2 740 101
2 368 121
2 395 649
2 659 405
1 793
2 304 387
2 803 132
2 245 653
0
2 653 431
2 519 435
2 747 362
2 122 90
0
2 308 385
2 382 19
2 60 529
1 125
2 452 576
2 1 99
0
2 708 326
2 384 323
2 522 713
2 189 539
2 222 835
1 735
2 700 266
2 499 404
1 655
2 467 348
2 406 663
2 394 571
2 622 545
2 278 262
2 178 51
2 601 560
1 138
2 283 415
2 392 91
2 332 56
2 612 89
2 809 233
0
2 186 427
2 699 33
2 449 495
1 148
2 94 659
2 153 541
1 677
1 600
2 702 303
2 771 26
2 459 432
2 552 307
2 377 626
1 181
2 776 347
2 409 465
2 135 664
2 695 192
2 295 241
2 559 557
2 651 553
2 177 580
2 500 554
2 414 73
2 75 535
2 397 486
2 517 39
2 348 222
2 573 691
2 766 338
1 355
2 748 177
0
0
1 522
2 70 768
1 55
2 521 759
2 644 732
2 670 282
2 487 216
0
2 453 607
2 231 107
2 827 546
2 661 242
1 290
2 154 151
2 742 354
0
2 718 670
2 262 16
2 588 789
0
2 772 335
2 528 420
2 207 176
2 618 345
2 44 813
2 444 241
2 633 438
2 147 63
0
0
1 490
2 292 23
2 838 783
2 643 630
2 543 429
1 357
1 681
2 142 81
2 787 349
0
2 600 72
2 478 409
2 168 47
2 105 644
2 113 688
1 629
2 297 223
2 708 326
2 288 179
2 496 147
2 458 774
2 568 417
2 624 705
2 474 628
0
0
2 66 119
2 556 311
2 465 13
2 746 381
0
1 752
1 260
2 337 647
2 786 695
2 385 686
2 663 494
2 479 285
2 685 725
0
2 45 160
2 352 253
2 4 418
2 23 21
2 623 795
1 150
2 271 784
2 202 207
2 697 38
2 120 636
2 265 302
2 511 471
1 288
1 637
2 374 161
1 578
1 390
2 515 136
1 95
2 360 497
2 32 404
2 209 420
2 362 697
2 682 574
2 211 540
2 664 275
2 63 587
2 441 652
2 11 403
2 101 137
2 206 582
2 626 221
2 508 613
2 176 671
2 327 763
1 731
2 304 645
2 654 379
1 704
1 162
2 782 273
2 720 519
2 533 475
2 372 486
2 85 154
2 180 513
2 571 765
2 330 193
1 357
1 528
0
2 692 523
2 655 440
1 657
2 454 814
2 779 665
2 606 524
0
2 587 525
1 195
2 723 685
1 114
2 459 432
0
1 518
2 549 749
2 56 785
2 820 645
2 408 22
2 426 735
1 449
2 179 529
0
2 569 376
2 472 723
0
2 498 455
2 593 146
1 647
2 774 702
2 669 118
2 7 593
1 412
2 557 703
2 113 688
1 795
2 252 228
2 2 548
2 457 442
2 455 611
2 763 682
2 811 828
2 490 121
0
2 641 473
2 6 15
2 493 218
1 325
1 375
2 400 720
2 359 424
2 30 6
0
2 346 508
1 321
2 246 694
2 302 521
2 806 639
2 243 680
2 76 750
2 378 215
2 64 45
1 492
2 240 2
0
2 156 842
2 407 464
2 514 572
1 150
1 126
2 87 780
2 714 124
2 319 189
2 463 818
2 41 631
2 88 693
2 745 202
2 737 84
0
1 769
0
2 141 388
0
2 301 57
2 585 801
2 520 532
2 560 755
2 656 292
1 31
2 660 329
2 717 487
2 671 452
2 220 836
2 589 840
1 191
2 749 280
2 553 501
2 575 496
2 255 717
1 520
1 633
2 297 315
2 510 596
1 24
0
1 620
2 618 584
1 654
2 530 181
1 770
2 668 829
1 723
2 78 523
2 541 284
1 195
2 125 591
0
0
2 391 503
2 155 605
1 383
1 583
2 439 278
2 77 561
2 160 10
2 761 832
1 312
1 532
2 47 103
2 782 69
2 185 743
2 174 308
1 239
0
2 249 104
2 566 470
1 625
2 837 543
2 664 275
2 526 733
2 32 188
2 701 757
1 188
0
2 774 702
2 371 812
1 700
2 220 836
2 401 798
2 509 741
2 176 671
2 212 510
1 736
2 457 442
0
2 178 51
2 343 754
2 562 142
2 540 88
2 265 302
2 31 822
2 64 45
2 762 8
1 360
1 655
1 766
2 86 434
2 444 93
2 487 216
2 809 233
2 175 261
2 665 831
1 128
2 121 698
2 488 483
0
2 369 470
2 682 574
2 223 531
2 648 544
0
1 450
2 229 252
2 163 401
2 820 386
2 106 830
2 99 48
2 573 691
0
2 441 236
1 832
2 485 621
2 302 521
2 672 776
2 488 84
2 183 811
2 402 406
1 542
2 235 807
2 400 720
1 382
2 684 55
2 268 563
2 5 277
2 136 364
2 432 700
2 206 628
2 179 529
0
2 127 379
1 269
2 653 431
2 377 626
2 40 579
2 327 763
2 193 400
2 179 529
2 702 303
0
2 445 29
2 454 17
1 827
1 369
0
2 61 843
2 73 76
2 117 639
2 811 828
2 368 604
0
0
2 445 29
2 526 603
2 785 439
2 550 589
2 272 656
0
1 483
2 610 773
2 81 212
2 772 286
2 645 594
2 626 221
2 533 475
2 191 397
2 11 403
2 525 394
2 729 807
2 549 749
2 57 748
2 167 481
2 19 647
2 385 686
1 215
1 491
2 104 577
2 13 289
2 593 146
2 56 785
2 347 721
0
2 411 178
2 667 477
2 813 198
2 171 70
2 655 440
1 808
0
2 663 494
2 804 662
2 39 771
1 82
2 748 177
2 252 228
2 690 823
2 23 21
1 275
2 828 41
2 812 50
2 612 89
2 45 160
1 27
1 32
1 129
2 386 68
2 20 184
1 670
1 192
0
2 325 241
2 703 173
2 734 197
2 458 774
2 537 681
2 149 259
2 453 607
1 584
2 803 315
2 647 263
2 412 260
2 91 14
0
0
2 449 248
2 745 202
2 604 360
0
2 349 327
1 210
2 497 623
2 484 443
2 536 395
2 201 515
2 50 276
2 685 725
2 140 204
2 319 189
2 124 726
1 705
0
2 723 129
1 735
2 342 125
2 435 185
2 366 407
2 316 268
2 222 835
2 697 38
2 156 842
0
2 710 675
2 472 242
2 153 541
2 292 23
2 7 593
2 492 567
2 433 834
2 825 158
2 48 34
2 75 535
2 763 682
2 644 732
2 742 354
2 351 234
2 211 540
2 214 674
1 266
1 764
2 374 323
2 131 105
1 359
2 600 148
2 417 114
2 245 653
1 333
2 664 679
2 624 250
0
2 372 27
0
2 25 346
2 192 246
2 717 487
2 689 453
1 98
0
2 798 482
2 41 631
0
0
2 180 513
0
2 726 43
2 90 564
1 209
2 771 26
0
2 208 586
2 528 684
2 746 714
2 321 243
2 779 665
1 711
2 573 691
2 522 713
0
2 70 768
2 20 184
2 409 465
2 270 819
2 30 6
2 221 517
2 122 90
2 837 7
2 116 163
2 808 677
1 420
2 26 701
2 661 282
2 4 418
2 637 552
2 311 123
2 128 595
1 218
2 305 457
2 780 377
0
2 1 99
2 441 236
2 514 572
1 60
2 560 755
1 338
1 209
1 95
2 618 345
2 517 39
2 477 245
2 716 485
2 666 467
2 802 22
1 461
0
1 437
2 463 256
2 202 207
2 203 357
1 511
2 433 109
2 352 253
0
2 119 539
2 772 305
2 685 725
2 320 423
1 821
2 499 767
2 732 259
1 205
2 651 553
1 152
2 815 569
2 747 362
2 374 161
2 59 841
2 581 200
2 574 559
2 182 132
0
2 177 580
2 448 240
1 300
1 460
2 737 98
2 93 84
2 579 112
1 224
1 132
2 308 385
2 757 97
0
2 534 331
2 646 217
2 313 581
2 454 814
2 101 769
1 410
2 616 478
2 658 779
0
2 564 30
1 61
1 37
2 563 561
2 624 404
2 606 524
2 3 371
0
2 839 171
2 449 341
2 5 277
2 88 693
0
1 422
2 165 424
2 758 533
2 87 780
2 831 225
1 375
1 343
2 240 2
2 329 211
0
2 733 141
2 836 616
2 416 334
2 60 778
2 695 372
2 768 244
1 138
0
2 244 666
2 787 349
2 790 325
2 38 313
1 600
1 817
2 556 311
2 756 833
2 92 747
2 746 675
2 686 316
2 522 713
2 142 81
2 446 646
2 838 783
2 66 74
2 530 549
2 427 706
2 731 611
1 52
2 668 523
2 631 350
2 784 414
2 21 116
2 139 643
2 394 571
1 805
2 797 683
2 699 33
2 326 258
2 111 788
2 743 319
2 334 251
1 71
2 216 742
2 590 120
1 623
2 669 118
2 475 249
2 760 658
2 739 577
0
2 392 251
2 498 53
2 479 285
2 431 3
2 235 760
2 528 53
2 164 281
2 228 758
2 79 150
2 353 271
2 76 750
1 635
2 285 480
2 332 56
2 239 304
0
2 714 124
2 31 822
1 611
2 79 238
2 585 555
2 722 92
1 326
2 280 504
2 359 775
2 4 418
2 74 109
0
2 207 176
1 719
0
0
2 552 258
2 617 111
1 524
2 709 578
2 170 635
2 121 698
2 835 802
1 569
2 724 134
0
2 642 321
2 80 42
2 145 115
2 546 12
2 120 636
2 348 222
2 816 538
0
2 337 438
1 503
2 105 644
2 468 662
2 521 759
2 459 432
2 361 795
1 356
2 463 256
1 381
2 395 649
2 384 323
2 46 632
2 586 169
2 197 227
2 489 290
2 237 322
2 123 562
0
2 558 324
2 181 119
2 213 143
2 147 63
2 744 196
1 466
2 58 507
1 33
2 276 622
2 281 669
2 436 87
1 497
0
2 506 696
1 842
2 465 13
2 499 767
1 692
2 257 608
2 508 613
2 414 73
2 804 766
2 283 415
1 709
1 114
2 346 508
2 9 609
2 816 476
2 208 200
2 85 154
2 227 551
2 818 570
2 443 565
1 253
2 366 407
1 340
2 54 632
2 515 136
2 110 168
1 355
2 189 539
2 559 557
2 680 82
2 243 680
1 166
2 754 345
2 535 660
1 287
1 408
2 750 294
2 43 667
2 597 711
2 301 57
2 155 605
2 598 570
1 413
2 601 560
2 580 676
2 254 69
2 467 348
2 169 11
2 225 787
2 649 36
2 576 44
0
2 173 729
2 496 147
2 478 409
2 284 255
1 642
0
2 262 16
0
2 232 413
1 393
1 144
2 827 546
2 452 576
2 36 558
2 566 247
2 520 532
2 799 601
2 330 193
0
2 501 363
2 257 220
2 641 373
2 303 272
2 403 590
2 392 91
2 113 434
2 78 789
1 447
1 797
2 405 448
2 67 727
2 687 795
2 518 266
1 204
0
2 297 186
0
2 706 421
2 230 340
2 287 469
2 363 610
2 469 223
0
2 381 829
2 167 481
2 537 681
2 739 651
2 756 612
0
2 67 613
2 338 344
2 678 353
2 505 415
1 492
2 596 402
2 607 174
2 660 329
0
2 609 833
2 283 455
2 693 25
2 840 556
2 389 603
2 548 506
2 759 678
1 320
2 456 393
2 291 458
2 198 332
2 749 280
2 480 201
2 267 695
2 289 536
2 455 135
2 500 554
2 696 389
2 354 534
0
2 819 59
0
1 24
1 214
1 314
2 504 799
2 412 260
1 554
2 712 1
1 47
2 342 127
2 737 764
2 841 183
1 688
2 270 544
2 118 28
2 638 505
2 10 229
0
0
2 636 722
2 6 15
2 65 301
2 676 689
2 720 519
1 180
2 383 628
1 724
2 186 427
2 656 292
2 146 330
2 388 298
2 727 164
2 553 501
2 545 102
1 250
0
2 94 659
1 489
2 796 620
2 583 68
2 659 405
2 788 648
1 175
2 479 86
2 172 650
2 324 608
1 745
2 49 351
1 390
2 154 151
2 838 783
1 451
2 310 471
0
0
1 361
0
1 304
2 77 65
2 2 548
2 63 587
2 246 796
2 370 94
2 718 670
2 615 786
1 357
2 337 438
2 265 151
2 199 738
2 755 575
1 606
1 296
2 575 496
2 519 435
2 654 352
2 203 318
2 231 306
2 494 446
1 347
2 362 697
2 263 460
2 139 643
2 809 233
2 820 645
1 550
2 442 134
2 135 242
2 199 738
0
2 298 370
2 762 8
2 744 273
2 421 187
2 187 839
2 331 384
2 51 9
2 568 417
2 378 117
1 721
2 806 792
0
2 312 317
2 182 518
2 71 834
0
1 168
2 674 436
1 805
2 278 262
2 364 153
1 306
2 16 237
2 406 663
2 493 585
2 622 545
2 295 241
2 150 230
2 102 426
0
2 571 765
2 589 840
2 44 813
1 291
1 295
2 141 388
2 288 625
2 426 735
2 557 703
2 482 131
2 97 712
2 587 525
2 671 452
0
1 37
2 112 594
2 80 42
2 588 633
1 408
2 271 784
2 19 777
2 551 411
0
2 572 461
2 172 650
2 773 64
2 15 734
2 350 617
2 378 143
2 89 122
2 420 592
2 294 85
2 28 75
2 72 736
1 688
2 456 314
