942 753 814
2 429 543
1 228
1 442
0
0
2 215 635
1 199
2 735 727
1 335
2 56 209
2 668 570
2 748 190
2 719 571
0
1 650
1 468
1 646
2 150 547
2 551 53
0
1 203
0
2 544 664
1 100
2 388 321
1 94
1 77
2 535 253
1 306
0
2 753 342
2 690 529
2 204 712
2 621 693
1 253
1 549
2 712 639
2 43 323
2 206 585
2 82 450
2 490 37
2 415 430
1 264
2 309 290
2 92 429
1 20
0
2 424 238
1 481
2 433 87
2 447 446
1 14
1 733
1 117
0
2 575 555
0
1 509
1 736
1 383
2 717 584
1 562
0
2 163 159
2 582 31
0
1 110
2 301 548
1 325
2 457 451
1 652
1 120
1 599
0
2 702 26
2 523 676
2 517 185
2 543 704
1 622
2 374 696
2 689 476
2 673 691
1 569
1 235
1 500
1 632
1 499
1 258
1 679
2 427 61
1 112
2 477 508
1 47
1 680
2 392 644
1 743
1 331
0
0
2 741 177
1 326
1 154
1 375
2 122 305
1 256
2 285 191
0
2 10 345
1 194
0
1 210
2 558 402
2 34 24
1 449
1 634
2 539 165
1 631
2 486 599
1 344
0
2 674 239
0
2 393 16
1 268
1 473
2 716 395
2 688 447
1 604
1 322
1 226
2 236 229
1 382
2 658 52
1 711
0
2 428 189
0
0
2 248 44
2 406 51
1 208
1 152
2 3 708
2 272 275
2 314 75
2 350 341
0
0
2 326 32
2 700 580
1 237
1 663
1 310
2 651 591
1 181
1 216
1 513
2 302 181
1 327
1 48
1 164
0
1 279
1 738
2 266 537
1 57
2 612 550
1 636
1 514
1 590
1 55
1 61
0
2 33 152
0
2 505 513
2 8 264
1 354
2 252 431
2 596 624
1 133
1 81
0
0
1 630
1 667
1 525
2 265 74
0
2 605 140
2 21 325
2 732 457
1 703
1 639
2 4 129
2 149 151
1 27
2 301 725
2 23 202
1 660
1 497
1 423
2 60 89
1 316
1 179
2 7 454
2 30 751
1 405
1 365
2 219 559
1 528
1 461
1 425
2 72 459
2 472 581
2 463 438
1 501
2 450 354
1 167
2 455 199
2 2 621
2 69 638
2 418 749
1 230
1 190
2 289 660
2 333 461
2 720 336
1 162
1 304
1 267
1 321
1 681
1 115
1 278
2 619 482
2 626 539
1 479
2 209 618
1 143
2 238 225
2 171 331
1 533
2 29 466
1 74
1 31
2 560 721
2 600 689
1 340
2 140 41
2 200 479
1 693
1 390
1 292
1 303
1 54
2 637 93
2 666 303
2 606 506
1 627
1 67
2 708 369
1 158
0
2 478 357
2 524 8
2 489 240
1 371
1 295
1 148
1 176
2 197 351
2 379 13
1 619
0
2 737 403
1 421
1 462
2 540 715
2 594 651
1 602
1 341
1 222
1 144
0
2 372 522
1 443
2 597 507
2 232 470
1 548
2 186 393
1 18
0
2 520 455
1 496
2 352 603
0
1 40
0
2 139 227
2 287 534
2 547 652
0
2 520 407
0
2 89 332
2 355 242
1 502
1 361
0
1 746
2 649 443
1 699
1 726
1 334
1 165
1 557
1 76
1 293
2 676 598
2 367 96
0
1 683
1 577
2 32 656
1 26
2 351 569
1 145
2 444 284
1 129
1 161
1 96
1 586
2 452 688
2 250 210
2 38 714
2 339 81
2 707 119
1 289
2 571 130
1 84
2 705 707
2 580 157
2 669 223
1 261
1 411
1 408
1 629
2 526 623
1 686
1 584
1 706
2 260 705
1 332
2 665 343
1 727
1 581
2 397 276
1 318
2 729 79
2 86 408
1 680
0
1 70
1 644
2 394 456
2 276 420
1 603
2 297 524
1 488
2 329 373
1 618
1 168
1 90
1 638
2 556 268
1 637
1 403
1 282
2 195 164
1 283
2 184 193
1 182
2 654 318
0
1 185
1 493
1 516
2 519 2
1 398
1 65
1 78
1 480
2 439 448
0
2 189 413
2 512 574
2 104 207
0
2 204 568
0
2 460 295
2 579 73
1 300
2 251 706
2 98 144
2 41 273
2 601 582
2 267 6
2 99 745
2 11 411
1 564
1 554
2 752 20
1 529
1 464
1 324
1 201
2 417 137
2 537 184
1 299
1 473
0
0
2 532 367
1 230
1 36
1 670
1 701
2 740 440
1 704
1 668
1 5
2 568 608
2 745 452
2 419 286
2 72 517
2 642 142
1 336
0
1 586
1 51
2 402 69
1 280
1 458
1 232
0
2 585 263
1 410
2 234 221
1 45
1 13
0
1 220
1 107
1 93
0
1 79
2 391 748
2 358 48
1 606
2 49 490
2 308 692
2 546 248
2 284 391
1 430
2 570 131
0
2 685 392
2 97 400
2 116 337
1 578
2 126 590
2 111 724
2 356 291
1 113
1 456
2 155 492
2 125 526
1 261
2 106 355
2 459 663
1 29
1 485
1 507
2 722 353
0
2 362 128
2 451 294
2 395 720
2 376 107
1 158
2 254 686
1 149
0
0
1 245
2 641 744
1 732
2 677 673
2 97 134
0
2 157 9
2 538 463
2 9 84
0
1 169
1 305
1 497
2 12 405
1 597
2 128 738
1 366
2 249 681
0
0
1 591
1 198
1 387
0
1 37
1 275
0
2 614 315
1 166
2 134 121
1 281
0
2 437 166
2 87 685
2 130 722
2 420 216
1 413
1 518
1 542
2 723 542
0
1 123
2 159 161
1 531
1 400
1 412
1 368
2 692 410
1 15
1 175
2 386 380
2 370 432
1 345
1 744
2 730 658
2 63 352
2 750 362
1 675
1 444
2 747 162
1 231
2 196 523
1 426
1 147
2 435 541
0
1 153
2 645 594
1 512
2 387 377
1 623
2 553 484
1 383
1 174
2 235 389
1 555
2 312 231
2 146 246
1 202
2 160 728
2 530 105
0
2 561 378
1 592
1 42
2 617 150
1 714
1 132
1 615
2 65 441
0
1 613
1 282
2 142 118
2 83 527
0
2 378 545
2 541 503
1 659
0
1 742
1 401
1 145
2 588 12
1 579
2 364 178
2 404 626
1 369
1 739
1 170
2 85 153
0
2 440 320
1 436
2 373 360
1 353
2 359 694
1 510
1 59
1 255
2 508 684
1 556
1 45
2 465 533
0
2 103 102
1 407
2 277 525
2 244 370
1 583
0
0
0
2 43 735
2 311 374
1 437
1 534
2 139 329
2 90 516
0
0
0
1 563
1 435
2 101 424
2 445 577
1 566
2 448 25
1 495
0
0
1 436
1 73
2 6 611
2 511 669
1 44
1 307
2 710 117
2 258 333
0
1 239
1 643
0
2 118 404
1 323
1 300
2 396 385
2 296 211
2 62 361
2 616 241
1 360
0
1 545
2 203 674
2 135 742
1 620
1 502
0
2 218 625
1 422
0
1 423
2 95 399
2 567 339
1 119
2 589 270
1 274
1 192
2 242 173
1 377
1 319
1 389
2 172 182
2 504 501
2 721 587
1 480
2 647 188
0
2 615 59
1 650
1 713
2 68 640
2 262 171
2 485 678
2 17 281
1 469
1 257
2 506 186
2 229 55
1 418
1 124
2 207 401
1 286
1 515
1 662
2 471 86
2 631 632
1 243
0
2 328 147
2 561 76
1 91
1 749
1 121
1 127
0
2 211 47
1 679
1 101
0
2 317 314
2 259 116
2 385 426
1 565
2 610 417
1 573
1 715
1 648
1 531
1 224
1 695
0
1 397
1 441
1 255
1 53
2 438 63
2 173 372
2 212 642
1 527
1 168
1 750
1 290
1 611
1 718
2 80 228
0
2 552 733
2 67 746
2 247 296
2 608 699
1 156
0
1 138
2 655 174
1 270
2 550 179
1 52
2 491 23
2 108 277
2 671 494
1 694
2 183 741
1 343
1 19
1 75
1 625
1 105
1 348
2 725 350
1 624
2 678 156
2 193 514
1 131
1 691
1 178
0
2 470 572
2 223 135
1 728
1 409
1 313
1 187
1 482
2 42 567
1 559
1 226
1 661
1 25
1 294
2 260 453
2 58 62
1 475
1 243
0
1 484
2 595 103
1 487
2 446 180
2 498 388
2 476 477
1 724
2 357 544
1 503
1 635
1 380
0
1 609
1 16
1 522
2 657 245
1 598
2 431 17
1 697
2 664 237
2 672 702
1 137
2 288 666
0
1 315
2 283 384
0
1 349
2 269 80
2 363 445
2 593 474
2 180 120
0
2 338 35
2 40 557
2 102 136
0
1 298
2 177 85
1 64
0
1 633
2 191 442
2 483 220
2 572 222
0
2 221 564
1 434
2 66 366
1 271
1 330
2 687 83
1 466
2 492 682
1 587
1 653
1 337
2 217 112
1 494
2 160 313
1 155
1 381
1 432
1 109
1 1
2 225 467
1 399
1 188
2 35 5
2 227 319
1 50
2 22 249
1 291
2 28 409
0
1 731
1 518
2 628 297
1 213
2 384 28
1 636
2 576 560
2 233 575
2 682 710
2 474 92
2 320 601
2 416 349
1 39
0
2 414 252
0
1 656
1 24
1 240
2 88 19
1 696
1 751
2 574 39
1 462
1 486
2 136 22
2 214 1
2 659 306
2 46 661
1 151
0
1 71
1 241
1 592
2 453 316
1 467
1 521
2 347 257
0
1 607
0
1 141
1 629
2 346 15
2 215 348
2 454 641
1 273
1 698
1 640
1 434
1 709
2 114 346
1 734
1 605
2 684 113
1 263
1 342
2 246 293
2 132 312
1 259
1 196
1 127
1 536
0
2 205 675
0
1 159
2 438 278
2 372 122
0
0
0
2 354 765
2 158 598
1 696
1 712
1 487
1 97
2 679 415
0
1 217
2 535 759
2 157 38
2 220 13
2 312 16
1 573
0
0
1 768
2 649 365
2 327 539
2 669 266
1 216
1 108
1 561
2 718 804
1 791
2 764 497
2 443 314
2 286 145
2 553 397
1 82
1 151
1 744
1 640
2 121 523
1 405
2 690 429
2 718 159
1 202
1 198
1 524
1 301
2 436 713
2 680 182
1 278
1 165
2 719 79
1 238
2 568 234
0
2 22 587
0
2 224 762
2 701 470
2 460 162
1 5
1 788
2 731 78
1 300
1 406
0
1 647
1 25
1 440
2 350 714
2 587 500
2 580 670
1 78
2 777 320
2 316 224
1 92
1 556
1 602
2 728 583
1 285
2 392 329
2 522 613
1 720
0
2 787 698
2 613 789
1 41
0
0
1 209
1 652
1 132
2 474 264
2 486 115
2 454 142
1 189
2 481 493
0
0
2 356 106
2 433 460
1 94
2 267 257
2 622 754
1 455
1 148
0
2 452 720
1 229
0
1 3
1 359
1 565
1 583
1 200
1 432
2 37 23
1 223
1 654
1 647
2 311 721
0
1 644
2 496 299
0
1 274
2 419 160
2 722 501
2 450 810
0
2 62 351
1 609
2 222 261
1 217
2 225 34
1 4
0
1 439
1 87
2 731 33
1 76
1 598
2 204 636
2 604 679
1 526
1 488
0
1 814
2 392 189
1 144
2 109 524
1 439
1 596
2 773 477
1 239
2 375 608
1 273
2 284 743
1 331
1 408
2 172 82
0
2 252 173
1 221
2 319 136
1 328
1 573
2 777 476
2 608 649
2 466 89
2 378 123
2 288 27
1 277
2 802 812
0
1 125
1 61
2 178 240
1 149
2 72 14
2 102 215
1 513
1 151
0
1 122
2 463 274
2 55 403
1 184
1 21
1 396
1 30
0
2 676 813
2 95 606
2 291 96
0
2 301 719
2 254 795
2 759 760
1 726
0
2 272 226
1 233
1 309
2 569 297
1 235
1 799
1 448
2 531 143
1 248
2 395 784
1 104
2 18 293
0
2 236 24
1 730
2 169 394
2 682 46
2 757 114
1 674
2 610 370
2 203 378
2 694 734
0
1 632
1 393
2 88 313
1 324
2 765 53
2 11 133
2 98 542
2 188 303
1 655
2 623 570
2 228 548
1 709
1 143
1 75
1 782
2 536 584
2 31 95
2 810 11
1 781
1 349
2 124 283
1 28
2 539 30
1 133
1 266
1 700
1 469
1 7
2 620 305
2 807 640
1 589
2 445 761
2 414 531
2 686 391
0
2 403 335
2 383 435
1 351
2 74 521
1 634
2 241 436
2 2 4
1 280
1 79
2 732 522
1 797
1 520
1 50
1 360
2 379 646
1 769
1 271
2 729 285
0
1 717
1 376
2 519 576
2 780 369
1 417
2 263 337
0
1 36
2 135 645
2 168 375
2 137 663
2 566 84
1 523
2 39 200
1 353
2 785 766
1 801
2 771 538
0
0
2 384 221
1 796
2 282 650
2 251 105
0
1 508
0
2 182 315
2 289 345
2 703 474
1 107
2 61 488
2 490 597
2 772 499
2 473 205
2 27 669
2 368 520
1 564
1 504
1 77
1 592
1 305
1 153
1 381
1 17
2 407 211
2 275 171
2 394 801
2 325 457
0
1 254
1 501
2 130 262
1 472
0
1 517
1 805
1 447
2 115 654
2 9 412
2 257 58
2 152 686
2 118 780
1 246
1 426
1 99
1 339
1 65
1 382
2 530 687
2 25 475
1 353
1 277
1 774
2 349 363
2 191 66
2 514 773
1 195
1 292
0
1 299
2 366 339
2 16 138
0
0
2 234 135
1 751
2 507 423
1 544
2 651 767
2 761 724
2 346 364
2 678 627
1 177
1 231
1 321
1 489
0
0
2 386 360
1 29
1 574
2 736 623
2 533 610
1 34
2 597 626
0
2 749 260
2 348 617
1 140
2 384 515
2 26 84
0
1 483
2 795 376
1 794
1 469
1 661
1 357
2 10 787
2 550 741
1 390
2 527 372
2 467 207
1 66
1 459
1 245
2 557 574
2 208 568
2 21 346
0
2 52 15
1 642
1 808
2 398 611
1 659
2 456 406
2 268 770
2 430 203
1 96
2 250 728
1 369
1 298
1 428
2 341 621
1 109
2 770 359
2 276 635
2 401 671
1 186
2 60 483
2 614 556
1 630
0
1 685
1 210
1 427
1 333
1 673
1 713
2 131 736
0
2 585 709
1 174
2 578 703
2 112 399
1 255
2 557 725
0
2 708 768
1 244
1 803
1 13
2 287 139
1 688
1 588
1 242
2 792 208
1 324
1 662
1 683
2 91 229
1 434
1 127
2 811 218
2 1 416
2 183 788
2 116 462
2 73 732
1 31
1 495
1 724
1 114
1 192
2 170 576
2 145 589
1 563
2 798 68
1 303
2 68 533
1 80
0
1 560
2 141 739
1 185
0
2 342 567
1 136
1 169
2 552 693
1 743
1 424
2 480 356
1 374
2 117 607
1 545
0
0
1 352
1 643
1 67
2 457 444
0
2 549 509
1 302
1 711
2 175 447
0
2 572 604
2 167 71
2 358 220
2 567 177
2 459 253
1 402
2 593 643
1 516
1 486
1 526
2 253 310
2 123 80
2 798 276
0
2 633 481
1 600
0
2 206 591
1 134
1 227
2 226 655
0
0
1 310
1 551
1 615
1 688
0
2 705 380
2 453 350
0
1 734
1 219
2 758 190
2 762 62
2 240 543
1 164
1 621
1 723
1 599
1 120
2 725 236
2 377 540
2 47 246
1 12
1 361
1 506
1 681
1 422
1 451
1 147
2 595 251
2 385 332
2 24 729
2 748 368
1 701
2 692 494
1 645
2 322 74
2 58 705
2 197 239
2 478 245
2 29 69
2 442 195
1 421
2 379 657
1 498
1 697
1 371
0
1 546
0
1 540
2 101 110
0
2 119 496
1 154
0
1 786
2 603 442
2 2 9
1 512
2 306 20
1 162
1 511
0
2 261 793
2 693 373
1 103
1 792
2 525 615
1 497
1 45
1 618
0
1 413
2 612 341
1 320
1 156
2 538 219
2 295 559
1 211
2 666 60
2 482 107
1 57
1 509
2 194 758
2 769 532
1 503
1 181
2 393 807
1 475
1 776
2 329 578
2 453 590
2 515 12
2 733 377
1 215
1 747
1 431
1 595
0
0
0
1 32
1 537
2 605 603
2 304 216
2 111 421
1 571
0
0
2 279 553
0
1 108
1 521
2 671 242
2 270 674
1 779
1 753
0
2 809 756
2 332 289
2 388 749
2 479 408
2 767 529
2 766 312
1 468
2 48 462
1 417
2 694 800
2 437 113
0
1 639
2 715 473
0
2 214 619
1 363
2 19 196
2 714 175
2 370 419
0
2 318 355
2 699 91
2 638 141
2 656 582
2 73 783
0
1 345
2 582 594
1 197
0
1 665
1 677
1 51
2 173 267
1 471
2 269 730
1 187
2 193 300
1 411
1 590
2 313 751
1 364
2 571 413
1 117
1 400
1 39
1 46
2 532 77
2 207 37
1 179
2 423 660
1 330
2 225 638
2 668 116
1 629
1 570
1 753
2 43 440
2 258 802
1 256
1 695
2 738 402
1 321
1 110
0
0
0
2 335 803
0
1 294
2 262 800
1 625
1 508
0
2 789 201
2 470 148
1 783
1 185
1 418
2 409 291
1 243
1 259
2 548 618
1 199
2 100 675
2 663 631
1 691
1 542
2 534 717
1 36
2 742 616
2 435 308
1 270
1 308
1 441
1 541
2 635 90
1 637
1 166
1 340
2 105 93
2 601 467
1 190
2 477 149
1 438
2 741 119
0
2 337 607
2 412 569
2 44 625
0
1 549
2 362 653
2 528 558
1 527
2 297 273
1 500
2 721 137
2 449 371
2 691 292
1 64
1 464
1 35
1 675
1 499
1 627
1 812
1 775
2 340 733
1 42
2 81 599
1 367
1 754
1 786
2 611 564
2 704 617
1 315
2 577 697
1 619
2 59 10
2 555 513
2 160 206
1 218
1 231
2 103 692
1 740
1 237
1 322
1 662
2 264 427
1 338
1 492
0
1 554
2 716 75
2 446 247
1 755
1 658
1 8
1 83
1 505
1 778
1 485
1 425
1 630
1 784
2 23 704
1 38
2 249 487
2 33 258
1 735
1 543
1 307
1 672
1 465
2 660 624
0
1 710
1 680
0
2 90 552
2 814 791
1 790
1 334
2 381 695
2 666 49
1 196
1 443
2 461 147
1 505
2 126 512
2 201 64
1 529
1 404
1 138
1 706
2 653 132
1 510
1 32
2 128 746
2 45 374
1 793
2 89 424
2 304 271
2 260 750
1 389
2 420 327
1 667
2 139 633
1 265
2 550 398
1 85
1 484
0
1 689
2 631 605
1 365
2 702 180
1 664
2 247 572
1 296
2 380 517
1 415
1 626
1 476
1 444
2 429 656
0
1 69
2 458 681
2 707 250
2 20 763
2 410 165
0
1 171
1 397
1 494
1 591
2 756 85
2 53 740
2 326 338
0
1 56
0
1 616
2 317 228
2 650 326
1 804
2 101 55
2 205 307
1 594
1 750
2 620 104
2 636 263
1 142
1 391
1 641
2 347 140
0
1 40
2 558 790
2 698 213
1 687
1 323
2 491 632
1 15
1 248
2 399 504
0
1 232
0
2 343 774
2 355 44
1 737
2 387 102
2 684 677
2 745 295
2 493 42
2 562 348
1 314
1 628
0
1 336
1 760
1 813
2 606 232
1 180
2 781 178
1 451
0
2 93 739
2 97 446
2 502 696
2 738 484
1 702
1 610
2 204 293
1 291
1 685
2 388 600
1 235
2 61 579
1 175
2 452 346
2 642 123
2 567 562
2 287 672
2 719 516
2 723 96
2 23 504
2 225 689
1 39
2 35 159
1 524
2 30 757
2 476 797
1 759
2 317 42
1 237
1 394
2 301 257
2 429 606
1 185
1 799
1 28
2 275 448
1 802
1 565
2 380 539
2 401 515
2 633 287
2 447 185
1 326
1 443
2 208 679
2 218 88
2 744 706
1 767
1 13
1 641
2 474 315
2 408 360
1 127
2 626 409
2 174 507
2 297 438
1 308
2 445 701
2 378 70
1 712
2 328 140
2 264 605
1 503
2 233 493
2 288 131
2 19 286
2 361 674
2 529 380
2 603 327
1 793
1 383
2 179 644
1 203
1 234
2 40 176
2 673 762
1 332
2 124 560
2 675 183
2 77 233
1 216
2 483 21
2 662 460
2 477 611
1 513
2 121 22
1 511
2 118 90
1 295
2 16 318
2 310 501
2 804 456
2 182 74
1 111
2 294 794
1 198
2 792 699
1 669
2 665 579
1 472
2 724 796
1 557
2 52 19
2 649 770
2 783 109
1 461
1 515
2 10 660
1 627
2 560 227
1 242
2 721 338
2 365 697
2 647 553
2 145 363
2 652 486
1 798
1 314
1 623
2 114 437
1 568
1 639
2 51 477
2 580 222
2 625 77
2 622 237
1 734
2 258 242
1 80
2 170 150
2 508 682
2 402 686
2 501 278
2 551 442
2 367 421
1 180
2 102 400
2 227 148
2 638 431
2 636 145
1 465
2 549 613
2 796 739
1 700
2 232 305
1 162
2 536 120
2 263 453
2 45 98
2 697 373
2 24 680
2 797 804
1 545
2 220 535
2 347 498
2 598 769
2 692 394
2 94 412
2 68 50
2 44 577
2 302 557
2 374 481
1 219
2 484 664
2 130 647
2 765 74
2 300 136
2 172 445
2 564 418
1 134
1 757
2 166 348
2 572 230
1 538
2 810 624
2 313 304
1 541
1 442
1 599
2 520 61
2 201 623
2 786 776
2 569 212
2 381 56
2 239 570
1 34
1 64
2 533 245
2 749 683
2 523 129
1 555
1 296
2 661 564
2 632 774
2 706 339
1 269
2 81 229
2 229 457
1 574
2 595 202
2 50 586
1 123
2 354 450
1 469
1 96
2 371 297
1 699
2 390 722
2 502 695
2 640 220
1 256
2 76 417
1 782
1 3
2 789 268
1 635
1 20
1 142
2 355 306
1 375
1 550
2 345 476
2 248 28
2 588 617
2 128 715
2 417 509
2 315 538
1 542
1 664
2 103 223
2 415 326
2 438 791
1 753
2 276 734
1 147
2 137 743
1 397
2 803 573
1 421
2 62 111
2 109 753
2 31 654
1 694
1 650
2 558 132
1 187
1 492
2 747 34
2 352 280
2 606 368
1 337
1 87
2 516 79
1 805
2 245 424
2 149 82
1 553
2 117 724
1 181
2 455 217
1 629
2 48 520
2 409 312
2 349 38
2 339 151
1 423
2 760 575
2 718 589
1 184
2 319 385
1 98
2 496 458
2 814 588
1 528
1 89
1 604
2 387 209
1 471
1 600
1 544
2 215 435
1 228
1 252
2 112 595
1 226
1 306
2 736 554
1 183
2 148 536
2 695 444
1 282
1 660
2 257 15
1 105
2 444 467
1 807
2 592 747
1 322
2 732 341
1 363
2 761 707
2 126 206
1 298
2 459 244
1 254
2 284 387
2 589 422
1 11
1 167
1 561
2 766 240
2 811 782
1 202
2 596 703
1 32
2 498 373
1 59
2 526 717
2 710 809
2 309 604
2 418 649
2 299 224
2 411 99
2 756 513
1 188
2 450 114
1 715
1 430
2 440 201
1 433
2 331 157
2 335 651
1 678
2 304 799
1 481
2 191 684
2 88 377
1 368
1 696
2 131 787
1 265
2 196 569
2 115 141
1 266
1 780
1 813
2 464 591
1 654
1 377
1 343
1 15
2 812 563
2 90 626
2 488 283
2 325 310
1 771
2 509 566
2 178 336
2 289 16
1 563
1 505
1 91
1 194
1 370
2 107 742
1 552
2 790 406
1 413
1 531
2 593 188
1 153
2 164 469
2 320 413
1 725
1 79
1 36
2 57 670
2 285 719
2 267 423
2 480 7
2 193 416
2 261 314
1 360
1 425
1 689
1 609
2 460 420
2 410 447
2 243 154
2 120 463
1 58
1 327
2 590 231
2 620 153
2 683 137
2 454 196
2 644 259
2 507 161
2 424 294
1 214
2 742 189
2 26 547
2 247 65
2 762 8
2 497 778
2 578 443
2 386 490
1 612
2 448 62
2 731 704
2 733 533
2 382 758
2 619 639
2 244 303
2 65 713
1 240
2 688 199
2 56 675
1 690
2 53 302
2 250 546
2 43 190
1 333
1 615
2 729 176
1 582
1 272
2 436 344
2 18 381
2 385 241
1 209
2 4 366
1 159
2 116 585
2 735 174
2 631 590
1 278
1 493
1 748
2 482 556
2 537 253
2 441 134
2 794 641
2 666 733
2 435 714
1 372
2 135 646
2 422 547
1 521
2 755 251
1 165
1 270
2 583 405
1 682
2 743 351
1 517
1 687
1 737
1 674
1 303
1 350
2 255 609
1 141
1 467
2 104 321
2 750 350
1 730
1 268
1 329
1 389
1 323
1 535
2 668 487
2 704 767
1 110
1 236
2 428 756
2 591 258
1 338
1 8
2 132 565
1 241
2 75 489
1 795
2 680 656
2 160 67
2 653 58
1 554
2 330 648
2 223 551
2 446 293
2 346 299
2 280 325
2 405 181
2 500 484
2 420 803
1 348
2 85 70
2 779 478
1 801
2 358 632
2 658 548
1 41
2 787 18
1 169
2 703 408
2 778 618
2 364 166
2 125 370
2 570 663
2 342 396
1 393
2 224 124
1 769
1 479
1 357
2 273 491
2 608 261
2 738 367
2 140 372
2 556 669
1 458
1 384
1 785
1 491
2 38 488
1 92
2 2 749
1 55
2 25 678
1 637
1 395
2 456 45
2 546 102
1 758
1 770
2 781 108
2 605 397
2 108 150
2 93 332
2 369 343
2 711 783
2 432 334
2 717 452
2 693 645
2 705 391
1 602
1 768
2 318 658
2 1 427
2 251 657
2 566 582
2 82 390
2 527 522
1 312
2 741 587
2 478 26
1 398
2 379 455
1 475
1 504
2 359 392
1 231
1 539
2 540 249
2 788 511
1 279
1 808
2 259 40
2 671 39
1 677
1 210
1 720
1 73
1 152
1 510
1 199
1 594
1 22
2 171 776
2 407 745
1 192
1 66
1 426
2 292 262
2 406 432
2 431 775
2 277 94
2 708 186
2 585 711
2 667 13
2 618 228
2 173 399
1 466
2 253 494
2 698 586
2 334 759
1 376
1 716
2 72 721
1 168
1 33
2 78 425
1 133
1 21
1 519
2 651 30
1 722
2 396 81
2 434 86
2 399 3
2 412 472
2 784 89
1 548
2 601 260
2 573 636
2 512 376
2 206 631
2 46 322
2 714 795
1 119
2 177 337
2 709 307
2 656 248
1 286
1 728
2 197 434
1 340
2 499 51
1 143
2 403 171
2 707 226
2 530 802
2 122 105
2 37 72
1 613
2 138 329
2 200 580
1 485
1 777
2 414 27
2 489 619
2 95 319
1 745
2 643 428
1 713
2 437 479
2 751 160
1 645
2 157 309
1 400
2 663 53
1 772
1 532
1 773
2 587 218
2 139 11
1 597
2 362 106
2 616 751
2 249 549
1 222
2 391 295
1 726
2 740 519
1 321
2 439 110
2 307 502
2 514 470
2 686 433
2 463 47
1 487
1 99
1 186
2 449 353
2 672 736
1 522
1 311
2 681 643
2 305 541
2 457 662
2 42 601
1 470
1 486
1 655
1 494
1 17
1 336
2 495 192
1 353
2 260 685
1 419
1 392
2 764 398
1 754
2 621 650
1 7
2 691 702
2 534 389
2 101 130
2 543 700
1 684
2 473 739
2 144 296
1 60
1 316
1 676
1 630
2 246 161
2 774 574
2 9 138
2 351 238
2 562 163
2 468 107
1 217
1 151
2 207 264
1 154
2 100 401
1 274
1 5
2 190 810
2 679 755
1 324
2 571 48
2 136 712
2 453 785
2 83 740
2 775 414
1 27
2 195 524
2 577 798
2 366 811
2 12 269
2 69 52
2 67 615
2 238 197
1 628
2 158 696
1 701
2 271 356
2 221 403
1 156
1 614
1 356
2 525 87
1 189
2 47 694
2 427 801
2 490 779
1 451
1 97
1 262
1 506
1 205
2 659 375
2 791 203
