769 869 792
1 254
2 210 794
1 863
2 40 403
2 279 773
2 54 328
2 196 473
1 804
1 261
1 174
1 219
1 22
1 429
1 195
2 769 100
1 33
1 457
1 604
2 473 714
2 423 227
2 453 654
1 864
2 220 243
2 520 321
2 421 805
2 721 11
2 216 793
1 360
1 169
2 121 613
2 714 594
1 692
2 642 607
2 538 781
2 800 387
2 494 534
1 658
2 550 122
1 574
2 795 171
2 456 527
2 657 430
2 709 359
1 570
1 499
2 427 87
2 468 53
2 422 655
1 688
1 798
1 679
1 78
2 116 424
1 567
2 595 680
2 706 746
1 154
2 342 535
1 691
2 566 718
2 862 183
2 514 254
2 712 763
2 397 46
2 722 26
2 852 838
2 728 615
2 212 578
2 680 733
2 777 71
1 705
1 609
2 26 814
1 231
1 266
2 477 444
1 153
2 447 280
1 771
2 737 809
2 734 178
2 758 577
1 671
1 496
2 547 439
2 257 415
2 308 508
1 757
2 644 332
1 337
1 765
1 298
2 569 95
1 727
2 289 20
2 25 126
2 97 360
2 382 697
1 517
2 34 796
2 136 866
2 711 370
2 399 757
1 511
2 612 665
2 400 564
2 506 604
2 415 467
1 584
2 854 340
2 88 172
2 325 177
2 708 320
1 830
2 418 306
1 809
1 362
2 176 475
2 869 828
1 558
2 844 285
1 617
2 739 622
2 63 301
1 309
1 213
2 388 125
2 464 779
1 246
2 198 823
2 443 208
2 94 43
2 317 431
2 619 351
1 321
1 667
2 414 652
1 396
1 349
1 346
1 753
2 786 369
1 182
2 455 160
1 175
1 188
2 853 184
2 582 423
1 608
1 659
2 71 867
2 684 252
1 813
1 673
1 581
2 766 392
1 544
1 223
1 715
1 304
2 36 558
2 738 751
1 707
1 718
1 367
1 364
1 507
2 564 37
1 522
2 208 506
2 723 33
1 840
2 297 117
1 316
2 326 756
1 689
2 634 411
2 401 357
2 82 844
2 356 430
1 240
1 555
2 483 323
2 271 413
2 850 753
2 31 595
1 389
2 629 666
2 371 591
2 64 74
2 767 314
1 700
2 57 853
1 580
1 759
2 127 652
1 431
2 528 745
1 553
1 662
2 81 58
1 470
2 217 394
2 579 129
2 486 738
1 75
2 70 418
1 817
1 408
2 434 703
2 745 635
1 267
2 790 682
2 603 213
2 410 86
1 376
2 498 337
1 92
1 86
2 172 565
2 322 133
2 148 625
2 283 739
1 171
2 563 134
2 313 690
2 194 771
2 683 364
2 497 593
2 687 554
2 433 15
1 633
1 251
2 402 783
2 733 698
2 131 182
1 265
1 20
2 139 662
1 379
2 653 295
1 755
1 836
2 128 611
2 556 223
1 695
1 572
1 273
1 835
2 129 101
2 102 156
2 259 268
2 589 401
2 381 362
2 404 490
2 762 276
2 295 250
2 12 585
2 347 524
2 233 36
2 105 118
2 696 336
2 596 772
1 59
1 588
2 47 830
2 395 266
2 353 303
2 6 549
2 505 251
2 101 372
2 754 668
2 420 620
2 686 644
2 52 199
2 704 105
2 674 393
1 44
2 333 634
2 685 288
2 378 130
2 122 141
2 87 531
2 329 702
1 843
2 260 566
1 490
2 502 500
2 631 808
2 9 538
1 90
2 55 653
2 320 703
2 838 594
1 424
1 829
2 472 694
1 513
2 866 453
2 263 736
2 465 324
2 343 698
1 299
2 784 791
2 693 399
1 345
1 729
1 200
2 702 861
2 730 390
1 782
1 13
2 559 168
1 241
1 215
1 109
2 4 342
1 573
1 416
2 23 9
1 625
2 776 519
2 115 581
2 95 356
1 43
2 466 410
1 491
2 848 523
1 819
2 373 614
1 228
2 17 518
1 236
1 84
1 207
2 487 456
2 690 628
2 650 195
2 242 657
2 181 434
2 561 565
2 232 785
1 45
2 807 54
2 190 167
2 138 151
1 599
1 352
2 48 309
2 348 618
2 377 701
2 258 63
1 624
2 234 792
1 186
2 363 560
2 243 308
1 106
2 484 799
2 35 860
1 632
1 250
1 622
1 411
1 749
2 244 384
1 141
1 750
2 552 492
1 480
2 276 448
2 451 103
2 391 249
2 99 562
2 19 197
1 772
2 222 347
2 814 557
2 743 383
2 568 631
2 495 66
2 742 99
2 613 264
1 523
1 165
1 713
1 655
1 661
2 330 49
1 638
2 787 466
1 820
1 100
2 851 154
2 597 705
1 756
2 438 579
1 192
1 69
2 281 530
1 62
1 197
2 794 825
2 826 748
1 386
1 442
2 628 50
1 605
2 824 837
2 719 660
2 375 21
2 437 135
2 142 294
1 331
2 183 170
2 681 831
2 46 846
2 623 550
2 287 398
2 475 187
1 351
1 150
1 157
2 202 857
1 736
2 868 801
2 726 685
1 752
1 403
2 637 287
2 509 200
2 462 839
1 867
2 124 302
2 355 641
2 675 19
1 152
2 576 642
2 428 389
1 669
1 380
1 627
2 5 711
2 18 648
1 656
1 178
2 292 207
2 857 245
2 710 230
1 361
1 833
2 173 498
2 56 79
2 463 235
2 716 790
2 74 55
1 846
2 678 482
2 478 62
1 791
1 845
1 600
1 293
2 741 645
2 291 143
2 296 278
2 205 355
1 249
1 476
1 646
2 151 436
2 761 835
1 649
1 469
2 488 668
2 269 513
2 796 187
2 80 647
2 303 687
1 218
2 318 82
1 133
2 372 214
1 621
2 699 4
2 587 404
2 41 493
2 614 532
2 280 348
1 763
2 409 572
2 811 483
2 189 305
2 368 752
2 735 725
2 319 408
1 534
1 778
1 530
1 184
1 282
2 42 775
2 314 7
2 144 206
1 503
2 515 140
2 39 573
1 393
2 593 845
1 760
1 803
2 358 451
2 201 672
2 294 542
2 832 271
2 527 279
1 344
2 66 391
2 49 311
2 501 194
1 694
2 834 567
1 831
2 135 788
2 855 427
1 300
1 179
1 740
2 540 816
1 37
2 529 137
1 406
2 822 236
1 768
1 191
2 417 552
2 24 559
1 111
1 847
1 535
1 327
1 865
1 467
1 365
1 112
2 312 715
2 620 70
2 104 676
2 341 646
2 168 514
1 412
2 359 209
1 302
2 504 274
2 827 667
1 583
2 452 686
1 262
1 413
2 781 480
1 204
1 58
2 747 505
2 394 597
2 793 116
2 672 442
2 103 765
2 53 822
2 500 674
1 548
2 11 188
2 601 529
1 235
2 492 324
2 7 246
2 677 603
1 10
2 285 474
1 284
2 449 489
2 774 421
1 788
2 518 57
2 859 45
1 842
1 134
1 107
2 856 782
1 571
2 512 840
2 253 770
2 61 88
2 717 470
2 635 386
1 682
2 532 157
2 270 664
2 350 850
2 221 502
1 724
2 374 624
1 366
2 444 458
1 602
2 806 29
2 539 582
2 666 373
1 310
2 264 445
1 450
2 65 450
1 419
1 606
1 493
2 50 229
2 256 265
2 286 260
2 226 827
2 460 81
1 117
1 654
2 810 422
2 214 446
1 802
2 199 225
2 425 762
1 392
1 339
2 369 684
2 77 382
2 789 592
2 459 727
1 306
2 525 272
2 651 409
2 533 375
2 626 862
1 27
2 161 170
1 607
1 79
1 479
1 113
2 516 217
2 808 396
1 554
1 426
2 238 18
1 307
2 639 599
2 370 708
1 618
1 288
1 96
2 110 571
2 543 274
1 818
1 590
2 15 461
2 641 196
2 85 476
1 384
1 354
1 357
2 524 503
2 630 443
1 701
1 645
1 821
2 611 486
1 229
2 8 619
2 140 807
2 21 212
1 585
2 545 90
2 67 273
2 773 482
2 647 432
1 746
1 143
2 390 560
2 405 322
1 664
1 89
1 732
2 91 224
1 225
1 164
2 268 526
2 748 851
2 510 91
2 277 649
2 725 420
2 643 548
2 248 31
2 383 729
1 118
1 537
2 591 136
2 549 858
2 485 495
2 237 589
2 120 298
1 245
2 586 181
2 385 787
2 301 636
1 815
1 185
2 156 617
2 38 42
1 98
1 336
1 51
1 676
2 812 485
2 663 193
2 335 636
2 615 519
2 858 516
1 448
1 407
2 775 610
2 531 815
2 640 353
1 160
2 2 722
2 272 724
2 541 144
1 446
2 252 817
2 162 770
2 247 328
2 816 61
2 436 819
1 489
2 32 1
2 792 679
1 130
1 508
1 72
2 670 766
1 126
1 14
2 779 275
2 445 146
2 780 339
1 206
1 193
2 860 107
2 93 439
2 29 428
1 230
2 837 120
1 616
2 731 836
2 83 670
1 521
2 785 52
1 648
1 461
2 147 363
2 114 487
2 16 346
2 68 709
1 137
2 783 304
2 305 205
2 239 326
1 396
2 608 477
1 570
1 235
2 20 502
2 3 31
2 740 691
1 557
2 610 437
2 517 684
1 15
2 714 509
2 442 521
2 630 113
1 628
1 177
1 780
2 678 770
1 214
2 171 620
2 518 154
2 444 52
2 786 59
2 788 718
2 250 228
2 588 153
1 354
1 773
2 659 791
2 236 179
2 772 216
2 556 540
2 727 65
1 82
2 52 223
2 428 523
2 364 425
1 409
2 533 606
2 115 688
2 168 83
1 131
1 718
2 66 354
2 22 329
2 681 27
2 726 712
2 683 159
2 734 373
1 694
2 403 141
1 432
2 418 440
2 436 261
2 742 454
2 1 405
2 60 11
2 522 566
2 536 591
2 135 335
2 23 427
2 578 364
1 346
2 326 234
1 272
2 495 111
2 704 572
2 107 580
1 220
1 245
1 426
2 412 117
1 407
1 340
2 576 215
2 119 258
1 524
1 406
2 509 282
2 410 206
1 30
2 36 32
1 357
1 199
1 6
1 530
2 72 433
1 621
2 12 94
1 413
2 639 442
2 195 347
2 502 553
2 486 426
2 158 322
1 89
1 142
2 664 372
1 307
2 296 754
2 663 96
1 680
2 689 222
2 644 280
2 758 661
1 744
2 591 634
2 623 288
2 657 465
1 170
2 629 585
1 109
2 571 675
1 684
2 138 236
2 103 305
1 393
1 301
1 554
1 160
2 312 548
1 655
2 181 631
2 210 369
2 58 702
2 155 781
2 127 451
2 719 519
2 662 97
2 116 565
1 741
1 508
2 205 9
2 137 396
1 323
1 547
1 251
2 534 246
1 263
2 776 640
2 17 431
2 187 348
1 46
2 99 700
2 43 131
2 156 121
1 654
2 443 377
1 643
2 218 101
2 438 260
2 334 102
2 721 710
2 112 541
1 565
2 572 445
2 448 510
2 501 158
1 417
2 77 600
2 487 162
2 515 742
1 638
2 128 156
1 476
2 261 438
2 336 780
2 609 205
1 283
1 596
1 117
2 384 365
2 479 730
1 101
2 569 654
1 133
2 622 395
1 230
2 55 627
2 767 304
2 173 593
1 303
2 603 253
2 634 562
2 612 160
1 200
2 581 263
2 273 155
1 624
2 586 472
2 196 45
1 545
2 35 384
2 673 544
2 682 213
2 589 740
2 423 62
2 315 262
2 506 763
2 345 290
2 460 208
2 39 622
1 375
2 482 356
1 242
2 237 435
2 339 5
1 238
1 277
2 582 267
1 69
1 110
2 144 137
1 278
2 286 664
1 440
2 421 491
2 499 612
2 221 512
1 735
2 74 184
1 287
1 491
2 720 592
1 693
1 601
2 514 188
1 299
2 33 374
2 424 323
2 136 526
2 159 74
2 754 345
1 595
1 618
1 192
2 335 457
1 435
2 125 220
2 575 193
2 445 765
1 607
2 174 779
2 350 85
2 398 47
2 656 535
2 328 391
2 290 567
2 265 242
1 124
1 122
2 9 40
2 97 325
1 333
2 212 551
2 658 539
2 48 124
2 402 607
2 280 283
1 207
1 584
2 64 346
2 243 555
1 270
2 331 713
2 293 575
2 636 135
2 19 318
2 733 703
2 469 669
2 81 755
2 341 569
1 45
1 779
1 41
1 528
1 276
1 40
1 646
2 691 297
2 497 467
1 474
2 391 741
1 647
1 723
1 619
2 11 733
2 98 176
1 777
2 392 389
1 616
2 633 561
1 615
2 716 265
2 766 692
2 79 758
2 113 643
1 580
1 561
2 665 602
2 227 743
1 105
1 625
1 102
1 228
2 316 650
2 121 110
2 361 767
1 671
2 385 761
1 172
2 698 241
1 645
1 151
2 209 349
1 458
2 617 39
2 668 632
1 687
1 324
2 713 287
1 538
1 93
1 670
1 789
2 356 257
1 464
1 308
2 585 89
2 75 617
2 295 613
2 485 298
1 602
1 118
2 240 138
1 702
1 319
1 414
2 471 225
2 380 557
1 143
2 730 248
1 697
2 457 399
1 29
1 577
2 217 56
2 739 337
1 388
2 38 645
2 750 394
2 219 444
1 367
2 256 204
1 104
1 468
1 86
1 707
2 473 732
2 47 256
2 505 119
2 553 245
1 433
2 34 471
2 500 644
2 282 403
2 268 415
2 378 665
2 715 139
1 269
2 451 679
2 25 596
1 289
1 604
1 605
2 259 230
1 314
2 387 482
1 489
2 431 518
1 748
1 481
1 353
2 493 603
1 211
1 26
2 285 163
2 676 25
1 620
2 21 787
2 305 652
2 470 414
1 728
1 157
2 91 342
2 454 404
2 463 255
2 154 26
1 562
1 382
2 762 397
1 141
1 394
2 450 382
2 722 38
2 504 470
1 539
1 281
2 123 556
2 92 153
2 594 249
2 573 611
2 179 182
2 781 439
1 401
2 709 690
1 541
2 543 673
1 194
2 28 308
1 197
2 180 496
1 202
1 59
2 313 14
1 690
2 666 295
2 736 279
1 785
2 437 247
1 507
1 711
2 56 420
1 467
1 231
2 400 271
2 648 750
1 360
2 167 15
1 95
1 322
1 13
2 223 30
2 478 75
2 255 23
1 725
2 706 349
1 529
2 593 604
2 216 563
1 775
1 778
1 16
2 498 284
1 627
2 68 769
1 408
2 551 198
2 61 453
2 10 483
2 598 538
2 774 631
2 546 324
2 552 429
1 329
1 566
1 76
1 373
1 379
2 374 463
2 163 243
2 441 145
2 178 504
1 257
2 24 576
1 542
2 626 481
2 737 320
2 49 168
1 37
1 679
2 332 299
2 564 419
2 311 503
2 317 315
2 206 597
2 320 506
2 288 785
2 701 783
1 71
1 769
2 338 552
2 632 608
2 492 274
1 185
1 447
2 592 407
2 166 60
2 376 12
2 291 468
1 149
2 446 514
2 54 53
1 606
1 784
2 503 19
1 531
1 613
1 696
1 306
1 208
2 108 379
2 472 190
2 201 237
2 590 527
1 310
1 675
2 540 418
1 699
1 749
1 390
1 652
2 430 402
2 164 233
1 512
1 27
2 523 79
1 510
2 150 768
2 755 499
2 337 92
2 80 307
2 420 42
2 65 534
2 439 171
2 688 54
1 661
2 147 473
2 389 525
2 148 699
2 461 487
2 18 35
2 53 475
2 274 63
2 222 311
2 84 705
2 692 488
2 253 314
1 249
2 279 286
1 318
2 260 259
1 651
2 587 340
2 649 709
2 369 771
2 756 2
2 366 125
1 488
2 667 80
2 637 579
1 751
2 710 668
1 597
2 254 694
2 559 605
1 511
1 229
2 241 651
1 477
1 732
2 791 227
2 247 218
2 161 583
2 404 88
1 152
2 549 17
2 370 486
2 768 778
1 527
1 300
1 484
2 475 490
1 611
2 198 366
2 363 790
2 31 537
1 358
1 480
2 753 625
2 761 531
1 321
2 642 20
1 304
1 660
2 2 269
1 386
2 399 410
2 705 51
2 5 610
2 465 720
1 771
1 724
1 233
1 348
1 232
2 355 231
1 362
2 677 291
2 62 500
1 708
2 94 716
2 669 745
2 614 387
2 67 630
2 275 775
1 765
1 452
2 760 1
1 600
1 262
1 327
1 294
1 224
2 271 618
2 297 739
2 284 748
2 790 554
2 42 717
2 453 777
1 347
2 186 197
2 351 266
2 462 734
2 520 73
2 139 747
2 132 36
2 96 659
2 359 458
2 352 109
2 176 95
2 525 398
2 521 328
1 425
2 764 681
2 193 677
2 641 599
1 203
1 215
2 85 82
2 106 456
2 309 432
1 266
1 532
2 63 105
2 490 558
2 526 362
1 252
1 183
1 574
1 747
1 258
1 535
1 165
1 579
2 267 343
2 129 13
1 73
1 383
1 416
2 516 683
1 368
2 51 292
2 757 44
2 182 559
1 738
2 770 436
1 130
1 246
1 134
2 763 492
2 686 321
1 782
1 90
1 83
2 381 296
2 548 520
1 372
1 292
1 169
2 298 212
1 4
2 449 240
1 225
1 365
1 455
2 57 479
2 568 450
1 78
2 111 493
1 567
2 50 480
2 44 671
1 513
2 191 319
2 745 48
2 759 57
1 371
1 419
2 456 460
1 466
1 244
1 7
1 175
1 537
2 100 476
1 599
1 395
2 32 339
2 558 484
1 519
1 405
2 342 590
1 544
1 140
1 344
2 494 6
2 184 687
2 731 180
1 415
1 496
2 703 90
2 248 303
1 87
2 783 174
2 411 120
1 650
1 550
2 114 505
2 204 49
2 729 252
1 14
2 343 136
2 397 738
2 653 16
2 674 707
1 146
2 213 293
1 583
2 685 686
1 120
2 555 522
2 483 636
2 145 164
1 377
1 422
2 792 140
1 563
1 330
1 787
2 640 234
2 188 421
1 743
2 429 167
2 434 589
2 189 61
1 459
1 672
0
1 494
1 312
1 458
2 13 205
2 19 44
1 161
2 516 783
1 777
1 152
2 477 566
1 48
1 172
1 397
2 252 12
2 429 390
2 295 206
2 223 297
2 604 512
2 335 648
2 51 3
2 15 561
2 687 253
1 688
1 158
2 412 574
1 132
0
1 555
1 669
2 612 626
2 650 411
1 628
2 307 20
2 473 705
1 77
2 150 537
2 466 654
1 503
2 570 414
2 206 73
1 149
1 670
2 276 35
1 730
1 709
2 331 627
2 739 483
2 540 405
1 614
2 175 460
2 779 52
2 511 573
2 20 86
1 616
1 778
1 545
2 637 352
2 243 407
1 473
2 761 356
1 382
2 181 389
2 624 58
1 62
1 675
2 738 14
1 434
1 154
2 237 720
1 218
1 729
0
2 627 218
1 242
1 277
2 42 69
2 403 140
2 352 767
2 626 225
1 345
1 230
1 792
2 602 41
2 574 601
1 499
1 474
1 170
2 90 310
1 392
1 381
2 421 295
2 120 703
2 741 89
2 93 208
2 266 288
1 89
2 244 371
2 289 131
1 470
1 469
2 124 697
1 559
1 692
2 207 379
2 86 182
1 363
0
1 209
2 532 527
1 661
1 274
2 525 320
1 743
1 538
1 432
2 760 455
2 57 637
2 722 34
2 44 22
2 659 250
1 497
2 779 265
1 56
1 192
2 343 499
1 682
1 174
2 265 503
1 114
2 618 667
0
2 679 307
1 198
1 430
1 296
2 189 580
2 29 618
2 435 81
1 368
2 282 422
1 573
1 134
2 54 234
1 576
1 619
1 188
2 74 717
0
1 197
2 374 228
2 400 200
2 119 50
2 1 248
1 207
1 456
2 180 318
2 55 625
1 790
2 344 472
2 96 376
1 703
0
1 372
1 493
0
0
2 249 21
1 773
2 458 529
1 491
2 221 263
1 775
2 610 37
2 99 511
1 393
0
1 255
1 27
0
1 471
1 187
1 781
1 376
1 419
2 256 398
0
1 43
2 338 114
1 457
1 65
1 463
2 583 314
1 601
2 442 603
1 3
1 762
1 662
2 224 765
1 121
1 108
2 202 335
0
1 667
2 566 302
1 213
1 118
1 283
1 120
2 396 459
0
2 704 315
1 58
2 327 60
1 151
2 588 196
1 39
2 49 496
1 517
2 444 90
2 399 303
1 259
1 448
1 791
1 548
2 765 187
2 243 540
2 75 500
2 416 589
1 483
2 407 343
1 143
1 280
1 367
2 791 287
2 485 476
1 50
1 641
0
1 767
2 645 226
2 414 520
1 468
2 500 477
1 513
2 719 408
1 248
2 365 565
1 76
1 505
2 159 169
2 496 345
1 753
2 239 330
0
2 67 545
2 6 681
1 750
2 122 258
2 723 366
1 557
1 756
1 561
2 362 134
1 192
2 340 76
2 69 683
1 292
1 24
2 2 604
2 603 766
2 184 193
2 328 751
1 475
2 236 342
1 269
2 4 420
0
2 235 212
1 288
1 562
1 291
2 287 145
2 370 172
1 549
1 275
2 543 351
1 309
2 486 560
1 64
2 552 712
2 725 99
2 774 147
2 472 746
2 658 199
1 329
2 384 456
1 639
1 105
2 512 98
2 759 36
2 260 231
1 737
2 417 119
1 672
1 186
1 203
2 530 432
2 210 388
1 355
2 449 494
1 222
2 693 621
1 446
1 584
2 479 546
2 508 427
1 37
2 185 294
1 633
1 137
2 735 509
0
1 117
1 629
1 101
1 148
0
2 391 732
1 676
1 179
1 137
2 40 587
1 685
2 395 592
1 7
2 12 644
0
2 284 748
0
1 253
1 60
2 227 252
2 310 707
1 228
1 263
2 402 662
2 388 259
1 534
1 386
1 28
2 217 462
2 636 166
2 258 770
2 467 714
1 55
1 535
1 208
2 318 4
1 354
2 593 533
2 103 6
2 104 262
1 476
1 53
2 465 490
2 128 87
1 632
1 790
2 85 344
2 273 659
1 332
1 585
1 5
1 92
2 286 538
2 38 176
2 691 61
1 125
2 95 430
2 97 786
1 142
1 455
1 747
1 745
2 450 466
0
1 155
1 200
2 763 159
2 25 326
1 297
2 531 421
2 710 536
2 293 126
1 251
1 346
0
1 680
2 758 551
1 622
1 754
1 736
1 333
2 686 239
2 337 396
2 405 101
2 238 710
1 71
1 278
1 433
2 279 516
2 366 130
2 547 161
1 591
2 668 286
1 439
1 684
1 708
1 341
2 788 497
2 726 242
1 214
2 716 348
1 271
2 193 191
1 22
2 360 547
1 714
1 673
2 589 525
1 347
1 424
2 277 328
0
2 783 596
1 594
2 454 27
1 121
0
1 16
1 722
1 116
2 771 290
2 674 83
2 415 755
2 524 275
1 519
2 768 747
2 677 782
1 451
1 369
2 171 636
1 146
2 46 402
1 115
1 177
2 190 370
1 347
2 452 276
1 640
1 507
1 16
2 127 397
1 665
2 789 181
1 18
1 681
2 178 284
2 460 792
0
2 79 670
1 678
0
2 194 13
1 373
2 576 616
2 551 7
2 176 534
2 715 638
0
1 641
2 303 273
2 707 11
2 567 447
1 482
2 240 42
2 257 233
1 411
1 619
1 356
1 247
1 669
1 52
2 431 504
2 357 730
2 299 424
1 440
1 66
1 229
1 699
2 11 257
1 606
2 651 696
2 733 327
2 744 606
2 261 68
1 204
2 437 591
2 298 445
2 689 699
1 480
1 113
1 23
2 784 676
2 521 451
2 664 776
2 484 788
0
2 786 322
2 563 742
2 609 156
1 353
2 165 563
2 351 304
0
2 590 269
1 423
2 755 437
1 166
2 544 67
2 660 115
2 520 160
2 447 655
1 389
1 454
1 568
1 727
2 348 274
2 510 128
2 731 226
0
1 63
1 572
1 182
1 442
1 199
1 241
2 111 757
2 364 184
0
1 378
1 315
2 764 649
1 173
1 350
1 363
2 554 122
2 698 367
0
2 380 220
0
2 720 487
2 336 395
1 213
1 536
2 418 409
1 489
1 195
1 718
2 358 772
1 656
2 617 362
1 409
1 292
1 648
1 661
0
2 375 394
2 35 403
2 112 541
1 654
1 649
1 623
2 757 557
2 191 780
2 317 774
1 270
2 9 162
2 526 739
2 78 554
1 224
1 613
0
1 436
1 64
1 157
1 301
1 577
1 598
1 732
1 724
2 144 713
2 780 482
2 539 693
1 94
2 359 71
1 443
1 426
1 690
2 383 539
1 644
2 481 280
2 320 682
1 32
1 377
2 312 426
2 106 261
2 205 736
1 84
2 564 229
1 553
2 541 481
2 219 427
2 324 590
1 139
2 322 510
2 504 144
1 581
1 579
1 98
1 47
2 136 595
2 133 548
2 642 438
0
1 785
2 620 719
2 215 640
2 140 85
2 183 62
1 556
2 225 491
2 621 108
1 129
1 379
1 130
2 787 632
1 441
1 319
2 462 611
0
2 575 443
2 600 585
1 26
2 478 96
2 168 507
1 428
2 643 142
1 5
2 285 634
2 506 588
1 599
1 782
0
1 232
2 323 32
0
1 167
1 14
2 36 488
2 254 10
2 721 84
1 528
1 231
1 537
2 404 381
2 408 578
1 694
2 107 452
2 401 317
1 304
2 514 522
2 438 614
2 646 552
2 45 728
1 33
2 683 412
2 569 260
2 702 479
2 522 387
2 772 474
2 102 775
2 749 666
2 398 602
1 584
2 513 350
0
1 311
1 196
2 267 749
1 361
0
1 41
1 245
2 742 154
2 515 88
1 109
2 131 359
2 529 216
2 663 163
1 578
1 211
1 236
2 501 105
1 498
1 321
2 638 418
2 123 251
2 470 436
1 250
1 326
2 596 116
1 705
1 449
1 690
2 502 282
1 495
2 316 319
2 671 164
1 422
1 83
1 595
2 410 316
2 492 82
1 59
1 509
1 487
1 655
2 523 562
2 546 646
2 748 768
2 387 195
1 247
2 582 296
2 246 155
2 751 285
1 169
1 34
2 268 204
2 308 435
2 666 235
2 776 2
1 81
2 445 423
1 91
2 72 440
1 30
1 673
1 696
1 163
1 212
2 701 506
0
1 413
2 565 357
2 586 750
2 420 629
2 630 692
0
2 406 612
1 605
1 770
2 527 340
2 342 467
1 713
1 220
1 592
2 653 723
2 146 393
2 488 469
2 385 428
1 459
1 625
2 330 620
1 17
1 21
1 300
2 453 425
1 110
2 61 712
2 550 450
1 597
2 141 194
1 533
2 542 168
0
1 734
0
2 82 104
2 691 457
2 294 201
1 306
2 740 244
2 383 329
2 233 249
1 697
1 425
1 138
2 262 324
2 769 515
2 100 738
2 334 75
2 314 729
2 371 309
1 87
1 339
2 490 271
1 308
1 305
1 73
2 80 341
1 136
2 281 171
0
1 394
2 587 656
1 745
2 766 188
2 571 478
1 652
2 201 123
2 216 505
1 390
2 290 615
2 607 246
1 145
2 615 508
0
2 117 281
2 211 91
2 611 215
2 647 283
1 160
2 10 523
2 68 113
1 147
1 464
2 567 95
1 634
2 728 419
2 272 617
2 156 717
2 657 227
2 164 721
2 31 126
2 706 558
2 558 581
2 475 535
2 685 410
2 333 740
1 135
2 608 9
1 518
1 461
1 580
1 711
1 313
1 301
