2828 2662 3131
2 1431 916
2 1806 763
2 1260 336
2 1478 118
2 976 1035
2 1932 2651
1 1350
2 343 1447
2 2170 1502
2 401 2633
2 2494 1256
2 516 2160
1 985
2 417 2104
2 1033 2159
2 608 1231
2 2236 1372
2 1386 2045
2 1920 890
2 1023 2200
2 743 1443
2 508 942
1 1850
2 1441 2239
2 743 1873
2 1533 1663
2 2030 873
2 2371 1789
2 815 1641
2 565 804
2 121 1387
2 506 2579
2 194 1054
1 169
2 2337 654
2 1749 2368
2 1242 1930
2 104 512
2 1995 1521
2 66 1360
2 253 158
2 998 2292
2 1288 2046
2 2653 2515
2 2079 584
2 1161 1976
2 1829 1684
2 2442 2487
2 224 630
2 1438 1001
2 470 1991
2 1865 798
2 1226 1316
1 550
2 1769 1692
1 1960
2 662 47
2 225 694
2 2070 1149
2 2573 1237
2 1067 1779
2 821 320
2 459 803
0
2 2374 627
2 859 2522
2 1707 1183
2 961 113
2 646 1643
2 879 2344
2 1297 2115
2 1269 608
1 1579
2 1634 2547
1 1481
2 1740 2309
2 1203 953
2 236 1347
2 1078 2424
2 1613 2297
2 1554 1951
2 1127 683
2 1616 2437
2 1938 1627
2 2263 2188
2 1734 497
2 328 2172
2 2344 1247
2 999 2289
2 173 2652
1 2402
2 2008 1606
2 1557 963
2 1679 257
2 2034 1289
2 933 2273
2 1659 1933
2 1174 711
2 124 360
2 2382 1277
2 1302 212
2 825 1363
2 2571 1985
2 60 1904
2 1800 239
2 471 2205
2 1512 2192
2 2194 582
2 303 2577
2 2559 86
2 496 2191
2 146 2334
2 537 2539
2 1513 372
2 481 339
2 135 1530
2 1392 623
2 496 140
1 332
2 88 581
2 555 962
2 1420 1628
2 744 2474
2 204 2448
2 4 2639
2 1407 2329
2 2302 1456
2 1523 2418
2 2020 1885
2 868 1784
2 484 1026
1 103
2 1084 1905
2 576 997
2 2555 1636
2 1547 2500
2 2569 1559
2 168 406
2 1870 2658
2 1398 219
2 2268 461
2 429 1874
2 746 1942
2 1787 1795
2 438 188
2 487 1709
2 2428 154
2 1926 1009
2 1118 295
2 2347 668
2 1837 1979
2 1961 55
2 304 384
2 1570 2064
2 576 1653
2 982 636
2 2076 1080
1 1255
2 1924 787
2 304 2467
2 1742 2396
2 532 1317
2 1360 1034
2 1160 1651
2 2001 530
2 925 337
2 869 586
2 2350 2053
2 855 2423
2 1161 1976
2 1434 472
2 1527 2508
2 2063 1215
2 901 2030
2 1962 2114
2 174 1563
2 2027 64
2 2225 2482
2 2067 2608
2 1975 319
2 628 1725
2 1176 390
2 1542 476
2 2012 344
2 1563 1449
2 938 833
2 1066 1574
2 2173 5
2 1335 463
2 1719 1349
2 697 1883
2 598 904
2 1454 1151
2 210 820
0
2 1666 530
2 2376 2343
2 1700 2599
2 1493 1342
2 2439 1416
1 1531
2 599 436
2 548 1884
2 725 1018
2 1405 2059
2 1269 2289
2 535 2058
2 932 1032
1 1697
2 1432 290
2 414 846
2 2340 1321
2 2597 572
2 841 1520
2 783 2407
2 1701 1755
2 793 2102
2 1739 710
2 1466 1658
2 1586 2443
2 2032 200
2 1776 1944
2 671 2085
2 2414 984
2 1325 342
2 2505 2631
2 528 1898
2 2107 2601
2 2219 1808
2 2326 619
2 1145 1710
0
2 1239 943
2 1549 387
2 377 1503
2 232 1537
2 857 1609
2 527 1370
2 1705 303
2 1461 437
2 2540 2519
2 2026 1027
2 1281 1336
2 544 507
2 509 2213
2 760 420
2 2285 986
2 1157 2277
2 2264 1404
2 1715 2262
2 1770 2248
2 1471 1389
2 1475 536
1 1339
1 1489
2 1163 2128
2 320 1706
2 551 882
2 1326 1882
2 489 947
2 1023 235
2 2393 543
1 759
2 2258 1728
2 652 2015
2 2020 1885
2 2527 1907
2 2620 1031
2 2528 2135
2 1793 845
2 989 2353
2 1470 679
2 461 2569
2 365 2656
2 1265 488
2 2007 2592
2 2237 1814
2 1073 1572
2 2644 1352
2 1375 338
2 7 547
2 101 1576
1 920
2 907 1871
2 201 1233
2 1998 1767
2 1248 76
2 515 1585
2 1822 77
2 605 2133
2 1989 464
1 2619
2 2326 2356
1 1908
0
2 1359 87
2 549 2490
2 1366 2642
2 2144 2598
2 1818 626
2 843 2428
2 152 335
1 2464
2 884 672
2 643 1935
1 1077
2 1901 801
2 1429 1414
2 1128 1765
2 201 1065
2 556 2155
2 543 549
2 240 323
2 1491 1671
2 2628 1065
2 2159 545
2 1653 1468
2 2288 298
2 2208 1251
2 1279 229
2 1635 199
2 223 2046
2 415 1197
2 2274 170
2 498 1817
2 44 1123
2 1529 139
2 1605 562
2 2091 2659
0
2 234 863
2 2536 1625
2 956 1061
2 1136 2251
2 1528 2597
2 2390 2
2 613 1863
2 591 380
2 2270 1346
2 2255 1828
2 314 1432
2 2275 663
2 947 2645
2 1954 1925
2 2261 2250
2 1695 535
2 1634 1110
2 1467 1025
2 590 1938
2 1374 1632
2 748 1129
2 2600 1734
1 1393
2 1692 1981
1 1293
2 378 1849
1 1003
2 589 214
2 865 2473
2 1426 1220
2 1777 1319
2 368 1493
2 1675 2495
2 666 1390
2 1368 712
2 797 2644
2 196 910
1 1137
1 1014
2 2451 1117
2 2152 1971
2 369 2184
2 2469 556
2 202 2553
2 2651 447
2 558 228
2 2506 1613
2 2033 442
1 1581
2 877 653
2 1152 130
2 606 423
2 350 1083
2 2234 2153
2 2447 1526
2 1687 1630
2 1126 1616
2 108 2466
2 641 165
2 1401 946
2 280 1969
2 802 2379
2 921 1192
2 2237 157
1 1661
2 1020 593
2 1862 1376
2 1806 610
2 2419 1285
2 125 179
2 1889 951
2 580 211
1 2643
2 1536 2439
2 905 724
2 615 2089
2 734 1006
2 2391 1415
2 2511 1648
2 2367 1209
2 1441 94
2 157 2263
2 1495 1561
2 834 559
2 2067 2316
2 2305 960
2 1898 1479
2 1395 756
2 291 784
2 1891 2419
2 1964 1288
2 451 1124
2 1164 368
2 762 865
2 2459 2243
2 2415 2401
2 1302 1465
2 301 2252
2 1103 1473
2 2499 1069
2 2147 2547
0
2 1043 2270
1 816
2 1603 2496
2 808 2554
2 886 251
2 2535 2649
2 889 1560
2 1881 959
2 630 2446
2 1783 164
1 539
2 1696 994
2 2550 177
2 927 2624
2 929 2570
2 2141 486
1 2637
2 315 954
2 1048 1523
2 2224 687
2 2341 67
2 1301 264
2 324 657
2 2413 1212
2 57 650
0
2 1207 435
2 2573 1237
1 2583
2 2574 292
2 1633 2603
2 1909 1771
2 2589 1742
2 468 707
1 130
2 985 637
2 2585 266
2 2641 1104
2 2642 2516
2 747 651
2 1585 2132
2 2352 190
2 2099 1952
2 1741 719
1 2341
2 227 1199
2 1581 2100
2 704 1845
2 181 90
2 1232 75
0
2 2104 1674
2 977 669
2 602 1994
2 1708 1562
2 2427 369
2 2554 1431
1 28
2 2346 1846
2 2228 839
2 2460 681
2 1382 655
2 898 2545
2 2360 2548
2 499 2097
2 1679 257
2 2075 1831
2 2437 413
2 2227 1670
2 322 660
2 1639 390
2 1669 2154
2 37 1475
2 1752 281
0
2 1573 2467
2 538 1578
2 839 2387
2 449 1153
2 829 2061
2 1949 218
2 2615 1936
2 1060 1202
2 1554 783
2 2072 1895
2 2195 78
2 2094 453
1 2504
2 1690 2656
2 1016 1857
2 2595 2662
2 1803 1636
2 764 2257
2 2493 432
2 1714 465
2 2410 2044
2 1454 1151
2 1337 414
2 2384 395
2 2119 1230
2 1984 1002
2 1036 2254
2 618 1782
2 785 706
2 1020 593
1 54
2 1158 93
2 2025 462
2 69 2488
2 2512 675
2 1737 2282
2 2051 1887
2 2019 1654
2 2513 2561
1 2579
2 2108 83
2 1119 2633
2 233 2220
2 2539 2232
2 1379 2551
2 436 1795
1 1617
2 372 474
2 1832 2011
2 321 440
0
2 993 1280
0
2 2657 486
1 657
2 1715 2262
2 498 1817
2 2516 160
2 2257 489
2 1662 2532
1 2328
2 2577 1277
2 939 2183
2 569 2148
2 1449 1766
2 2112 458
2 2118 1074
2 124 360
2 97 216
2 1099 1614
2 1294 133
2 1012 1840
1 1322
2 17 2522
2 929 1988
2 155 1799
2 1936 1580
2 2244 2564
2 195 2169
2 2079 584
2 1219 57
1 364
1 1843
2 2500 206
2 1037 22
2 2595 2662
2 347 1097
2 734 2349
2 603 1589
2 997 560
2 1037 604
2 1030 2166
2 293 1437
2 73 136
2 2055 1823
2 1790 885
2 730 957
2 177 923
0
2 1879 119
2 1042 1142
2 2147 1676
2 2404 1498
2 1784 1888
2 716 54
2 1532 2485
2 1877 1697
2 421 524
1 1844
2 2335 176
2 292 1128
2 924 2272
2 106 2013
2 1307 1785
2 909 383
2 2110 270
1 1464
2 2493 2332
1 1134
2 300 243
2 1430 1028
2 2405 520
2 308 2275
2 2014 1814
2 226 2429
2 1336 1750
2 650 262
2 416 2592
2 849 2360
2 502 2586
2 1794 1311
2 828 741
1 2376
2 2170 1502
2 224 248
2 1136 2251
2 2176 717
2 1485 349
2 1646 2481
2 1551 2021
2 2090 1224
2 1618 536
2 1246 2587
2 1159 275
2 2648 1621
1 1253
2 222 1875
2 403 235
2 1525 780
2 2422 2449
2 2316 1049
2 2496 2033
2 80 1836
2 1580 1538
2 2120 2345
2 1538 1603
1 2066
0
2 853 1351
2 1751 1951
2 1786 807
2 2136 1718
2 2661 899
2 971 676
2 545 1811
2 1911 457
2 842 417
2 1260 2287
2 2458 1597
1 1091
2 1848 1722
2 1425 1286
2 2372 2389
2 2221 1261
2 848 2351
1 1895
2 1565 443
2 2255 682
2 1117 2544
2 1707 276
2 84 2327
2 2146 1472
2 2543 1512
2 672 1420
2 1815 434
2 917 66
2 374 818
2 890 1835
2 96 1778
2 1082 521
2 2125 1774
2 2407 2527
2 433 1030
2 1922 288
2 2384 2160
2 874 98
2 1737 2282
1 1043
2 333 772
2 1305 220
2 760 420
2 1452 359
2 1303 1007
2 729 1698
1 87
2 306 2267
2 114 392
2 1623 925
2 1196 971
2 797 2141
2 1021 2024
2 1659 1933
2 305 2546
2 2126 111
2 2296 184
2 906 1912
2 148 65
2 1501 312
2 16 794
1 1293
2 1824 123
2 51 1347
2 2558 1177
2 905 724
2 398 1711
2 2295 868
2 864 1622
2 1210 2304
2 903 2395
2 1216 1356
2 700 45
2 1452 359
2 1295 1460
2 2541 2463
2 161 100
1 2637
2 154 3
2 685 1602
2 827 1397
2 873 918
2 1381 1135
2 1105 2179
2 1419 862
2 1671 1196
2 1749 1841
1 170
2 853 888
2 1525 780
2 2284 587
2 2447 621
2 1463 1156
2 25 1834
2 2078 1266
2 59 2320
2 1006 199
2 2253 1304
2 2572 533
1 95
2 1972 840
2 1738 2247
2 1184 1382
2 676 1772
0
2 577 1762
2 2210 1393
2 1008 1619
2 1468 1639
2 139 781
2 773 1753
2 1170 958
2 1406 302
2 1206 552
2 1637 1974
1 72
2 421 2269
2 186 1741
1 472
2 35 856
2 1911 457
1 40
2 728 1535
2 1832 2011
1 2010
2 2624 699
2 1416 23
2 1463 2630
2 858 1720
2 1373 2581
2 1211 2256
2 142 2374
2 2313 831
2 2313 831
2 638 1545
1 774
2 2227 1670
2 1643 2524
2 116 1059
2 2238 2105
2 1589 966
2 1621 99
2 1445 116
2 1315 661
2 2028 1022
2 1566 1647
2 872 558
2 1872 74
2 975 613
2 2071 805
2 1218 1209
2 1583 1201
2 534 2373
2 313 79
2 2152 1971
2 1682 932
2 286 513
1 1620
2 2215 1664
2 522 1517
2 1857 247
2 820 1917
2 1894 2294
2 1721 134
2 2629 2299
2 205 1002
2 500 891
1 2233
2 2498 2296
2 1792 418
2 2610 425
2 1772 1926
2 458 2422
2 2098 1122
2 2103 789
2 569 2148
2 1072 172
2 1841 2457
2 1644 192
2 2140 2207
2 965 1910
2 353 1283
2 2514 2572
2 131 2151
2 673 1573
2 832 518
2 1997 195
2 1755 893
2 55 915
2 1371 189
2 1531 324
2 1724 208
2 56 1411
2 1188 2398
2 546 1219
2 949 483
2 1013 2646
2 1250 1245
2 563 255
2 882 2431
2 581 1859
2 2038 1093
1 2260
2 2365 2612
2 2203 541
2 1470 679
2 2508 2530
2 2530 2531
2 1193 1797
2 1240 110
2 230 1234
2 261 1457
1 878
2 1847 2168
2 279 1170
2 771 1726
2 914 2317
2 696 1520
2 2166 1529
2 2286 2497
1 1858
2 694 659
2 1970 1317
2 2157 1569
2 1089 1102
2 1201 1484
2 1467 2115
0
2 399 151
2 1168 1656
2 319 1584
2 2099 1952
1 2391
2 2519 644
2 2261 2040
2 2397 567
2 2531 2108
2 2027 64
2 704 1845
2 627 62
2 100 146
2 2462 1116
2 994 692
2 332 2163
1 2043
2 2625 1298
2 1272 178
2 1446 1139
2 465 725
2 1809 1
1 517
2 681 327
1 159
2 2069 2309
2 358 1782
2 1815 1270
2 65 1754
2 2111 1351
2 405 2136
1 42
2 96 1778
2 837 2433
2 1461 437
2 1791 1368
2 915 693
2 58 2009
2 2635 864
1 617
2 463 632
2 691 2650
2 987 188
2 1323 307
2 763 315
2 2556 2142
2 1496 1940
2 1121 1053
2 835 50
2 1629 972
2 249 852
2 621 1949
2 1364 1208
2 1886 1167
2 519 38
1 1747
2 202 1781
2 2492 2465
2 1253 827
2 36 646
2 110 1481
2 2438 19
2 1507 732
2 406 1242
2 2479 538
2 585 2658
2 1131 2112
2 1945 2293
2 2330 392
2 1011 1763
2 828 1958
2 1417 1968
2 333 772
1 2502
2 937 1927
2 2474 1638
2 639 1477
2 1864 1798
2 560 298
2 624 313
2 1369 2041
2 1251 817
2 1398 219
2 1169 2480
2 1383 907
1 1780
2 881 1743
2 1291 2176
2 758 1274
2 1717 1259
2 479 1287
1 1047
2 718 677
2 426 2305
1 2655
2 2180 1326
2 7 547
2 1843 347
2 1713 1433
0
2 1660 1186
2 1017 691
2 1552 952
2 1897 1252
2 1388 1965
2 2182 570
2 2329 736
2 1462 1102
2 1822 77
2 1106 896
2 227 1199
2 2134 1075
2 1906 448
2 1140 1846
2 1681 528
2 148 2485
2 445 992
2 2366 427
2 485 1056
2 2454 2499
2 1564 838
2 1221 731
2 1045 2200
2 2555 506
2 2178 1891
1 1880
2 1345 101
2 1140 1658
2 2206 1624
2 2487 2629
2 1059 1158
2 1745 2224
1 2361
2 1946 841
2 363 1296
0
2 1222 1505
2 2185 1666
2 1228 2324
0
2 1909 1771
2 526 2264
2 1704 1577
2 346 263
2 789 1583
2 430 2085
2 1627 15
1 1690
1 1820
2 1181 1437
2 2591 2537
0
2 2405 2501
2 1852 433
2 2549 2192
0
2 1418 2095
2 642 1341
2 716 1714
2 1348 331
2 2491 2007
2 2082 1081
2 606 1367
2 1518 771
2 1626 1556
2 404 231
2 2614 769
2 540 1305
0
2 1471 1389
2 1691 1125
2 1361 727
2 1684 602
2 1811 492
1 2618
2 2358 2308
2 1535 1290
2 710 2167
1 2315
2 2003 742
2 2505 2631
2 164 2617
0
2 1821 1871
2 1226 1316
1 1397
2 1169 1263
2 1469 2025
2 223 782
2 1478 702
2 1418 2095
2 1683 1148
2 2129 2362
2 1058 2385
2 1350 1834
2 2331 81
2 2520 2072
2 1267 1731
1 416
2 2336 554
2 752 1824
2 1757 2627
2 814 477
2 2490 60
2 965 1910
2 396 354
2 293 564
2 1756 1955
2 265 2106
2 1476 1221
2 2582 314
2 727 715
2 1990 2100
2 2604 739
2 354 1600
2 803 2450
2 2049 2415
2 357 635
2 1777 1319
2 1053 714
2 1645 348
2 2186 1515
1 1927
2 950 2042
2 2404 1498
2 1103 2291
2 1773 1426
2 1407 793
1 1479
2 973 995
2 2345 371
1 746
2 1271 829
2 2297 2494
2 942 9
2 1139 847
1 1070
2 1410 2349
0
2 2140 1813
2 1973 1528
2 991 2171
2 525 1144
2 2635 1384
2 2169 986
2 1259 1114
2 1947 1216
1 2150
2 722 1759
2 309 162
2 655 1990
2 2557 306
2 1740 669
2 2543 1897
1 183
2 2090 2278
2 806 2359
0
2 2385 2486
2 948 1039
2 802 2379
2 750 36
2 777 2413
2 702 1963
2 1787 94
2 2324 928
2 781 555
2 1107 1328
2 364 811
2 393 1694
2 1638 773
2 1229 1480
2 838 2068
2 2357 2454
2 1130 2352
2 2660 2444
2 391 2462
2 2477 779
2 431 2581
2 988 1501
2 1185 2350
2 574 1068
2 1964 1384
2 1179 2023
2 2373 1235
2 957 1855
2 2040 143
2 1187 48
2 875 1966
2 980 2383
2 1197 2614
2 2199 1657
2 825 2143
2 166 1770
2 2312 128
2 640 135
2 1300 832
1 145
2 2310 625
2 28 2218
2 1165 633
1 2368
2 1455 859
2 1299 1327
2 1019 2206
2 1556 268
2 355 943
2 34 242
1 1542
2 2199 366
2 889 2396
2 482 1941
2 1590 854
2 1805 334
2 2137 2607
2 1341 2381
2 1503 22
1 1668
2 2535 1579
2 1546 1680
2 2109 1928
2 509 2213
0
2 2036 1147
2 518 1333
2 1018 482
2 973 2425
2 866 969
2 193 1096
1 2432
2 635 887
1 1785
2 1893 523
2 1533 410
2 2087 674
2 1244 2545
2 2130 1078
2 2354 1132
2 875 1966
2 1610 2476
2 860 2241
2 2053 1385
2 2205 152
2 2491 2380
2 1267 2193
2 2179 330
2 1456 1182
2 795 129
2 143 321
1 2121
0
0
2 851 30
2 82 981
2 2560 357
2 1913 180
2 1876 2322
2 651 1175
2 1833 537
2 400 2133
2 253 158
2 475 1550
2 1899 1312
2 305 2636
2 683 2593
1 2525
2 2211 603
2 1931 490
2 1 299
2 1290 564
2 1241 1916
2 452 1180
2 1052 1919
2 336 2377
2 1174 711
2 703 2266
2 2299 1672
2 1575 885
2 182 296
2 1233 2315
2 1665 1344
2 2298 2290
2 1612 2534
2 756 906
2 1113 1769
2 1458 473
2 2208 1879
2 376 2611
1 2245
2 757 689
2 597 2558
2 2050 2355
2 1492 2542
2 776 1391
2 1325 1133
2 1433 649
2 2561 2562
1 2306
2 2084 2529
2 1171 41
2 1960 1612
1 1985
2 931 2640
2 707 765
1 2659
2 1080 46
2 2238 2105
2 1667 1562
2 585 494
2 442 2392
2 1204 234
2 285 415
2 1746 2412
2 2163 425
2 1649 2648
2 836 819
2 1654 1057
2 112 2221
2 2217 2138
2 250 1986
2 1122 673
2 755 1551
2 318 1867
2 614 2435
2 1674 1978
2 946 1918
2 2098 1202
2 1186 2398
2 1249 134
2 123 1469
2 598 904
2 173 867
2 1622 520
2 1641 901
2 460 1866
2 2489 2654
2 1608 24
2 1083 1214
2 335 2246
2 98 1313
2 1826 1710
2 690 1227
2 1278 1011
2 1611 2214
1 1349
0
2 14 792
2 409 1284
2 365 2212
2 612 1346
2 922 153
2 178 2596
2 2387 2388
0
2 13 222
2 2181 2426
2 91 1553
2 289 1105
2 2155 764
2 2605 2359
2 1014 991
2 1357 2417
2 2145 1243
2 1880 607
2 1092 837
2 1963 294
2 187 1017
2 179 881
2 1677 1254
2 260 2279
2 2314 2461
2 2501 884
0
2 735 2195
2 2312 128
2 1728 1403
2 33 1062
2 1055 2198
2 2609 2606
0
2 1004 504
2 126 529
2 1640 386
2 2048 747
2 2560 2009
2 2278 983
2 2010 2318
2 2472 225
2 684 809
2 132 2582
2 478 1983
2 510 622
2 583 490
2 1222 2593
1 1860
0
2 1307 2319
1 2119
2 85 579
2 1312 1931
2 1861 565
2 2628 334
2 1064 1939
2 1177 250
2 1660 2198
2 102 880
2 2436 1166
2 370 405
1 505
2 1041 2497
2 708 1275
2 1286 53
2 352 2536
2 2578 977
2 1051 2178
2 1825 927
2 1047 2327
1 2210
2 1685 2223
2 970 109
2 1262 720
2 1396 588
2 284 1626
2 2174 849
2 1645 348
2 830 361
2 11 688
2 287 434
2 1044 1914
2 976 1035
2 1414 2333
0
2 1847 1088
2 1164 1557
2 1560 2129
2 659 1309
2 1720 2625
1 1483
2 2517 1961
2 2157 1569
2 2139 1744
2 131 1314
2 2177 823
2 1064 1939
2 351 209
2 185 69
2 1873 1547
2 656 2460
2 1258 1689
2 106 1485
2 1422 2276
2 963 1993
2 215 373
2 1521 2408
2 1306 822
2 245 1992
2 2060 295
2 2334 1921
2 376 1480
2 514 1292
2 1618 2492
2 2174 160
2 2599 2638
2 1994 2559
2 2311 1889
2 962 1982
2 75 869
2 871 1331
2 1608 1255
2 74 2000
2 1141 1160
2 1937 2328
2 1745 1306
2 108 2466
2 2509 1838
2 1940 786
2 1672 1877
2 1173 2258
2 835 1015
1 1154
2 629 1607
2 1265 1429
1 1152
2 231 2498
2 453 879
2 2575 892
2 666 1390
1 705
0
2 294 410
1 444
2 329 944
2 1008 1619
1 1524
2 1098 867
2 197 700
2 2021 43
2 2335 2074
2 1929 115
2 2639 1332
2 1594 2235
2 2438 19
2 2567 754
2 2242 1829
2 2433 273
1 1629
2 2589 2088
2 2037 1587
2 1230 1972
2 1878 2002
2 428 2465
2 1869 2242
2 217 1050
2 468 2260
2 2375 1694
1 2060
2 1693 72
2 1069 329
2 1143 1141
2 431 1473
0
2 2029 769
2 1413 1802
2 2017 1712
2 2351 2654
2 2626 1489
2 238 1849
2 1374 1113
2 1438 1001
2 1052 42
2 1851 587
2 1400 1115
1 2378
2 53 175
2 1539 656
2 1054 446
2 2441 2304
2 432 2056
2 632 155
2 1816 1730
2 686 343
1 778
2 1797 2231
2 492 1872
2 1207 435
1 1056
2 1905 10
2 1032 2253
2 1950 738
2 1837 1440
2 1876 2322
2 1482 1623
0
2 1296 2507
1 114
2 1273 2233
2 1902 149
2 1148 2050
2 1509 2568
2 2259 89
2 267 407
2 2229 2420
2 1234 1764
2 658 647
2 1040 664
1 367
2 1394 271
1 776
2 2348 1150
2 2372 2389
1 2102
2 2191 955
2 1423 2406
2 1505 687
2 1256 1637
2 1517 619
2 1826 574
2 356 389
2 819 1157
2 1758 393
2 1765 1422
2 167 2623
2 2320 2161
2 1986 826
2 1689 735
2 2362 2015
2 2365 2612
2 1819 721
0
2 1081 1491
2 2069 2323
2 2486 1995
2 256 240
2 605 2546
2 1223 1839
1 618
2 499 2097
2 1036 2432
1 1820
2 1642 1190
2 254 2073
2 1488 2043
2 373 381
2 1617 999
2 1436 161
2 601 1403
2 301 2252
2 1967 1203
2 523 791
2 1079 1345
2 2336 554
2 1107 1328
2 1220 13
2 2089 1669
2 182 296
2 1162 750
2 2290 2339
2 877 1929
2 779 382
2 1738 2247
1 1200
1 1076
2 2630 2632
2 2645 2440
2 622 821
2 239 1377
2 1241 140
2 768 1213
2 916 454
2 475 696
2 923 690
2 2584 252
2 2088 680
2 1838 815
2 1987 204
2 1702 2471
2 788 455
2 1337 751
2 83 2478
2 726 2016
1 1046
1 1195
2 2425 150
2 698 2523
2 968 2149
2 1609 1162
2 2065 132
2 428 2361
2 1458 738
2 49 2588
2 2534 2134
2 1401 2638
2 118 1320
2 1060 1522
1 1318
2 1304 2092
2 1915 1555
1 1090
2 2421 68
2 2201 391
2 2001 61
2 891 1380
1 269
2 1706 1281
2 1574 2510
1 448
2 1085 1601
2 27 2241
2 2184 2045
2 2504 575
2 768 1320
2 1282 1127
2 2092 2295
2 1038 476
2 708 1275
2 176 1792
2 84 2453
1 2150
2 745 274
1 2610
2 407 2035
2 1881 959
2 1494 1683
2 2576 2552
2 230 911
2 588 2197
2 1974 73
2 2660 800
2 847 1048
1 260
2 792 2230
2 1495 1561
2 1723 1258
2 1678 1800
2 1358 20
2 2590 2122
2 586 1923
2 1189 2081
2 1980 1775
2 2186 1515
2 2450 1868
2 1027 2052
2 1492 85
2 2116 950
1 2570
2 169 2332
0
2 714 1570
1 2378
2 1729 1408
2 2056 964
2 2434 198
2 701 1329
2 121 1387
2 1380 1395
2 1708 903
2 412 185
2 1159 275
2 578 2632
2 1411 2018
2 765 2507
2 1588 919
2 29 2202
2 688 2217
2 2194 582
2 1789 17
2 427 2615
1 1534
2 466 1457
2 2617 2602
2 2321 1171
2 1567 671
2 1642 1190
2 1592 1713
2 398 1711
1 908
2 1459 665
2 1264 1853
2 1934 1211
2 2525 1072
2 775 1514
2 1992 900
2 1786 807
2 2621 2399
2 2032 200
2 812 1303
2 2394 911
2 2128 2484
2 1009 375
0
2 2246 939
2 739 597
2 1703 2156
2 855 2423
2 1887 350
2 451 1330
2 48 1115
2 550 2463
2 262 595
2 1866 2604
2 2409 1112
0
2 1650 2603
2 667 1445
2 330 1640
2 1099 1614
2 830 361
1 191
2 2626 699
2 2271 2005
2 2371 2397
2 1291 2161
2 1039 2123
2 1124 1282
2 876 1057
2 2586 1126
2 1355 2400
2 1038 2149
2 1189 2081
2 998 2292
2 814 477
2 1095 493
2 1425 544
2 63 1805
2 1859 1313
2 2193 1932
2 2484 449
2 1244 2226
1 2196
2 2456 1950
2 2444 2451
2 395 1353
2 2202 1133
2 1292 978
2 1354 1450
2 342 1727
2 2441 2318
2 1830 1565
2 2356 2420
1 1519
2 2236 1372
2 561 697
2 1149 1937
2 2416 2566
2 2538 945
2 1988 384
2 220 2330
2 1362 221
2 2548 1324
2 1111 924
2 993 162
2 248 2542
2 2566 2301
2 557 1801
2 1647 1595
2 2107 1915
2 290 753
2 2076 1883
2 513 1482
2 684 244
2 1268 573
2 50 1386
2 1750 519
2 1948 1989
2 1208 861
2 5 844
2 1217 508
2 1315 661
2 9 1496
2 1541 886
2 278 1657
1 648
2 203 680
2 1299 1327
2 1864 1798
2 1744 244
2 2243 287
1 2151
2 1331 1875
2 2388 2211
2 2137 2607
2 1788 624
2 1900 1552
2 1089 589
2 649 238
2 701 1329
2 1833 2367
2 71 2189
2 2004 2164
2 894 1604
2 86 1354
1 2363
2 49 2588
2 2215 1664
2 1591 980
2 922 153
2 601 817
1 1155
2 2175 752
2 2355 983
2 2110 270
2 1726 1272
2 1890 1567
2 271 810
2 2058 1497
2 2063 1568
2 1095 493
2 1908 732
2 399 151
1 285
2 2410 2044
2 1145 1215
2 978 974
2 2266 249
2 497 846
2 2453 938
2 1362 623
2 1378 167
2 2288 491
2 14 2216
1 59
2 876 1903
2 1756 1955
2 583 813
2 1125 163
2 1285 1019
2 931 1850
2 616 2594
1 1172
2 1571 600
2 2286 2022
2 590 419
2 318 1867
2 1807 2622
2 1294 133
2 521 638
2 566 974
0
2 709 1108
2 850 1200
2 21 1582
2 2449 282
2 1442 1516
2 1912 842
2 1840 8
2 2005 2580
2 2464 2521
2 753 2386
1 226
2 181 90
2 193 592
2 990 1063
2 127 1513
2 987 726
2 1724 208
2 2279 1010
2 394 2550
2 2339 2661
0
2 401 1287
2 1543 2333
0
2 1904 733
2 731 2458
1 1363
2 1888 1752
2 1484 1644
1 2265
2 10 1266
2 1129 1673
2 1999 579
2 1137 874
2 221 52
2 1835 2026
2 620 2540
2 1590 1300
2 2314 92
2 2018 2116
2 1404 71
1 105
2 1340 1578
2 2616 1436
2 1499 720
2 695 2086
2 389 862
2 1804 975
0
2 1606 481
2 378 2049
2 2125 467
2 2563 2596
2 325 2321
2 1427 880
2 1342 1062
2 207 1086
2 562 24
2 2074 2338
2 1799 713
2 2446 1340
2 2111 806
2 647 362
2 1504 503
2 524 2077
2 29 2218
2 1959 2272
2 4 2623
2 2003 742
2 280 1969
2 1735 2364
2 951 2222
2 2598 1106
2 1544 1816
2 1758 2276
2 1680 1066
2 1598 813
2 2584 252
2 1375 1984
1 1555
1 20
0
2 1878 2002
2 2118 2562
2 26 439
2 628 1462
2 2225 2482
2 2006 302
2 2061 843
1 47
2 196 910
2 895 63
2 2518 1686
2 1444 1248
2 1223 1839
2 2443 1546
2 1309 441
2 767 1506
2 2055 1823
2 228 1494
2 648 1667
2 1412 1892
2 501 542
2 246 1825
2 2401 2475
2 1830 2640
2 1231 2618
2 1655 1466
2 138 718
2 1247 949
2 426 159
1 1024
2 541 2509
2 1344 2135
2 2153 2185
2 2023 744
2 2057 1402
2 1497 2039
2 241 1652
2 2325 568
2 1781 363
2 1229 37
2 2283 70
2 1558 279
2 665 2636
2 1599 67
0
2 1598 898
1 1308
2 1595 2436
2 1289 595
1 1465
2 2390 2
2 626 1842
2 1954 507
2 1273 1907
2 1183 954
2 1504 2101
1 2528
2 126 529
2 2240 1677
2 1101 1367
2 501 542
2 2381 866
2 1855 1383
2 1572 736
2 918 1012
1 411
2 654 206
2 1655 728
2 693 1716
2 192 2358
2 1195 466
2 2440 56
1 1576
1 1827
2 909 383
2 1385 2621
2 1748 2065
2 557 1801
2 41 2479
2 1490 317
2 1558 956
2 1896 801
2 715 968
2 745 2502
2 2093 2209
2 1166 1364
0
2 1810 522
2 79 1361
2 385 103
2 1227 2087
2 902 2424
1 1860
2 2197 1338
2 430 2019
2 2605 1365
2 900 546
1 1956
2 1423 1365
0
1 850
1 1098
2 1388 1965
2 1163 2034
2 1031 883
2 2520 2146
2 2031 2303
1 1813
1 2143
2 895 1587
2 1238 785
2 1941 156
2 1716 2393
2 338 1029
2 770 1051
2 43 1947
2 2006 1511
1 331
2 2062 2091
2 667 2578
1 2533
2 1764 494
2 1863 1335
2 1270 668
2 1188 568
2 1460 1428
2 1257 808
2 1176 266
2 1225 259
2 429 799
1 263
2 1727 1236
2 2167 796
2 1549 387
2 2655 1061
2 1453 1678
2 972 450
2 1279 229
2 2156 1900
2 379 761
2 1487 1284
2 2175 191
2 1134 46
2 2138 1058
2 1919 93
2 1548 1539
2 2280 2442
2 2158 1130
2 2189 2120
2 1172 299
2 1487 2375
2 2549 1957
2 969 142
2 2538 945
2 1868 1998
2 636 670
2 39 2014
1 1026
2 1067 1779
2 1348 1440
2 1923 500
2 1917 551
2 1323 307
2 1545 872
2 2285 172
2 38 2409
2 491 2402
2 722 1722
2 2035 117
2 1417 1968
2 2165 2196
2 2421 68
1 1673
2 1071 402
2 1687 1630
1 274
2 27 863
2 386 1967
1 1903
2 1510 2162
2 2602 2506
2 2459 594
2 611 1751
2 2239 798
1 2047
2 1123 1033
2 291 784
1 1548
2 8 1193
2 670 2416
2 1377 127
2 1508 2273
2 2038 1173
2 1524 2622
2 1761 1943
2 1045 1575
2 1446 2394
2 1228 1665
2 422 2066
2 2139 1448
2 1010 479
2 337 1042
2 1681 629
1 1993
1 34
2 184 1804
2 1175 2517
2 1245 1046
2 1483 2096
2 580 211
2 115 936
2 1982 1185
2 1016 2222
2 2470 297
2 1198 1854
2 2113 645
2 1013 2646
2 1901 1071
2 241 1652
2 1996 33
2 2254 1571
2 1633 1406
2 2248 2331
2 1142 1852
1 1421
2 2571 1330
2 914 2317
2 351 209
2 531 385
2 1370 561
2 483 1540
2 358 634
2 258 455
2 2580 1257
2 309 897
2 1254 1165
2 2583 462
2 283 2641
2 926 1819
2 2643 1733
2 686 754
2 2012 344
2 749 2468
2 454 1453
2 397 1977
2 443 380
2 300 243
2 2383 2190
2 2256 1217
2 1802 394
2 961 113
2 99 1723
1 634
2 2452 311
2 766 1120
2 749 2468
2 1500 1040
2 1685 2223
2 1725 1024
2 2564 1343
2 441 1143
2 82 981
2 928 1812
2 2245 1693
2 1025 540
2 2071 805
2 1628 289
2 2052 2513
2 719 2240
2 2307 2342
2 2478 217
2 1135 1087
2 495 777
2 1882 2037
2 2121 45
2 15 1918
2 596 44
2 107 2103
2 2518 349
2 1776 1944
2 1913 180
2 2524 2647
2 1412 261
2 1428 2048
2 1922 288
2 1924 787
2 70 2620
2 1181 2022
2 995 1874
2 1624 412
2 1532 1858
2 2086 1748
2 616 2594
2 2078 1746
2 979 2565
2 1333 1250
2 1261 2028
2 2346 2281
2 1780 2412
2 989 2353
2 2123 836
2 1663 1768
2 322 1526
2 2445 1736
2 1743 423
2 375 502
1 1946
2 1600 1092
2 450 276
2 2212 511
2 1509 2568
2 1766 237
2 2188 144
2 944 1682
2 1085 1601
2 826 510
2 525 1144
2 804 1268
1 2455
2 40 1957
2 1007 1518
2 2386 526
2 2310 625
2 2113 645
2 2481 1605
2 3 256
2 570 2553
2 1079 2503
1 129
2 2452 311
2 21 1582
2 2214 471
2 2131 1444
2 2399 1439
2 2431 1543
2 2647 1631
2 897 232
2 2551 1997
2 2117 2574
2 326 1178
0
2 926 145
2 1999 591
2 615 610
2 786 141
0
2 327 340
2 1034 460
2 6 2523
2 122 933
2 861 370
2 1870 2456
2 1862 1376
2 887 459
2 352 1848
2 2552 2311
2 1688 571
2 2180 514
2 377 1668
2 61 138
2 88 2567
2 1730 1464
2 467 503
2 870 2127
2 39 144
2 1212 703
1 1700
2 2216 51
2 52 782
2 2544 1916
2 446 1077
0
2 246 896
2 1369 2041
2 1736 1399
0
2 1827 2325
2 326 1178
2 1511 1635
2 1455 594
2 1615 517
1 214
2 16 794
2 1405 2059
2 2634 1902
2 1568 2080
2 2340 1321
2 388 1893
2 480 1519
2 958 1424
2 117 1702
2 1408 539
2 1068 2619
2 941 102
2 1920 1763
1 32
2 2158 2207
2 1276 2608
0
2 1522 212
2 1005 592
2 953 1238
2 447 641
2 273 1334
2 2269 125
2 2575 892
2 573 1476
2 120 345
2 2231 1934
2 2232 1154
2 397 1977
2 723 2526
2 26 439
2 2301 2051
2 639 2613
2 1246 2587
2 1729 2483
2 1104 1566
2 1101 2302
2 323 31
2 2565 505
2 709 1108
1 748
2 883 2366
1 1942
2 2219 1808
2 251 1394
2 2556 2142
2 2277 775
2 281 137
2 682 2054
2 2343 1537
2 339 1232
2 474 495
2 2274 2521
2 534 2177
2 1675 2495
1 563
2 2526 2461
2 1510 2162
2 1424 2590
1 2457
2 137 1705
2 643 1773
1 2265
2 952 1632
2 612 1236
0
2 2488 107
2 740 283
2 762 1584
2 1796 824
2 233 2541
2 2348 1150
2 811 2380
2 1559 388
2 2064 2403
2 1704 1577
2 237 2122
2 2503 1100
2 2000 1295
2 941 1132
2 91 1553
2 1865 2154
2 1262 1443
2 165 596
1 1896
2 677 2062
2 452 1180
2 1028 422
2 312 642
2 721 1596
2 1959 1935
2 440 609
2 1005 1182
2 1962 1499
2 2403 620
2 2585 346
1 2323
2 796 1082
1 174
2 674 1527
2 2483 2077
1 1100
1 175
2 1118 559
2 934 1975
2 1980 1775
2 409 1508
1 996
2 774 1507
2 1983 723
1 1948
2 2230 1731
2 878 1953
2 2075 1831
2 2124 858
2 1794 1311
2 810 2477
2 757 689
2 921 2354
2 1090 2609
2 1450 1783
2 473 1075
2 1544 1352
2 848 1536
2 2471 1396
2 1338 1500
2 2338 1240
2 1757 2627
2 631 532
2 2132 678
2 644 2298
2 194 284
2 1945 2293
2 1298 2204
1 1076
2 2070 111
2 800 2300
2 1719 316
2 1981 982
2 254 2073
2 328 2172
2 1206 552
2 1451 1474
2 247 917
1 1355
2 1111 712
1 2611
2 2190 245
2 119 2427
1 2616
1 617
2 631 268
2 2250 1894
2 1796 824
2 2533 2600
2 277 1109
2 2473 988
2 1472 2259
2 1803 6
2 236 1996
1 1695
2 1000 1610
2 487 1709
0
2 341 374
2 575 1884
2 216 1318
2 1490 317
2 2369 1131
2 2042 695
2 964 2029
1 80
2 1409 1210
1 1308
2 218 2226
2 1004 504
2 511 1410
2 424 2083
2 2445 2426
2 2411 2430
1 1055
2 833 1097
2 2126 1243
2 913 25
0
2 2204 2131
2 2448 403
2 908 136
2 265 2106
2 2476 1691
1 1379
2 35 856
2 353 198
0
2 1812 1488
2 2183 341
2 81 1486
2 1842 2319
2 934 531
2 456 1970
2 402 2284
2 577 1762
1 1415
2 2470 297
2 1506 1611
2 1301 264
2 2395 795
2 893 456
2 1198 1854
2 1721 578
2 567 156
2 1334 948
2 1021 2024
2 215 930
2 2512 675
2 572 2093
2 120 345
2 382 515
2 2408 2008
2 609 1696
1 310
1 1530
2 2480 2657
2 171 97
2 2117 1276
2 141 210
2 1978 1378
2 2429 751
2 478 1094
2 1353 95
0
2 1442 1516
2 1810 2418
2 1906 316
1 2634
2 633 207
2 607 1979
1 823
2 860 653
2 76 2472
2 1086 2287
2 12 1447
2 282 2203
2 58 1688
2 2650 122
2 469 599
2 913 663
2 1119 2244
1 1187
1 1732
2 717 2303
2 1930 404
2 678 1044
2 1620 2165
2 2377 1973
2 1651 2411
1 1225
1 1224
2 1828 1599
2 2392 2576
1 840
2 1239 2144
2 1821 705
2 970 109
2 614 2435
2 1070 2337
2 1084 2557
2 1356 1310
2 1280 2168
2 1359 2054
2 62 2369
2 2281 2229
2 1514 1000
2 1956 1448
2 1809 912
2 1958 1676
2 1116 267
2 1661 1409
2 1112 2283
2 1343 1049
1 2306
2 485 698
2 1597 2469
2 1155 1856
1 1252
2 1156 379
2 269 1297
2 1914 2173
1 2101
2 664 1703
2 1357 2417
2 2430 812
1 308
2 1760 400
2 1050 1869
2 2016 2220
2 902 112
2 816 888
2 2414 984
2 1074 1836
2 1774 996
2 1861 371
2 660 310
2 1701 1204
2 78 1366
2 355 1400
2 637 1093
2 1332 168
2 2017 1712
2 940 255
2 1114 658
2 413 2094
2 2382 2271
0
0
2 548 1818
2 1146 870
2 2652 258
2 2529 2280
2 733 1739
2 960 1205
2 1588 919
2 89 187
2 325 2080
0
2 2649 408
2 1791 171
2 2036 2039
2 470 1991
1 2031
2 2601 685
2 527 1596
1 967
2 1788 2455
2 571 1029
0
2 871 1218
2 1631 1591
1 2171
1 183
1 1314
2 852 2357
2 935 1381
1 1022
2 1427 381
1 930
2 759 2130
2 105 213
2 1534 940
2 1391 1392
2 935 1699
2 966 1586
1 1087
2 1594 1592
2 2563 1121
2 166 979
2 1310 396
2 2307 1921
2 1718 2201
2 1662 2532
1 2342
2 2606 92
2 488 1892
2 1435 1184
2 2145 2300
2 367 1753
1 1146
2 899 2124
2 692 1413
2 791 2084
2 469 480
1 516
2 611 23
2 1371 189
2 566 1179
2 640 600
2 2613 1194
2 2209 286
2 2475 1604
2 163 1649
2 2591 2537
2 2004 2164
2 1324 755
2 1430 955
2 277 1109
2 937 2363
2 445 992
2 1264 1853
2 809 1339
2 464 2181
2 1699 741
2 259 1732
2 2489 1249
2 31 1735
2 213 1191
2 1807 1358
2 2182 1477
2 340 767
2 1856 1615
2 1602 1686
2 418 1138
2 2434 834
2 1593 2249
2 818 857
2 894 662
2 1110 799
2 1214 740
2 362 186
2 2308 2268
2 533 419
2 1987 912
0
2 1886 1167
2 854 553
2 1646 1844
2 1761 1943
2 2514 205
2 758 1274
2 1003 1459
2 424 2083
1 190
2 242 1564
2 2013 2187
2 1759 1213
2 1486 2114
2 1283 1235
2 2267 278
2 1168 1656
2 766 1120
2 706 1541
2 844 2228
2 1373 1953
2 444 1096
2 1094 1322
1 1399
2 1419 1754
2 1091 197
2 1435 1733
2 1747 356
2 2068 12
2 2511 1648
2 1153 2187
1 1851
2 652 1899
2 1205 770
2 967 553
2 761 438
2 1451 1474
2 713 11
2 1767 1271
2 730 149
2 1793 845
2 1540 1434
2 2096 1607
2 2653 2515
2 822 1890
2 1278 1650
2 729 1698
2 150 484
2 1790 2294
2 990 1063
2 2347 2234
2 2510 604
2 32 2047
2 2364 2082
2 1439 1717
2 1593 2249
2 778 1041
2 1768 366
2 851 30
2 2109 1928
2 2057 1402
1 203
2 812 600
2 764 272
2 736 46
2 2626 1874
2 1374 1019
2 70 2624
2 1252 458
2 1053 2710
2 2758 143
2 2160 122
2 912 2048
2 1746 2015
2 791 2474
2 1439 627
2 1631 1636
2 359 1807
2 1230 1835
2 2518 2402
2 2036 3125
2 66 1760
2 2838 1246
2 590 2689
2 1464 438
2 1925 588
2 680 1237
2 870 1369
2 2323 1811
2 594 2711
2 1033 24
2 1585 2800
2 366 55
2 531 2143
2 2115 417
2 1341 2834
2 3121 1519
2 2428 1613
2 2538 1328
2 2614 1536
2 2996 2741
2 2600 121
2 200 415
2 3078 1186
2 2761 624
2 2209 1172
2 1849 27
2 1289 80
2 888 829
2 1953 1213
2 2561 359
2 780 797
2 3123 193
2 1013 1996
2 2165 1384
2 644 1640
2 270 1391
2 1094 2291
2 2780 1972
2 2529 3093
2 2909 2251
2 1838 903
2 2952 992
2 789 911
2 7 2135
2 434 2628
2 1590 1612
2 2990 2783
2 1017 2155
2 1606 1279
2 62 1827
2 1266 2226
2 2502 2386
1 3041
2 110 545
2 2559 296
2 1591 901
2 389 1438
2 2558 1605
2 1240 2116
2 2988 2211
2 1370 988
2 2873 602
2 2924 1564
2 3023 1932
2 344 751
2 1940 1877
2 1788 1762
2 129 2593
2 2226 1525
2 1427 1765
2 1580 748
2 2330 209
2 1311 142
2 278 1961
2 972 3029
2 2164 2656
2 2793 543
2 2237 2639
2 955 1634
2 1049 839
2 537 132
2 2168 2611
2 447 408
2 1300 1974
2 2109 211
2 2486 2377
2 1962 174
2 364 388
2 2350 1875
2 1891 93
2 2714 435
2 425 857
2 2594 2867
2 104 1414
2 576 1713
2 2907 2532
2 2954 1052
2 3051 519
2 425 857
2 225 3076
2 1794 2677
2 556 3071
2 668 1194
2 99 2784
2 203 931
2 1363 2899
2 1824 1057
2 807 347
2 1390 365
2 413 3095
2 1490 500
2 604 1675
2 1260 1593
2 2355 2867
2 3025 1350
2 881 1189
2 2738 2663
2 20 2984
2 599 2707
2 2078 1434
2 1093 506
2 2126 2702
1 2880
2 2484 683
2 3112 1265
2 3122 452
2 1270 1507
2 2095 222
2 2967 2021
2 1905 1916
2 3031 216
2 478 2204
2 2297 1509
2 1855 1472
2 1719 2965
2 3025 1350
2 2210 2785
2 2699 1841
2 1316 1494
2 2522 2720
2 1855 1472
2 2263 3090
2 2444 970
2 121 1858
2 2222 103
2 2566 2545
2 3097 1168
2 2987 1776
2 351 2378
2 354 2454
2 1289 80
2 1736 493
2 2327 1030
2 1920 2957
2 154 2323
2 1197 2080
2 920 190
2 1437 463
2 2184 2786
2 2980 1633
2 617 2144
2 2685 1707
2 1426 963
2 159 2001
2 712 3042
2 14 468
2 620 2607
2 1860 8
2 721 2754
2 987 108
2 3043 2810
2 182 1683
2 2260 1547
2 424 2975
2 2650 1344
2 238 2194
2 3085 2371
2 2966 535
2 1940 1952
2 626 1846
2 865 900
2 2149 1039
2 2434 2014
2 2151 2326
2 2014 2253
2 2098 1158
2 3039 175
2 2755 1054
2 2275 2208
2 1574 2891
2 497 587
2 2692 919
2 568 2929
2 725 2879
2 2162 932
2 2790 1988
2 417 2054
2 597 2722
2 283 1293
2 2041 243
2 1315 1248
2 2249 184
2 1188 1684
2 3015 214
2 3013 511
2 1844 2188
2 1578 2825
2 717 613
2 654 30
2 349 884
2 787 1505
2 2767 1029
2 3005 3102
2 1151 1411
2 2229 2414
2 2219 2548
2 2395 1570
2 1096 2717
0
2 2129 1891
2 2096 1705
2 1367 195
2 1320 2351
2 1712 2448
2 2421 1355
2 2660 2597
2 2901 2411
2 1792 1275
2 804 645
2 1485 3046
2 287 1900
2 1597 2174
2 2114 2995
2 186 819
2 1691 252
2 1413 483
2 1911 2286
2 911 1076
2 1901 2613
2 1972 1223
2 2647 569
2 2244 2603
2 1468 759
2 1871 3098
2 226 2427
2 924 2634
2 2306 413
2 29 499
2 2214 2163
2 2769 231
2 698 2881
2 2608 2939
2 331 2585
2 2702 20
2 2395 2239
2 198 2453
2 1042 250
2 1101 1244
2 1448 1116
2 815 1137
2 1655 2744
2 1294 89
2 3020 2417
2 1783 1455
2 114 894
2 1698 927
2 1579 2091
2 2524 2644
2 2477 1556
2 162 21
2 224 259
2 2629 110
2 2845 909
2 787 1505
2 1296 1273
2 1613 2313
2 655 1226
2 1573 2269
2 2433 227
2 2463 3032
2 806 2344
2 1617 2095
2 2703 2110
2 3038 1632
2 778 156
2 2414 831
2 1060 980
2 1292 1298
2 2421 1697
2 2251 225
2 2911 492
2 671 353
2 759 1573
2 442 1119
2 3057 3036
2 1753 96
2 1636 189
2 2322 524
2 1689 2824
2 18 1164
2 1263 716
2 1203 1088
2 1992 2915
2 2862 1506
2 1977 1492
2 3128 541
2 1404 1644
2 1797 2813
2 2641 3044
2 263 1504
2 2569 1340
2 553 3085
2 1800 2774
2 2979 2172
2 1756 356
2 2890 725
2 517 733
2 1882 1360
2 3006 805
2 1787 2423
2 2863 1542
2 327 497
2 2069 1806
2 569 1433
2 2916 2238
2 1107 2841
2 92 650
2 2161 2170
2 741 521
2 2621 774
2 2438 883
2 3028 100
2 1282 478
2 823 2345
2 1391 315
2 3065 2120
2 2676 1816
2 1053 77
2 740 892
2 2568 816
2 501 709
2 452 2004
2 357 1396
2 1267 22
2 403 602
2 941 2574
2 1584 2828
2 2894 2391
2 2179 2465
2 1104 422
2 2938 1146
2 635 1057
2 72 285
2 2108 671
2 2213 3037
2 2624 2922
2 1751 1220
2 202 1370
2 49 615
2 2359 1552
2 258 971
2 2586 565
2 1621 1935
2 1150 486
2 1092 818
2 2086 1230
2 1522 1242
2 419 3023
2 2777 1443
2 1947 1310
2 228 183
2 1660 782
2 571 2309
2 1480 1253
2 1101 2959
2 395 2722
2 276 1999
2 1232 1840
2 2330 137
2 1108 1447
2 1025 2277
2 1649 91
2 2334 1466
2 1919 642
2 2868 710
2 2286 23
2 3110 1529
2 2076 218
2 547 1549
2 2257 427
2 2154 481
2 1600 1142
2 1007 2884
2 508 1681
2 663 3066
2 1339 1208
2 167 1015
2 509 157
2 204 1409
2 1628 1790
2 2936 1108
2 1103 1133
2 2804 1031
2 1588 299
2 53 2568
2 1262 1934
2 499 526
2 2168 2611
2 2877 387
2 426 95
2 2482 1102
2 1910 1334
2 738 1803
2 312 254
2 1639 1886
2 700 1047
2 1382 1869
2 666 2003
2 1991 54
2 1903 1104
2 902 2087
2 2804 2001
2 256 719
2 1345 1588
2 928 651
2 1781 2134
2 2118 1127
2 447 3034
2 2818 111
2 2596 140
2 727 441
2 607 368
2 2781 2159
2 889 2335
2 2245 2410
2 2912 1609
2 1562 1190
2 548 1696
2 2599 718
2 1514 79
2 1838 903
2 3100 2565
2 2046 2038
2 2693 408
2 2045 1095
2 690 3026
2 2569 418
2 843 3052
2 248 138
2 1854 1010
2 1890 801
2 227 1936
2 2982 402
2 1556 3010
2 1957 2441
2 2723 382
2 3103 1301
2 1619 1615
2 849 1277
2 2504 313
2 890 3081
2 1710 1814
2 1342 1813
2 1045 2719
2 627 836
2 1666 2024
2 2913 929
2 336 2594
2 879 294
2 1869 812
2 40 344
2 532 2028
2 1386 796
2 1729 2974
2 2363 325
2 313 209
2 201 310
2 2610 1560
2 972 3029
2 1898 1921
2 1932 830
2 1714 2181
2 397 1674
2 472 119
2 1436 2392
2 2243 21
2 163 2094
2 2472 2962
2 1874 1679
2 995 1809
2 796 1538
2 3126 1820
2 230 2254
2 2112 567
2 658 2914
2 1180 1417
2 1988 1255
2 2943 1853
2 324 2811
2 2121 3116
2 1200 2000
2 632 1536
2 3056 2287
2 352 664
2 3112 1974
2 3099 233
2 1058 1700
2 2081 2102
2 2519 2171
2 424 2975
2 1090 1658
2 223 272
2 813 941
2 628 1680
2 29 1545
2 56 3015
2 2198 1568
2 276 1999
2 3004 923
2 853 542
2 465 1121
2 384 2475
2 1725 475
2 1676 469
2 820 595
2 795 1380
2 2985 2002
2 886 1955
2 1745 2105
2 52 2805
2 791 484
2 376 2016
2 2938 2878
2 696 438
2 1412 2946
2 1713 3030
2 2073 2149
2 459 2388
2 1148 50
2 1826 1306
2 2185 3019
2 1331 217
2 2912 1609
2 27 3070
2 3128 541
2 1936 396
2 233 2647
2 1939 2380
2 2705 1314
2 93 132
2 3027 2082
2 337 329
2 1925 1369
2 2861 608
2 489 795
2 1049 839
2 2604 875
2 692 2070
2 2049 83
2 26 982
2 841 2581
2 729 2543
2 127 2851
2 1539 661
2 2914 1239
2 935 690
2 2067 489
2 1849 2919
2 637 548
2 2972 1728
2 2884 2347
2 1581 1739
2 1864 2682
2 352 664
2 362 2026
2 2325 2434
2 2640 1795
2 2225 3073
2 1690 307
2 3 2934
2 1753 480
2 701 2268
2 1531 1637
2 1637 436
2 948 2074
2 2134 907
2 73 2803
2 279 2557
2 598 1086
2 1331 1170
2 1175 2277
2 500 2718
2 1322 390
2 1393 1966
2 1865 2935
2 295 2653
2 1211 1111
2 1989 1852
2 1123 1399
2 1225 2194
2 2642 1516
2 60 302
2 1982 2715
2 2063 1966
2 370 2497
2 2733 582
2 84 3113
2 3047 2044
2 551 675
2 2670 1199
2 2224 1399
2 1552 1040
2 1913 2759
2 2448 42
2 1696 1118
2 1398 3111
2 2696 201
2 2815 3060
2 2464 3068
2 470 2083
2 1288 2629
2 2758 1923
2 859 2113
2 1756 356
2 522 394
2 1722 2897
2 1142 769
2 1880 2296
2 228 985
2 1163 2977
2 2332 2994
2 1395 2728
2 515 1857
2 854 2435
2 1169 2944
2 2652 1112
2 3125 2429
2 2201 3117
2 1949 1868
2 1047 49
2 713 1786
2 1239 1595
2 2562 656
2 1595 700
2 973 460
2 1627 2200
2 1825 2836
2 1254 287
2 1717 2808
2 2010 2664
2 2375 2169
2 1831 1251
2 189 348
2 2367 1425
2 2147 1439
2 736 942
2 1752 743
2 971 558
2 2817 3124
2 1224 1348
2 28 1554
2 3079 2843
2 234 143
2 1465 322
2 512 1161
2 3051 2324
2 1445 238
2 443 1695
2 2551 1859
2 423 2580
2 1629 2888
2 156 668
2 2187 2682
2 1945 2600
2 852 247
2 1377 69
2 1938 1132
2 3053 65
2 337 2174
2 1377 219
2 2282 3
2 2365 1630
2 2335 2404
2 130 2753
2 1676 469
2 422 1818
2 2577 2872
2 1014 3107
2 2901 391
2 1885 2016
2 609 1635
2 2831 1233
2 926 2887
2 30 2027
2 355 2043
2 705 3097
2 2481 1831
2 621 1429
2 1763 2197
2 2237 2639
2 1587 2919
2 1862 2876
2 1356 2889
2 151 2598
2 2817 1375
2 2460 1099
2 678 451
2 1060 513
2 2106 2142
2 1256 2187
2 2665 2346
2 1686 2146
2 2940 2631
2 2338 1490
2 334 961
2 289 2514
2 2264 273
2 455 2622
2 1405 2835
2 937 219
2 574 731
2 2416 2485
2 290 1247
2 285 754
2 222 2005
2 799 385
2 2178 944
2 1811 2721
2 2789 1469
2 2643 1174
2 2761 2270
2 3036 2481
2 1073 981
2 2266 1043
2 1825 2836
2 2429 2336
2 1879 2672
2 2013 604
2 379 940
2 1530 1900
2 597 2341
2 19 2436
2 2076 218
2 861 715
2 264 2727
2 100 983
2 297 1959
2 1970 2496
2 1421 2188
2 1251 2918
2 1593 456
2 1401 1214
2 2230 2926
2 2314 415
2 262 859
2 2813 1219
2 1313 2787
2 1902 2274
2 2516 2116
2 1100 1405
2 2775 811
2 2180 2525
2 1257 707
2 1061 3103
2 323 3101
2 85 277
2 2367 1425
2 467 1345
2 1353 280
2 766 2073
2 2700 2943
2 335 1798
2 2211 266
2 2972 231
2 2658 874
2 1046 872
2 896 1553
2 2680 1590
2 1870 1462
2 1870 1462
2 2796 101
2 2925 485
2 1714 2181
2 1827 756
2 670 540
2 1518 1559
2 1795 1478
2 1857 1550
2 1802 440
2 2118 2117
2 284 1242
2 1548 2186
2 2655 1751
2 1499 2329
2 1667 1882
2 1526 3077
2 2465 528
2 747 2128
2 1862 1670
2 12 1818
2 635 636
2 1285 2275
2 1473 538
2 589 1664
2 64 1772
2 457 977
2 2287 1048
2 1344 2645
2 2692 734
2 339 1601
2 1209 2552
2 2612 809
2 1967 1618
2 2971 655
2 282 1356
2 2774 694
2 2539 18
2 2918 2967
2 608 2201
2 714 2389
2 2307 3064
2 329 34
2 1039 2614
2 322 2535
2 1638 1044
2 2928 639
2 32 304
2 1326 2232
2 1829 2084
2 877 2288
2 2993 593
2 400 2685
2 2604 389
2 580 528
2 1509 318
2 15 281
1 1908
2 421 726
2 1026 236
2 385 2123
2 1018 637
2 3109 2648
2 1651 1346
2 2850 160
2 1895 373
2 2613 943
2 1604 573
2 1281 1372
2 1942 2483
2 1808 1769
2 479 3129
2 331 2585
2 1030 2101
2 2101 16
2 779 1866
2 1466 1309
2 1995 2539
2 120 1474
2 3131 2835
2 2567 2518
2 3033 1589
2 2458 2991
2 1364 665
2 411 1886
2 2934 1797
2 2710 1021
2 2697 2086
2 3093 2690
2 1782 2902
2 1074 1128
2 217 1956
2 2128 1070
2 741 2513
2 2570 674
2 1804 1069
2 291 2829
2 2636 2892
2 2723 382
2 1641 2207
2 195 863
2 1107 3115
2 2353 150
2 16 1745
2 1437 463
2 890 31
2 1612 1512
2 2453 821
2 2840 1767
2 651 1709
2 745 2320
2 1414 1451
2 2379 1442
2 2896 2339
2 237 1887
2 1755 2467
2 2957 2620
2 1534 2408
2 2974 761
2 976 2824
2 2997 2034
2 12 2488
2 1624 2263
2 1238 663
2 2511 991
2 3049 2010
2 1452 213
2 2565 1938
2 2675 3002
2 2096 1705
2 2544 2508
2 318 581
2 1726 99
2 2762 834
2 3018 158
2 108 673
2 2027 2192
2 1280 2960
2 2582 1876
2 1594 3052
2 2009 169
2 474 1458
2 2056 61
2 685 2927
2 643 1347
2 314 2415
2 898 1998
2 135 2712
2 2527 1742
2 2584 2037
2 1305 1846
2 800 2596
2 1924 2897
2 242 1038
2 2426 62
2 1089 954
2 76 407
2 642 1789
2 2707 2538
2 1848 2271
2 2950 2930
2 241 2861
2 1778 1109
2 1952 1182
2 3021 815
2 2083 206
2 2022 746
2 2577 2872
2 659 375
2 71 2799
2 44 1742
2 2701 1640
2 2167 2736
2 2760 768
2 57 1859
2 2947 2125
2 264 2358
2 1093 506
2 2491 1125
2 948 2504
2 72 2039
1 1529
2 720 3092
2 1643 305
2 398 1572
2 626 2850
2 2069 271
2 2531 2917
2 320 167
2 555 1001
2 2373 522
2 1294 89
2 2270 284
2 258 850
2 2491 1376
2 309 66
2 2171 2606
2 2394 1892
2 967 107
2 2507 1894
2 1942 2497
2 1824 1020
2 2362 709
2 162 393
2 1703 180
2 849 1277
2 3004 2124
2 319 2243
2 2700 1452
2 3072 505
2 2241 660
2 2190 2466
2 895 1385
2 371 265
2 2361 2482
2 1340 2757
2 2364 2452
2 2256 2262
2 881 1189
2 2986 2936
2 2768 2142
2 3020 86
2 980 2008
2 1269 1022
2 1213 1209
2 2120 1902
2 1397 534
2 1145 2127
2 2363 406
2 1867 2862
2 237 762
2 688 300
2 1671 2505
2 1984 3062
2 696 1937
2 2045 1095
2 1418 1485
2 1721 1217
2 1659 60
2 3064 747
2 1486 2032
2 788 3070
2 2587 450
2 949 1314
2 1978 594
2 2671 1227
2 2876 2253
2 2670 960
2 989 2282
2 844 2661
2 1957 2261
2 144 682
2 1365 416
2 2081 2102
2 1989 1134
2 1226 579
2 2337 420
2 177 67
2 507 2458
2 527 1933
2 838 1761
2 880 370
2 1686 880
2 9 2026
2 2114 1586
2 1156 570
2 1274 41
2 829 2913
2 348 2284
2 31 2801
2 2035 1343
2 2322 3108
2 1293 392
2 2784 2667
2 999 2681
2 1578 2825
2 719 1893
2 1497 772
2 1264 936
2 1384 1496
2 2979 2932
2 2471 1904
2 1905 932
2 1647 2920
2 1963 302
2 144 1592
2 765 585
2 2244 862
2 1863 552
2 2564 1252
2 261 1558
2 2343 2633
2 529 828
2 2051 1225
2 6 2153
2 2494 2869
2 380 2072
2 2236 1432
2 2269 2109
2 304 2783
2 1460 1799
2 1077 853
2 996 251
2 794 1520
2 1357 2364
2 240 327
2 1051 1130
2 509 2856
2 3074 757
2 1799 2573
2 2135 2605
2 1218 1903
2 777 2953
2 2228 2634
2 61 770
2 921 2654
2 482 2533
2 1354 37
2 1415 2011
2 1175 97
2 426 95
2 2150 172
2 990 2242
2 2719 376
2 930 1503
2 656 246
2 978 1694
2 369 230
2 988 912
2 2689 925
2 57 2855
2 1970 294
2 1461 2684
2 2550 1094
2 1477 109
2 686 2890
2 74 1034
2 2140 2678
2 3088 1809
2 2893 1832
2 1572 2437
2 3120 455
2 1734 3096
2 3066 1984
2 1161 1284
2 1127 3101
2 935 945
2 1985 1020
2 1768 1188
2 1330 735
2 2450 2816
2 1632 1897
2 2848 2736
2 552 2839
2 2635 2666
2 2288 571
2 1569 2426
2 1388 1562
2 2435 764
2 2725 33
2 2489 1003
2 1219 556
2 846 2501
2 2238 2162
2 2792 1463
2 485 2908
2 1563 125
2 2779 835
2 2250 2361
2 190 2370
2 2609 1413
2 2031 2840
2 36 321
2 2007 1881
2 1105 2460
2 3089 351
2 1944 1426
2 1133 1810
2 1221 2883
2 837 1610
2 40 2709
2 3115 2941
2 822 1992
2 697 913
2 1467 2662
2 2855 58
2 3122 2422
2 2025 1216
2 2764 2495
2 187 2278
2 2673 265
2 2305 106
2 1037 1046
2 2726 749
2 2998 1703
2 871 887
2 1871 1750
2 1658 939
2 1850 2826
2 75 1269
2 1178 924
2 2143 2219
2 1091 1319
2 2103 2554
2 2637 1312
2 1180 1956
2 1202 2561
2 47 2949
2 799 1424
2 124 386
2 416 876
2 111 1009
2 2024 946
2 2084 326
2 634 784
2 17 1513
2 2660 648
2 1646 614
2 357 1581
2 2820 1317
2 1688 1683
2 133 1633
2 445 792
2 113 1542
2 1008 1246
2 2953 1394
2 1610 1122
2 377 1422
2 1497 1492
2 1851 2632
2 1533 2814
2 1926 3040
2 2225 68
2 697 913
2 487 464
2 1474 1297
2 2378 1430
2 174 2703
2 1227 1541
2 529 2354
2 1174 1068
2 2235 365
2 198 554
2 2941 459
2 817 638
2 2041 969
2 1976 2822
2 1927 1757
2 1160 1229
2 596 777
2 449 1177
2 2706 564
2 402 488
2 2052 2739
2 868 1599
2 1670 200
2 2343 1455
2 1873 2386
2 1625 2806
2 2924 1564
2 2597 2684
2 1842 2640
2 498 676
2 654 1558
2 516 1098
2 1459 2131
2 1828 2928
2 2773 2231
2 46 2616
2 955 1634
2 1602 2778
2 2552 2480
2 1123 933
2 1720 1162
2 1698 927
2 2146 1755
2 3000 723
2 1417 2468
2 1409 151
2 2340 270
2 2319 134
2 650 877
2 572 2158
2 2262 975
2 2661 1059
2 1139 2665
2 2012 1907
2 2875 2618
2 1791 2351
2 2046 2184
2 1305 2274
2 433 2857
2 2172 115
2 950 112
2 630 2760
2 131 2490
2 563 1120
2 196 2578
2 2072 2992
2 263 1504
2 2945 1561
2 1559 767
2 1461 2294
2 3095 493
2 615 2240
2 578 472
2 2111 1493
2 1066 611
2 180 2079
2 2698 515
2 1830 1656
2 1167 978
2 3079 2843
2 1883 2360
2 2905 2447
2 3111 2449
2 2023 1880
2 1931 2844
2 833 603
2 836 2315
2 1120 1758
2 1235 1476
2 94 152
2 1278 262
2 1523 2492
2 1547 1963
2 3083 995
2 1302 2956
2 24 154
2 1770 2384
2 1197 465
2 2290 1265
2 486 2961
2 2110 1915
2 1541 2845
2 993 373
2 2040 404
2 1793 543
2 1682 2396
2 2592 2599
2 1406 428
2 1555 2331
2 2773 1726
2 13 1408
2 1706 630
2 412 2679
2 2339 1906
2 1538 2530
2 253 1103
2 2283 614
2 1002 191
2 968 136
2 2479 2643
2 353 3099
2 2212 1737
2 1645 2057
2 1687 1441
2 1115 2223
2 1198 1003
2 1286 2675
2 2743 2747
2 1629 998
2 1948 342
2 2512 88
2 2793 1335
2 2204 952
2 960 778
2 2768 2925
2 1833 324
2 187 2278
2 226 2427
2 2020 767
2 769 2261
2 1121 2592
2 1366 1338
2 2276 2400
2 2089 223
2 1155 1176
2 562 2982
2 596 657
2 1727 1167
2 1583 3026
2 25 2529
2 1479 2866
2 693 240
2 803 1722
2 763 2066
2 3082 102
2 688 300
2 1733 1006
2 1000 59
2 3019 2521
2 1140 898
2 2397 951
2 2910 2711
2 1470 1585
2 718 3102
2 962 1964
2 2346 2905
2 2575 1603
2 966 667
2 453 2590
2 1152 3049
2 367 1498
2 1692 2145
2 2457 2534
2 1193 765
2 1661 292
2 555 368
2 858 2986
2 1297 1081
2 1748 2781
2 2230 2926
2 308 147
2 2729 1508
2 456 1396
2 232 1993
2 1926 2492
2 1087 2696
2 921 2654
2 2854 2931
2 755 2579
2 3017 141
2 2462 170
2 1374 1019
2 2656 1021
2 674 1702
2 44 2154
2 557 683
2 2860 3045
2 2690 2473
2 874 2379
2 1389 2234
2 2221 2297
2 1074 1128
2 1503 752
2 3131 1832
2 1327 1716
2 962 1964
2 164 979
2 503 384
2 680 1237
2 221 1729
2 2300 2651
2 1135 2139
2 2265 2908
2 429 1043
2 3008 1895
2 2741 2030
2 2469 2185
2 1449 560
2 2500 1845
2 894 1616
2 729 909
2 3119 1483
2 2439 440
2 1087 396
0
2 929 2714
2 2983 1649
2 3071 332
2 1813 2987
2 3082 1424
2 1316 1494
2 2329 514
2 1083 2222
2 1913 840
2 1397 534
2 2777 1443
2 358 1318
2 1458 363
2 2480 1865
2 710 13
2 2960 2691
2 35 2498
2 516 375
2 1035 2701
2 1853 490
2 1761 282
2 3116 1266
2 2756 586
2 403 253
2 494 275
2 940 2065
2 2769 1010
2 1267 289
2 2526 1228
2 2314 5
2 406 383
2 2138 974
2 2404 1055
2 2296 1715
2 969 2124
2 1358 2657
2 2899 2018
2 1278 1154
2 76 1646
2 2818 2246
2 2871 888
2 3002 2830
2 3065 930
2 1937 2321
2 2258 2930
2 297 1959
2 2576 2342
2 1323 2246
2 333 2871
2 704 2017
2 2657 484
2 2716 448
2 1146 1183
2 120 2838
2 1102 2526
2 87 1083
2 1881 2279
2 1245 2409
2 1006 2885
2 2546 2218
2 2176 1075
2 2008 1017
2 2192 461
2 540 326
2 2438 2340
2 780 797
2 2047 286
2 2173 891
2 98 873
2 1801 1738
2 1431 872
2 1708 221
1 831
2 1582 1250
2 1700 2489
2 673 1539
2 306 1575
2 1406 1235
2 296 1346
2 1866 3012
2 2284 1499
2 1514 79
2 2131 1760
2 2312 1973
2 2208 861
2 2440 1545
2 1922 1203
2 2706 564
2 2812 705
2 343 405
2 1543 2988
2 2033 3003
2 1586 1011
2 1951 1766
2 1659 2152
2 2461 269
2 1321 742
2 123 1929
2 1218 3035
2 1678 2432
2 2328 965
2 181 1489
2 748 2203
2 2776 1084
2 63 923
2 1540 2499
2 28 1554
2 809 176
2 2638 2289
2 2859 3088
2 2642 1887
2 2048 2775
2 1771 1029
2 1789 612
2 1873 295
2 1656 804
2 2792 1463
2 1184 2588
2 1258 1419
2 77 949
2 2447 2487
2 2651 1833
2 2493 2239
2 1808 1769
2 2080 1897
2 3069 535
2 420 3057
2 553 919
2 2839 2996
2 1511 442
2 1441 628
2 39 1981
2 875 2602
2 2610 1560
2 166 2345
2 2942 1132
2 2195 2571
2 2119 810
2 3054 1330
2 1639 1980
2 2320 2054
2 2446 173
2 1259 2051
2 2877 387
2 2556 2558
2 1422 2398
2 1798 245
2 1561 6
2 3032 846
2 448 2455
2 738 3006
2 1720 1162
2 1012 1569
2 723 1165
2 550 1577
2 321 1207
2 2496 724
2 2107 640
2 2144 1192
2 2160 2336
2 1433 1144
2 2066 789
2 2377 82
2 856 2092
2 2731 155
2 600 2989
2 1040 964
2 907 2040
2 2963 1
2 2759 842
2 1318 1033
2 3090 1429
2 267 2763
2 1754 1475
2 2028 550
2 2105 1136
2 2833 1577
2 2057 805
2 56 350
2 1149 178
2 405 753
2 1908 750
2 2717 1012
2 2560 693
2 2956 1669
2 2 1690
2 2595 744
2 1222 2412
2 2795 1071
2 1575 1608
2 1619 1911
2 117 1598
2 715 215
2 612 1728
2 1390 1308
2 583 1603
2 959 2031
2 619 970
2 1618 1699
2 2043 1098
2 1076 1712
2 8 2735
2 2313 2476
2 1537 1495
2 824 2978
2 3045 1193
2 1896 998
2 2731 155
2 825 1532
2 215 2338
2 1663 2500
2 2457 649
2 430 3092
2 2079 2099
2 1116 2942
2 1758 2704
2 444 2502
2 1929 1759
2 1591 902
2 257 196
2 1654 722
2 851 34
2 1993 3009
2 811 701
2 1420 3073
2 1738 1933
2 2344 2305
2 867 2955
2 508 1681
2 2407 2300
2 814 2486
2 2191 2816
2 1517 1735
2 1776 2900
2 1668 732
2 229 1657
2 1306 818
2 2605 1454
2 2376 2755
2 1955 682
2 2451 1415
2 335 1896
2 212 2873
2 1063 1987
2 770 1719
2 1410 2515
2 1521 114
2 2122 2285
2 364 1255
2 2864 3001
2 2223 366
2 1699 204
2 1787 772
2 855 503
2 1395 2728
2 1296 638
2 236 2348
2 367 1038
2 2765 908
2 1641 1027
2 2579 1883
2 2350 1875
2 2543 183
2 1385 658
2 993 629
2 207 2978
2 1893 2387
2 2962 3018
2 1991 2772
2 2195 2571
2 330 542
2 2940 2631
2 1820 2061
2 2713 1741
2 116 2393
2 3058 896
2 271 1885
2 2625 633
2 560 2459
2 1717 2808
2 783 1379
2 2249 184
2 826 609
2 1741 512
2 1518 2077
2 2021 2536
2 2202 1627
2 1915 3027
2 757 1139
2 687 1079
2 354 2454
2 595 1150
2 1574 1608
2 646 229
2 1138 644
2 1118 298
2 2384 3074
2 2097 3007
2 2157 3098
2 494 1822
2 2848 2443
2 1068 1155
2 2070 572
2 2854 2931
2 1147 1050
2 1990 2745
2 2809 832
2 1179 168
2 1387 2412
2 2666 3011
2 2636 2892
2 2799 2138
2 3060 419
2 1807 2523
2 1793 2672
2 1668 732
2 3078 1186
2 2236 1432
2 1732 1444
2 3127 1224
2 2304 1071
2 3081 2630
2 2354 70
2 58 1600
2 827 2540
2 577 1533
2 740 2424
2 1245 2409
2 2411 1034
2 338 1212
2 2383 3048
2 2310 2694
2 2006 1002
2 1464 2182
2 2408 2303
2 554 793
2 1563 2878
2 1835 1479
2 2891 2554
2 1523 1313
2 2724 293
2 3080 2895
2 127 2851
2 1819 776
2 2317 2944
2 310 631
2 1496 1312
2 243 1153
2 711 865
2 293 1500
2 3050 1295
2 2186 1943
2 2113 1493
2 587 848
2 2699 1841
2 538 2812
2 2985 685
2 1711 1614
2 1322 2865
2 42 2584
2 2732 1826
2 2712 2683
2 2754 374
2 785 590
2 2117 539
2 925 474
2 1276 666
2 2065 414
2 733 2708
2 504 1812
2 1850 2826
2 3107 2167
2 963 117
2 3017 141
2 1647 2423
2 2770 2869
2 2530 1842
2 124 1163
2 1817 788
2 1307 2394
2 1032 2247
2 945 641
2 2864 3001
2 1920 1031
2 1805 1662
2 1249 2352
2 1261 1041
2 435 2310
2 1834 1983
2 2595 744
2 64 1772
2 1062 1467
2 412 2679
2 414 1535
2 2893 213
2 2888 2259
2 1571 2535
2 2063 1946
2 2991 2896
2 2693 986
2 1084 1648
2 35 917
2 1923 549
2 1732 1444
2 1949 1300
2 1804 1950
2 2374 752
2 2519 1812
2 2467 1066
2 1304 2420
2 2778 314
2 2969 1754
2 613 2779
2 2317 2948
2 3104 1258
2 2617 1028
2 3062 102
2 1368 1073
2 2436 2248
2 996 2587
2 1117 610
2 570 1196
2 1447 75
2 1534 1349
2 961 255
2 1358 96
2 869 466
2 436 444
2 2578 1951
2 1931 2844
2 2373 1389
2 2049 83
2 65 2796
2 1777 1914
2 1854 2247
2 2356 2442
2 11 3084
2 2591 2542
2 3117 1036
2 2255 1784
2 2598 2147
2 982 1642
2 832 148
2 1821 437
2 848 1607
2 610 2638
2 1710 1814
2 684 2044
2 1971 1481
2 773 576
2 966 776
2 726 113
2 762 2743
2 2267 1781
2 1165 2375
2 1238 518
2 122 2570
2 2252 2709
2 2533 2062
2 211 2216
2 2452 1752
2 2166 1446
2 2718 163
2 1070 1638
2 1125 149
2 2927 2200
2 1326 591
2 2047 1122
2 2630 1821
2 2444 428
2 670 1241
2 2227 1367
2 47 2949
2 2103 897
2 2348 2451
2 3046 1805
2 2053 1583
2 1420 2401
2 2446 173
2 2708 1551
2 2669 199
2 703 2545
2 1652 1667
2 2242 5
2 142 2907
2 2676 1816
2 153 1371
2 1332 1906
2 234 2886
2 1393 2106
2 1653 125
2 81 2782
2 749 2071
2 973 1625
2 661 1843
2 2358 1428
2 2123 1515
2 965 1611
2 2087 307
2 176 208
2 1724 1691
2 2859 220
2 1363 1419
2 194 999
2 1660 782
2 118 1856
2 91 2148
2 2127 2177
2 1303 893
2 2291 45
2 784 1860
2 618 2875
2 2963 1
2 1655 2744
2 1620 2992
2 2353 525
2 678 2413
2 2576 2342
2 146 840
2 1159 1747
2 708 1359
2 2786 23
2 3106 1978
2 2254 1617
2 1844 2563
2 2894 2391
2 1782 2902
2 1786 2780
2 2141 2524
2 39 1981
2 1248 634
2 2473 2390
2 1723 737
2 1531 2132
2 1220 257
2 2382 1928
2 2976 1241
2 361 1815
2 2789 1990
2 2821 1960
2 319 477
2 450 2740
2 938 1451
2 2531 2917
2 1525 3109
2 320 1482
2 2383 892
2 3129 358
2 468 2516
2 97 3086
2 1527 309
2 1268 878
2 2325 745
2 1576 439
2 1596 1303
2 1486 1200
2 1750 803
2 914 1287
2 976 14
2 2189 2059
2 1304 343
2 2369 1260
2 1154 3033
2 3024 1946
2 1943 453
2 817 1355
1 1024
2 208 517
2 395 1727
2 2704 994
2 2868 1734
2 2738 2374
2 360 1063
2 2256 2852
2 2089 1334
2 2619 2512
2 2432 958
2 361 1815
2 876 445
2 786 1353
2 437 1450
2 2721 26
2 1459 2085
2 399 617
2 938 2998
2 581 2293
2 1044 2035
2 1173 278
2 1144 1026
2 2002 1097
2 667 340
2 1982 2715
2 1430 783
2 984 2560
2 3050 1295
2 2122 2382
2 3022 2366
2 1204 636
2 675 677
2 2649 2885
2 1153 659
2 10 781
2 2590 135
2 342 1337
2 457 977
2 2933 1744
2 577 3021
2 404 1851
2 1580 94
2 1223 299
2 3009 2623
2 1045 2863
2 2633 2212
2 2459 1018
2 32 1517
2 1274 527
2 1796 1198
2 1042 2441
2 1944 2463
2 2507 1894
2 1697 105
2 2163 2688
2 2837 1665
2 1337 33
2 158 3076
2 1169 2170
2 2401 98
2 2280 2198
2 947 851
2 2293 1468
2 643 476
2 2807 858
2 1715 3120
2 1680 3106
2 1173 41
2 2295 2055
2 316 1543
2 205 1137
2 2607 2298
2 1360 987
2 1302 2445
2 194 2199
2 731 38
2 2193 1382
2 59 519
2 11 3084
2 1273 2430
2 461 2969
2 1904 2970
2 392 1979
2 1327 2229
2 1594 1774
2 341 814
2 775 1272
2 1263 716
2 1079 1307
2 847 78
2 119 714
2 1407 1195
2 798 2470
2 2360 1863
2 239 1292
2 378 1708
2 1324 1953
1 742
2 1662 2562
2 355 336
2 1348 1743
2 845 462
2 792 2680
2 3080 2895
2 1454 1579
2 2785 401
2 67 410
2 3118 306
2 2952 992
2 889 2748
2 2900 1967
2 2645 1901
2 2582 1876
2 101 2655
2 1867 648
2 2037 2097
2 2617 1028
2 2589 2078
2 1759 1166
2 2022 746
2 2029 480
2 583 2173
2 9 3124
2 2470 2490
2 1692 1522
2 676 1837
2 1757 926
2 1176 2556
2 1973 1403
2 2730 2820
2 2387 202
2 703 3113
2 544 1090
2 3054 1392
2 523 2397
2 1644 1631
2 2483 1628
2 378 822
2 1642 779
2 401 2724
2 82 773
2 1788 1768
2 1677 3040
2 1434 1191
2 2904 48
2 1195 286
2 1985 2115
2 915 2772
2 3048 2513
2 1839 1520
2 1730 1056
2 1168 598
2 3072 505
2 2431 1064
2 1976 1888
2 2889 1652
2 488 2221
2 904 3105
2 146 1380
2 1259 2334
2 2075 2207
2 332 3089
2 3056 2148
2 802 1319
2 2100 885
2 1065 922
2 1651 418
2 1597 2503
2 1576 439
2 2563 1506
2 2392 1861
2 1675 1091
2 1565 547
2 1086 989
2 1948 2155
2 259 2088
2 1364 665
2 164 979
2 1672 1674
2 2034 2362
2 2648 317
2 1986 2511
2 821 1187
2 148 2193
2 303 157
2 88 871
2 619 2677
2 3130 1890
2 2178 386
2 2301 492
2 986 1431
2 712 3042
2 2547 2088
2 2989 341
2 882 2750
2 1035 2273
2 2508 1032
2 2662 381
2 1553 785
2 2218 2267
2 1606 1243
2 1550 2407
2 1986 2687
2 1453 735
2 899 210
2 2547 2283
2 1016 181
2 308 147
2 951 869
2 347 1181
2 2390 87
2 1160 1229
2 530 131
2 1524 1484
2 1802 884
2 1526 3077
2 1194 2479
2 3108 1308
2 1301 2619
2 2745 866
2 1136 704
2 3100 334
2 1402 1388
2 2955 786
2 798 1236
2 372 2999
2 1773 1404
2 1502 2307
2 2476 2303
2 1684 2615
2 449 1177
2 756 2130
2 328 2474
2 38 562
2 2365 1630
2 2522 2720
2 1287 2214
2 2153 1783
2 2309 2104
2 1022 855
2 470 2029
2 199 984
2 255 73
2 2495 2968
2 2294 1005
2 1819 279
2 1623 931
2 544 1998
2 1530 525
2 2608 2939
2 3011 1830
2 870 2068
2 2341 2234
2 2966 1483
2 2586 565
2 2536 2815
2 1596 2540
2 2573 1286
2 532 2281
2 2418 504
2 2461 269
2 1336 1666
2 2819 1622
2 1228 1285
2 1537 1495
2 2487 763
2 2140 2678
2 2800 1711
1 1182
2 2874 502
2 1635 507
2 1607 1418
2 2182 2726
2 1065 922
2 3044 2202
2 2005 1511
2 1469 807
2 734 1790
2 2259 1645
2 1453 3091
2 2591 2542
2 2396 1962
2 1718 2141
2 1379 2827
2 943 2252
2 2130 2737
2 1532 2950
2 2399 1284
2 1801 2528
2 653 1567
2 1336 1889
2 793 558
2 2993 510
2 2794 2746
2 363 244
2 679 1372
2 761 1847
2 1858 1770
2 906 3094
2 2133 1202
2 2683 1152
2 312 2266
2 1232 1840
2 1394 7
2 1661 292
2 722 2983
2 2241 1114
2 388 1211
2 2548 2260
2 2271 2067
2 1141 2866
2 813 2224
2 153 1371
2 606 844
2 1191 1928
2 1190 1602
2 1288 69
2 2273 1361
2 860 1954
2 1884 1969
2 2279 1836
2 1446 1072
2 681 2369
2 2947 2125
2 657 1055
2 2906 1706
2 3114 481
2 653 1567
2 2746 188
2 207 192
2 2232 1678
2 1001 824
2 3024 2567
2 2098 1158
2 985 808
2 1164 1329
2 568 2929
2 2175 377
2 2583 2381
2 566 521
2 1166 267
2 2085 1521
2 536 1601
2 1023 2691
2 2137 1549
2 1775 171
2 1171 379
2 1436 1080
2 323 2406
2 2248 2732
2 1707 593
2 1605 2280
2 2922 1947
2 2830 2981
2 443 1510
2 2756 586
2 1614 1357
2 1621 502
2 3012 3058
2 1210 2449
2 882 2750
2 2997 2959
2 1159 1747
2 1500 820
2 3075 531
2 2332 2994
2 454 660
2 801 1548
2 981 490
2 1119 702
2 2301 823
2 2356 2442
2 1069 2137
2 2688 895
2 694 868
2 349 1868
2 2003 2776
2 2009 169
2 645 2625
2 2094 2771
2 1766 2770
2 2833 1688
2 2532 1342
2 3030 1402
2 177 3091
2 2620 451
2 22 1184
2 910 2306
2 430 2077
2 2730 2566
2 2980 2376
1 1604
2 2771 2129
2 2150 1501
2 589 1352
2 1892 883
2 566 2039
2 1244 3016
2 2475 1502
2 2749 3130
2 53 50
2 2734 2042
2 918 2933
2 1540 2499
2 2810 210
2 2984 2175
2 2965 1283
2 1721 1217
2 3067 1321
2 1792 837
2 514 574
2 2946 251
2 968 136
2 1013 1996
2 706 1528
2 1310 1773
2 2646 623
2 2295 2055
2 2752 1828
2 2183 2865
2 1099 1365
2 584 1587
2 1185 790
2 2388 1157
2 730 2589
2 624 1054
2 1283 2227
2 165 1007
2 1280 3127
2 1979 3053
2 2602 1412
2 2632 2327
2 3087 953
2 1774 1624
2 1477 2484
2 2013 1465
2 920 1368
2 1657 2157
2 1960 239
2 2292 446
2 800 1351
2 1785 2977
2 2071 165
2 206 3110
2 975 1088
2 1898 1921
2 1693 2658
2 2464 3068
2 1648 36
2 1059 2498
2 2450 689
2 400 1347
2 2694 256
2 2061 2534
1 2359
2 2834 2316
2 2763 232
2 2623 1016
2 611 2235
2 380 1557
2 1339 2289
2 3010 1764
2 863 3000
2 2151 1145
2 1778 1109
2 1442 1878
2 2945 672
2 2909 1383
2 2371 2443
2 904 1922
2 315 2210
2 2119 810
2 129 2593
2 2697 1100
2 1975 1765
2 1048 1945
2 2290 2837
2 2092 510
2 679 462
2 381 1449
2 2033 1527
2 1050 2842
2 1072 2428
2 1980 2506
2 2550 145
2 2734 2042
2 1448 2038
2 2951 3055
2 816 1105
2 423 2580
2 906 3094
2 2886 1333
2 545 689
2 864 487
2 1270 1507
2 536 2603
2 1124 852
2 2514 1115
2 3086 2326
2 3022 2366
2 2090 241
2 2011 2669
2 2803 720
2 1837 390
2 2971 43
2 1254 3003
2 2112 567
2 2276 2400
2 3075 1796
2 235 616
2 3118 1864
2 1004 1685
2 1806 1435
2 1566 2000
2 3047 2139
2 1930 2019
2 691 1240
2 1878 1718
2 266 109
2 1106 1771
2 794 3038
2 464 1156
2 2729 205
2 85 277
2 727 491
2 2133 2420
2 1551 2213
2 2082 1124
2 2551 1829
2 1051 1130
2 1672 2145
2 2588 1445
2 1338 2794
2 1401 1214
2 1571 629
2 728 802
2 737 1682
2 2245 2410
2 2999 605
2 1977 2456
2 2100 885
2 1968 254
2 1735 152
2 2981 2635
2 1763 2197
2 677 1008
2 1725 475
2 2879 10
2 991 2180
2 1207 2477
2 2030 1311
2 1157 928
2 1204 1836
2 2954 1052
2 901 2797
2 2725 1916
2 2528 1889
2 244 2650
2 2315 3104
2 2920 937
2 2196 2668
2 1475 1622
2 867 1392
2 2255 1784
2 1427 128
2 2161 467
2 2856 3087
2 887 81
2 1352 713
2 607 393
2 2177 460
2 2644 25
2 2782 942
2 1064 1398
2 1036 479
2 1129 1671
2 1884 1969
2 1376 212
2 1930 2019
2 1187 900
2 1089 1954
2 649 2970
2 1917 2355
2 1328 838
2 1764 2462
2 2203 646
2 2616 686
2 103 1004
2 2627 1749
2 3037 280
2 1416 1965
2 2240 1654
2 3035 137
2 1151 1411
2 1264 936
2 1508 2968
2 833 603
2 1257 768
2 161 2916
2 2622 2368
2 2060 1243
2 2402 2285
2 1512 2090
2 149 1111
2 633 864
2 1484 842
2 2852 1058
2 3008 421
2 1767 123
2 172 2025
2 3007 914
2 994 739
2 856 434
2 2205 371
2 743 2108
2 1129 2156
2 1349 1329
2 71 579
2 1435 1515
2 170 721
2 1888 766
2 1489 687
2 1687 2541
2 1685 826
2 1941 3069
2 2004 2976
2 2017 333
2 3034 1557
2 1373 2757
2 3043 1848
2 3013 511
2 2 2575
2 751 2564
2 1470 246
2 2559 2705
2 1779 843
2 2811 2433
2 330 518
2 248 138
2 2018 599
2 2176 1075
2 1476 1689
2 2437 2328
2 830 2121
2 537 2809
2 2521 1361
2 850 1626
2 933 476
2 2627 466
2 886 2393
2 112 1324
2 2216 283
2 1015 1701
2 2765 908
2 1023 2883
2 2331 2506
2 623 754
2 1456 939
2 2281 2231
2 2649 2413
2 3123 193
2 78 1351
2 1183 166
2 684 2505
2 2740 606
2 1817 1281
2 2948 159
2 3105 1320
2 879 2347
2 2737 1062
2 730 557
2 1009 1872
2 498 2874
2 2415 2250
2 203 298
2 197 2052
2 2032 1423
2 394 1852
2 407 808
2 458 1839
2 1179 847
2 641 1791
2 1381 1005
2 1478 1315
2 431 2802
2 2681 2814
2 1332 2056
2 1216 1665
2 2368 1460
2 495 2075
2 2664 959
2 1939 2380
2 1423 1679
2 1170 1141
2 910 1085
2 2302 2626
2 3028 2574
2 551 1354
2 1097 1408
2 2169 1693
2 1709 2546
2 2398 950
2 917 3083
2 1746 2015
2 2455 1482
2 15 281
2 1777 1914
2 1383 2935
2 2686 2787
2 781 1473
2 533 1510
2 1196 2698
2 2671 2806
2 1249 2352
2 631 2023
2 639 399
2 2951 3055
2 1834 1983
2 2190 2466
2 116 1907
2 1112 760
2 828 372
2 1519 391
2 2798 1694
2 3041 261
2 702 118
2 662 1333
2 1373 171
2 2621 1134
2 1847 1723
2 2156 161
2 2581 1565
2 585 2152
2 1335 2220
2 1206 1082
2 247 1096
2 1261 1041
2 1488 1181
2 2961 2749
2 1611 1061
2 1343 2126
2 2798 1488
2 1171 2525
2 482 2674
2 1566 2527
2 605 51
2 1730 346
2 2904 48
2 433 2857
2 1643 305
2 52 2805
2 235 616
2 2292 1222
2 2020 2841
2 2739 1737
2 2006 2537
2 724 990
2 1450 2321
2 2673 539
2 291 2829
2 899 2612
2 1568 1276
2 374 1386
2 827 1407
2 74 1995
2 2819 1941
2 2995 1861
2 350 2847
2 495 1024
2 1236 2302
2 68 2832
2 825 1056
2 2257 427
2 3126 622
2 242 1317
2 662 250
2 1701 2807
2 1000 954
2 2628 2319
2 1975 625
2 1843 755
2 2091 369
2 1309 483
2 698 2881
2 317 1736
2 1740 1421
2 2209 3067
2 2469 3121
2 2372 1965
2 2831 1233
2 1149 178
2 1748 2849
2 1971 1481
2 1400 3016
2 2735 841
2 2357 2641
2 1856 2337
2 2827 398
2 1206 1082
2 2990 533
2 1877 2887
2 1205 1927
2 17 1513
2 1268 878
2 958 946
2 654 1952
2 208 517
2 222 2005
2 1363 1419
2 721 2754
2 906 3094
2 1294 89
2 982 1642
2 2689 925
2 2927 753
2 1843 755
2 1064 1733
2 2283 2870
2 1555 1197
2 99 60
2 3024 2567
2 729 2543
2 1073 2704
2 76 1646
2 2942 417
2 2591 2542
2 395 3015
2 1137 175
2 2514 2033
2 2990 1660
2 1159 1747
2 1757 1145
2 2998 323
2 818 3091
2 1205 1927
2 1119 702
2 2784 1669
2 2020 461
2 1091 1807
2 85 277
2 1569 2426
2 1768 2309
2 2584 2037
2 67 1029
2 2874 1010
2 284 526
2 2852 523
2 2296 1715
2 1773 1404
2 2162 372
2 438 2159
2 125 1002
2 1766 1834
2 2595 744
2 1322 360
2 1256 1396
2 1819 2179
2 2326 520
2 477 2450
2 2297 1509
2 1144 1026
2 637 548
2 1726 105
2 19 2298
2 2269 2109
2 2271 2801
2 1612 1512
2 2304 893
2 1437 463
2 1238 2116
2 1945 2600
2 584 2238
2 583 1603
2 503 384
2 914 1287
2 3046 1805
2 2465 1071
2 811 701
2 1499 2329
2 1342 1813
2 2524 2644
2 162 393
2 324 2811
2 1021 40
2 454 926
2 2551 2298
2 1160 1229
2 1745 2105
2 2079 854
2 2397 2199
2 2714 435
2 926 2841
2 1794 1517
2 1023 535
2 1710 1814
2 968 136
2 1599 2592
2 14 2959
2 675 1510
2 3111 1078
2 2565 1938
2 2604 2132
2 2161 1663
2 1857 1550
2 2555 1848
2 3020 2417
2 818 1197
2 1260 1946
2 2614 1497
2 458 171
2 1135 2420
2 2475 1502
2 2777 1443
2 2729 1508
2 1089 77
2 271 2299
2 3079 2843
2 1243 847
2 2997 1417
2 2962 2472
2 670 2787
2 1759 1166
2 443 655
2 1919 2485
2 1621 991
2 2223 366
2 2133 68
2 1523 1387
2 1049 839
2 1581 594
2 2089 1334
2 82 773
2 187 2278
2 335 689
2 843 2980
2 877 1312
2 2560 693
2 2049 83
2 1380 2634
2 2954 1052
2 701 2268
2 2094 2771
2 2531 2803
2 1797 2813
2 425 857
2 363 244
2 792 2680
2 3115 2941
2 605 2820
2 1037 1515
2 2594 480
2 1366 1734
2 2241 1689
2 2263 2908
2 1149 178
2 1400 1804
2 174 2703
2 412 2679
2 2095 222
2 673 1539
2 238 183
2 1783 2202
2 1670 200
2 92 549
2 1936 396
2 290 2200
2 2505 1549
2 570 1196
2 256 719
2 1947 1310
2 844 2468
2 3104 1258
2 2018 599
2 1341 2928
2 2429 754
2 2725 939
2 1780 2893
2 3083 2174
2 545 2420
2 2880 2963
2 430 1916
2 1781 2134
2 2896 2339
2 1948 2964
2 449 1757
2 1710 1814
2 1720 990
2 1330 1137
2 1356 2889
2 855 503
2 1611 1061
2 2674 2711
2 1319 1450
2 15 660
2 2292 2044
2 1529 1204
2 1638 1044
2 113 339
2 2115 2224
2 2727 1790
2 2894 2391
2 2404 2181
2 3016 3102
2 462 2736
2 2249 184
2 1698 927
2 800 2828
2 207 591
2 203 1335
2 440 210
2 1011 1678
2 887 81
2 421 726
2 164 979
2 244 2650
2 1259 2334
2 1202 1837
2 662 2170
2 1001 807
2 3008 2557
2 2575 209
2 1136 704
2 2112 567
2 1093 506
2 1819 894
2 771 2722
2 1169 2086
2 1992 1587
2 2561 2551
2 25 2529
2 1913 1206
2 849 1277
2 1751 1220
2 1263 716
2 916 1820
2 838 1761
2 2395 1092
2 791 1756
2 1587 1198
2 2887 3059
2 1240 1014
2 3067 1234
2 540 1779
2 2486 2377
2 1511 442
2 1576 439
2 2628 2869
2 2508 3047
2 758 632
2 381 1449
2 681 1563
2 2287 1048
2 711 3061
2 2778 314
2 2346 2905
2 666 2003
2 2963 1
2 1670 200
2 2119 810
2 2770 546
2 2005 1511
2 972 3029
2 1057 2746
2 823 2065
2 2793 1619
2 2421 1003
2 1696 1118
2 303 2810
2 2245 2410
2 794 3038
2 793 1688
2 1767 123
2 2039 851
2 1435 2291
2 1966 41
2 2776 1084
2 1154 2289
2 3002 2830
2 2541 1362
2 1395 1003
2 1829 1005
2 2951 3055
2 652 594
2 3033 2627
2 1660 782
2 163 2094
2 3117 1036
2 2749 3130
2 1405 2500
2 2111 958
2 781 1473
2 141 483
2 2365 1630
2 1194 2479
2 497 587
2 2483 1628
2 1123 214
2 1077 1031
2 2769 1669
2 1424 893
2 1720 1162
2 728 802
2 1584 1493
2 102 1406
2 2508 3047
2 2877 387
2 1680 3106
2 2129 1891
2 1855 1472
2 1625 1265
2 30 2828
2 2582 1876
2 2224 2682
2 303 1956
2 1106 1872
2 1453 735
2 2460 1099
2 638 2295
2 240 327
2 727 491
2 1081 2615
2 3022 2366
2 1931 2844
2 2636 2892
2 789 911
2 2941 459
2 2341 2261
2 442 1119
2 2912 1609
2 2331 685
2 653 1567
2 2974 761
2 129 2593
2 1102 2526
2 1174 1068
2 260 592
2 2294 29
2 2872 1416
2 582 1262
2 2703 2110
2 736 46
2 3097 1168
2 1655 2744
2 2907 2532
2 761 1847
2 2082 1124
2 2054 2637
2 1053 1321
2 712 3042
2 1621 991
2 2729 1551
2 1110 1410
2 921 2654
2 146 344
2 595 1150
2 164 979
2 1661 3054
2 727 491
2 1460 1799
2 2143 2242
2 1063 3118
2 596 777
2 1986 2511
2 937 1885
2 1049 839
2 2854 2931
2 965 1611
2 1867 179
2 2238 873
2 13 208
2 981 194
2 748 3001
2 357 340
2 72 2705
2 2683 1152
2 656 246
2 576 1713
2 1639 862
2 1124 852
2 2021 2536
2 572 899
2 2219 2548
2 2676 1816
2 847 2228
2 1707 1787
2 469 292
2 321 1207
2 2715 2046
2 1855 1472
2 577 563
2 1155 1176
2 1327 2229
2 2984 2175
2 1042 1242
2 894 604
2 959 2031
2 877 431
2 2792 1463
2 2218 2267
2 3081 2908
2 2368 1460
2 882 2750
2 2940 2631
2 1400 1804
2 370 3020
2 2160 122
2 1496 1111
2 531 69
2 1328 838
2 1152 3049
2 599 2707
2 123 1929
2 1479 2145
2 1960 1272
2 493 2540
2 1054 2371
2 1022 855
2 1932 830
2 1547 3004
2 2862 2197
2 1398 1267
2 2147 1439
2 585 1300
2 2886 1331
2 2901 952
2 295 1758
2 3048 335
2 2024 1431
2 235 616
2 1641 1113
2 320 699
2 895 1385
2 1323 1822
2 2667 1877
2 1045 2422
2 2007 1881
2 1058 1700
2 989 2282
1 2817
2 1514 79
2 696 2927
2 2096 1705
2 1659 295
2 1159 1747
2 459 2388
2 2473 2390
2 49 615
2 2311 1839
2 74 1510
2 2190 2466
2 2279 748
2 2624 2922
2 2313 1275
2 622 3054
2 532 484
2 1574 2301
2 2752 1828
2 2121 3116
2 600 2989
2 1412 1925
2 2588 3052
2 2367 1425
2 2861 608
2 1394 7
2 1858 1770
2 2126 2702
2 1845 677
2 987 108
2 828 1066
2 2192 1337
2 207 699
2 153 1371
2 2657 1735
2 1376 1946
2 3123 193
2 2396 1962
2 1736 493
2 2061 1582
2 1713 3030
2 1040 165
2 2330 1024
2 2236 1432
2 2196 96
2 1464 2882
2 2583 2606
2 142 2907
2 1202 2472
2 3109 2648
2 604 917
2 2205 371
2 117 1633
2 1270 1507
2 94 636
2 233 2647
2 2442 1131
2 2617 1028
2 348 2284
2 1732 1208
2 2312 1185
2 3030 1402
2 425 857
2 1436 2383
2 3128 541
2 2610 1560
2 2900 1967
2 361 1815
2 2536 2815
2 2025 663
2 2276 2400
2 1482 2080
2 881 1189
2 2077 2266
2 785 590
2 2660 648
2 2487 763
2 3075 1853
2 2321 225
2 1473 538
2 3119 343
2 1207 2477
2 1746 2015
2 2988 2324
2 2820 566
2 42 2584
2 827 375
2 3053 65
2 457 977
2 377 1422
2 176 2596
2 2140 2678
2 1607 1418
2 1616 998
2 717 1476
2 2089 1334
2 2858 990
2 1672 1674
2 2444 344
2 2798 2878
2 1862 3095
2 2755 1731
2 1046 1123
2 104 2509
2 995 41
2 1345 2115
2 1686 2720
2 479 3129
2 361 1815
2 1468 759
2 3127 1224
2 1636 189
2 2459 1018
2 1294 89
2 137 2166
2 759 1573
2 1138 2535
2 2645 1901
2 2697 1100
2 822 2802
2 1561 6
2 1219 556
2 2108 671
2 3050 1937
2 2655 1751
2 978 471
2 2177 1997
2 2891 2067
2 749 2930
2 1895 1008
2 1601 2544
2 1470 1585
2 1914 1308
2 1735 758
2 1244 2185
2 337 329
2 1469 873
2 2621 2351
2 725 2879
2 1711 1614
2 1944 547
2 536 958
2 3025 1350
2 1401 1214
2 1296 1544
2 1948 683
2 1259 2334
2 938 1666
2 2350 1875
2 1117 3016
2 1849 525
2 2950 1864
2 2987 1776
2 279 2795
2 232 1993
2 740 605
2 2621 2053
2 2615 2742
2 376 326
2 276 1999
2 2325 37
2 1118 298
2 1310 1773
2 757 1139
2 1547 768
2 2434 1758
2 1743 2490
2 414 602
2 829 2913
2 1842 2640
2 2735 841
2 224 2111
2 177 2612
2 1352 159
2 359 659
2 2388 1157
2 2071 2373
2 2455 2897
2 566 1738
2 1667 1882
2 833 603
2 3110 1647
2 961 255
2 484 411
2 875 266
2 1505 821
2 1283 2227
2 898 619
2 763 2066
2 2317 2948
2 1817 788
2 2182 2386
2 513 973
2 1590 1612
2 2685 1420
2 3072 505
2 2804 2449
2 1980 1739
2 108 673
2 871 887
2 1986 2511
2 777 2953
2 2210 2785
2 248 138
2 65 2796
2 2701 2116
2 467 917
2 2922 1947
2 1099 1365
2 2150 1501
2 195 863
2 1065 922
2 2426 62
2 2328 965
2 2382 1260
2 3031 299
2 548 1696
2 2982 402
2 924 296
2 2024 2835
2 399 2822
2 1127 1742
2 1708 221
2 2912 1609
2 2437 2328
2 3093 2690
2 1031 3112
2 2118 2117
2 2780 2347
2 1930 2019
2 181 1489
2 2189 1987
2 403 253
2 316 1543
2 2503 995
2 2104 2383
2 2785 401
2 2649 92
2 778 156
2 2993 2413
2 1851 2632
2 1725 475
2 1831 1251
2 2295 2055
2 3010 1764
2 331 2585
2 2618 2583
2 1729 2974
2 1766 1115
2 2924 1564
2 1479 2490
2 799 1253
2 986 1854
2 518 1871
2 755 2579
2 2661 1059
2 907 2040
2 2027 313
2 651 1709
2 318 581
2 2529 3093
2 2011 2669
2 411 875
2 182 2467
2 405 2868
2 3086 2878
2 880 1874
2 2864 1868
2 2435 288
2 1190 1602
2 890 31
2 539 546
2 2198 1568
2 2072 768
2 2457 2534
2 2356 1873
2 283 1293
2 955 1634
2 809 1288
2 661 1843
2 61 770
2 2649 1972
2 2081 2102
2 1917 643
2 2531 2917
2 3103 1301
2 1896 3018
2 584 879
2 2589 128
2 2411 1798
2 2286 23
2 2014 1034
2 2833 2062
2 1829 3092
2 1353 1963
2 2831 1233
2 1309 678
2 2364 2452
2 1010 823
2 211 2216
2 2076 218
2 2651 1833
2 307 2859
2 3075 2784
2 2258 1162
2 3074 757
2 2961 2749
2 1976 1577
2 2834 1928
2 680 1237
2 99 1094
2 2265 2150
2 978 1613
2 562 2982
2 3028 67
2 2547 2088
2 1012 1569
2 579 910
2 1445 408
2 587 848
2 1208 706
2 631 2023
2 204 1409
2 2661 1059
2 1643 305
2 407 1423
2 2901 391
2 2628 216
2 53 54
2 1594 1187
2 353 3099
2 1113 2668
2 2289 1796
2 1847 1723
2 2731 155
2 2485 1600
2 1701 2807
2 507 2458
2 2577 183
2 2217 499
2 2925 504
2 645 2625
2 641 1791
2 1402 1388
2 296 2079
2 36 321
2 3125 3087
2 2813 1219
2 3019 920
2 2790 1988
2 2483 1628
2 2280 2198
2 1458 363
2 2522 2720
2 1754 1039
2 2307 3064
2 525 302
2 1422 2398
2 867 501
2 964 429
2 3024 2567
2 198 510
2 392 1979
2 1584 997
2 2620 78
2 1995 1749
2 639 145
2 1597 1292
2 2288 571
2 7 2135
2 1585 2800
2 1526 3077
2 1632 2467
2 1717 2808
2 2193 1382
2 1469 2978
2 1084 1648
2 192 2478
2 1685 826
2 2449 2903
2 2236 1432
2 1318 1033
2 3043 1624
2 2424 734
2 852 247
2 1830 1656
2 2650 1344
2 2066 789
2 2469 2185
2 607 1737
2 2734 2042
2 447 1312
2 2447 2487
2 2178 400
2 470 2083
2 369 230
2 2854 2931
2 1870 1462
2 400 150
2 161 1354
2 2909 2409
2 1777 612
2 3011 1830
2 1286 2675
2 2779 1889
2 1386 796
2 2944 2925
2 2162 340
2 2598 2147
2 2254 1617
2 2754 374
2 698 2881
2 3096 1864
2 1738 636
2 234 2318
2 1087 2696
2 11 3084
2 1205 1927
2 314 2415
2 1825 2836
2 524 892
2 354 2454
2 85 277
2 247 1096
2 1693 2658
2 2990 617
2 2177 1686
2 2712 2683
2 2257 841
2 2646 2494
2 334 1959
2 53 2568
2 876 445
2 2745 597
2 2338 1490
2 1813 2987
2 2709 1565
2 3082 2945
2 101 2655
2 2323 1811
2 2178 2395
2 697 913
2 2436 2760
2 550 2597
2 975 249
2 3116 1266
2 2781 564
2 2225 916
2 1901 2613
2 2163 2688
2 960 778
2 1991 1262
2 1276 666
2 2953 1394
2 1825 2836
2 1903 2502
2 2832 1689
2 1967 1618
2 586 1861
2 1977 964
2 1261 1494
2 2401 2488
2 1164 575
2 1532 2549
2 313 1968
2 2375 2169
2 560 2459
2 24 154
2 1580 510
2 2264 1653
2 2260 3006
2 2286 23
2 1409 151
2 114 1313
2 1106 1295
2 1982 2715
2 2391 2435
2 2978 3018
2 2369 2264
2 1930 2019
2 1364 665
2 1509 318
2 812 600
2 1048 1945
2 1811 2721
2 2765 1506
2 1783 1902
2 2450 2038
2 412 2679
2 2134 907
2 1024 1094
2 705 3097
2 793 2423
2 395 1234
2 558 3021
2 127 2851
2 394 2865
2 1534 2682
2 1285 2275
2 1823 1253
2 1672 1674
2 1381 1488
2 2052 1919
2 1834 1983
2 620 580
2 1915 3027
2 1476 2780
2 2946 2634
2 590 2689
2 21 380
2 2526 1228
2 3080 2895
2 1120 2969
2 2647 569
2 2981 2635
2 1525 3109
2 2451 1415
2 1649 91
2 2394 1892
2 2558 1605
2 1493 2505
2 1942 1978
2 2979 280
2 40 866
2 2695 448
2 1591 902
2 167 1015
2 1606 1243
2 556 3071
2 2937 776
2 2803 86
2 32 304
2 1795 1478
2 1000 1625
2 2726 521
2 445 792
2 1508 330
2 2481 1831
2 775 1153
2 825 901
2 1777 1914
2 1652 1667
2 1019 2824
2 1666 1393
2 2976 2122
2 2294 2305
2 1062 1467
2 1160 1229
2 315 2210
2 1903 2539
2 3013 511
2 248 138
2 2 1075
2 966 1874
2 816 1105
2 2608 2939
2 1971 1446
2 2607 3096
2 2466 150
2 243 2602
2 928 651
2 2120 2187
2 2285 862
2 1428 1466
2 3078 1186
2 1427 1429
2 633 864
2 780 797
2 2885 379
2 52 2805
2 2276 2400
2 730 2124
2 2076 218
2 609 1635
2 2314 5
2 2967 2021
2 1529 815
2 209 1575
2 2721 26
2 1651 1346
2 1645 591
2 561 844
2 3056 2148
2 286 707
2 1688 1046
2 1447 75
2 276 1999
2 1763 2197
2 197 2801
2 66 1244
2 2155 2301
2 741 2513
2 708 730
2 1916 35
2 2183 1317
2 1754 105
2 2282 3
2 2214 2163
2 2275 2208
2 1644 1631
2 121 1858
2 1374 1019
2 166 953
2 1690 593
2 1793 971
2 2635 2666
2 1016 181
2 905 2614
2 1168 598
2 422 2736
2 1764 2462
2 2525 1170
2 2774 338
2 1748 1066
2 1619 1132
2 3025 1350
2 704 2017
2 2807 858
2 2047 360
2 2056 61
2 1115 535
2 1426 362
2 2205 371
2 1456 2968
2 2360 1863
2 2120 859
2 1180 1771
2 1173 1080
2 2755 710
2 1971 1481
2 962 1964
2 2563 3100
2 784 1860
2 2952 992
2 536 2041
2 2482 1102
2 1257 1428
2 2470 2062
2 626 2841
2 1733 1240
2 2 334
2 580 1341
2 799 2527
2 856 2145
2 2988 1615
2 714 915
2 2945 1541
2 2337 420
2 1979 3053
2 1150 486
2 2355 2993
2 1537 1495
2 81 2782
2 3067 2068
2 1911 3066
2 1032 660
2 2504 1080
2 495 677
2 2573 1286
2 134 272
2 2058 675
2 1732 1444
2 1457 678
2 2882 935
2 2138 1987
2 692 2070
2 1774 2034
2 981 1399
2 1127 2425
2 426 95
2 1890 801
2 2479 2643
2 1623 676
2 3032 646
2 2356 2442
2 2951 3055
2 1488 239
2 2597 1355
2 2097 3007
2 2438 2340
2 1572 2437
2 2476 1104
2 2840 1767
2 1445 762
2 2013 1122
2 179 1533
2 899 2612
2 1332 2056
2 3111 2999
2 1404 1644
2 1179 2053
2 1156 570
2 3060 419
2 2924 1564
2 2251 813
2 1326 1940
2 190 740
2 2090 241
2 850 2423
2 3113 643
2 798 1589
2 3100 2432
2 356 281
2 1620 1705
2 410 490
2 57 2202
2 2700 684
2 87 1083
2 598 1086
2 2390 87
2 2140 2678
2 2767 2064
2 1837 3073
2 2335 1006
2 137 2255
2 1383 1691
2 1540 2499
2 424 2975
2 2586 565
2 3126 622
2 803 3021
2 1129 2156
2 71 3083
2 1656 804
2 853 2196
2 1395 2728
2 1083 2222
2 1289 80
2 2717 1012
2 1697 1354
2 2580 472
2 88 871
2 453 2590
2 1566 2527
2 291 2829
2 2491 389
2 1902 1441
2 630 866
2 355 1126
2 710 1005
2 955 1634
2 402 488
2 59 109
2 2665 2346
2 653 1567
2 1221 345
2 2752 1828
2 2153 846
2 1918 2834
2 205 2601
2 1740 1421
2 332 3089
2 472 1163
2 822 2977
2 385 3040
2 1668 2305
2 2195 2571
2 71 1671
2 2838 328
2 1642 779
2 1002 290
2 1173 2691
2 3036 2481
2 2855 1796
2 2100 885
2 849 1277
2 2057 2173
2 747 2128
2 1199 389
2 2556 2558
2 578 681
2 1015 1701
2 2697 1100
2 1514 79
2 135 2712
2 2248 1888
2 289 1314
2 3058 896
2 1562 1190
2 2731 1985
2 486 2961
2 2733 1423
2 3120 455
2 1553 785
2 3112 444
2 1018 637
2 448 185
2 1357 2364
2 688 300
2 39 1981
2 1972 2457
2 2627 1536
2 2165 1384
2 2040 404
2 915 1347
2 528 1563
2 297 1959
2 450 2246
2 2532 1342
2 1698 927
2 1678 1337
2 2768 410
2 1542 1973
2 1838 903
2 1605 2280
2 1151 1411
2 1466 2587
2 856 2766
2 2707 2538
2 2072 3051
2 827 1126
2 904 342
2 2332 2994
2 2226 1525
2 2141 2524
2 1278 375
2 2850 1406
2 264 1440
2 1349 1320
2 242 1692
2 2512 88
2 1316 689
2 912 2048
2 148 2193
2 2407 2300
2 398 1572
2 736 942
2 869 441
2 456 745
2 45 750
2 116 434
2 1035 2065
2 1506 940
2 529 502
2 2800 1711
2 3039 258
2 1302 2032
2 2091 369
2 2991 2896
2 2456 966
2 1643 305
2 2534 1054
2 1801 2528
2 93 132
2 2372 2500
2 716 1191
2 2060 197
2 1076 1712
2 2336 59
2 383 2832
2 1818 1298
2 1108 1447
2 1193 886
2 2160 122
2 2761 388
2 2074 707
2 516 2316
2 720 543
2 2455 2673
2 1060 3076
2 2049 83
2 514 574
2 316 1543
2 2502 73
2 2379 1442
2 2826 672
2 47 2949
2 2245 2410
2 2168 2242
2 826 609
2 861 715
2 1014 3037
2 2469 679
2 60 2850
2 663 976
2 2690 2473
2 2622 2368
2 2464 3068
2 2910 399
2 408 1072
2 613 265
2 2118 2117
2 2165 1384
2 1782 2902
2 640 372
2 452 585
2 985 2544
2 568 2929
2 618 1184
2 2582 1876
2 310 631
2 1844 920
2 1349 3006
2 1850 2770
2 3032 846
2 1291 934
2 1097 2256
2 2418 2376
2 2899 2018
2 531 1706
2 2830 2981
2 1360 987
2 1712 2448
2 2028 2463
2 3009 2623
2 2187 322
2 1420 481
2 1365 416
2 1653 1226
2 994 878
2 1221 2468
2 2417 1201
2 1200 2099
2 182 1519
2 2833 2411
2 2592 1027
2 2564 1252
2 2893 2816
2 1025 833
2 1475 2520
2 435 2310
2 2966 1296
2 455 2622
2 1687 1067
2 2191 1555
2 2903 2798
2 2600 121
2 1274 2794
2 2317 2948
2 2166 1785
2 2590 135
2 2864 2578
2 2811 2433
2 451 2149
2 941 191
2 2947 2125
2 1480 2203
2 15 281
2 1230 1835
2 629 2685
2 2438 883
2 1655 2744
2 1232 1840
2 2377 82
2 2315 3104
2 2938 223
2 1618 1699
2 776 1348
2 2363 551
2 948 1169
2 1103 1133
2 2378 1430
2 860 2351
2 2223 1571
2 2507 1894
2 2114 2995
2 403 253
2 641 1791
2 110 3126
2 2230 2155
2 2003 2776
2 1699 204
2 2763 232
2 57 1064
2 1093 506
2 1037 918
2 98 436
2 2795 1622
2 1268 878
2 918 447
2 1485 3046
2 2098 1381
2 2516 2444
2 1824 1020
2 2085 1521
2 2971 96
2 285 2372
2 1026 236
2 328 1482
2 1709 2546
2 2154 1143
2 1571 1110
2 2211 33
2 2022 746
2 144 1592
2 350 611
2 156 668
2 2311 2747
2 2265 1755
2 2274 1629
2 2980 2051
2 3127 1224
2 501 113
2 3028 1809
2 731 38
2 2421 1203
2 2540 2132
2 1869 812
2 327 497
2 1305 1181
2 317 1736
2 1236 2302
2 2446 173
2 1225 1359
2 797 2520
2 1379 2827
2 3088 1372
2 1600 1121
2 1784 2046
2 2335 273
2 1718 2141
2 923 1023
2 237 2950
2 50 428
2 326 2159
2 1925 3043
2 2310 2694
2 1975 1765
2 937 1885
2 2989 341
2 424 2975
2 1658 1097
2 2235 63
2 1793 312
2 931 2681
2 2805 824
2 574 731
2 2096 2059
2 892 1536
2 2972 481
2 370 1534
2 2611 3092
2 2553 1452
2 741 2513
2 262 139
2 1905 1302
2 2008 432
2 2114 2995
2 423 865
2 426 95
2 1975 1765
2 186 2133
2 1614 1357
2 131 33
2 1963 667
2 3119 851
2 1910 2758
2 1871 1280
2 538 2812
2 146 2058
2 2128 1070
2 1722 2659
2 724 2933
2 1348 2279
2 1601 602
2 1063 2555
2 3022 2366
2 420 3057
2 1955 2142
2 626 2123
2 1220 257
2 508 1681
2 925 474
2 2325 1480
2 1175 2277
2 2708 3101
2 2623 1016
2 1105 2460
2 2758 143
2 111 2938
2 2087 1035
2 2642 2087
2 1723 737
2 642 446
2 2491 1238
2 2461 269
2 2730 2566
2 1810 2738
2 364 2026
2 773 576
2 2625 633
2 482 2533
2 2255 1784
2 2064 908
2 1635 507
2 528 56
2 2381 620
2 2996 2741
2 2248 451
2 1390 1702
2 406 1414
2 3125 2429
2 2052 1444
2 2632 2327
2 686 2890
2 2934 1797
2 2954 1052
2 1665 2322
2 1393 219
2 870 1369
2 169 1142
2 2322 2917
2 2659 1009
2 2587 842
2 1239 1595
2 378 1708
2 2648 317
2 1568 1276
2 159 1792
2 943 2252
2 1303 153
2 2796 101
2 1248 634
2 2738 3040
2 378 751
2 1327 2229
2 405 835
2 2023 1880
2 1307 2394
2 968 136
2 2790 1988
2 1958 100
2 1178 2157
2 1465 685
2 976 2233
2 20 2984
2 2860 553
2 508 1681
2 2897 2270
2 14 1154
2 3033 2246
2 512 1909
2 801 1548
2 945 2868
2 1164 1182
2 1074 1128
2 770 1719
2 579 140
2 437 3124
2 149 1594
2 1860 8
2 1498 2262
2 2002 275
2 1721 1217
2 1905 390
2 642 1558
2 2914 1239
2 2504 185
2 2542 1171
2 3064 747
2 2636 2892
2 2477 1556
2 1478 1315
2 280 1788
2 2765 908
2 2640 1795
2 47 2949
2 2737 1062
2 330 706
2 1082 2373
2 2746 1326
2 2186 1943
2 3131 654
2 1752 743
2 618 2144
2 1304 86
2 1799 2573
2 1537 1495
2 3035 203
2 1595 700
2 1261 3085
2 2641 3044
2 1311 142
2 2172 66
2 1494 3052
2 1096 2717
2 864 487
2 737 1682
2 1417 1749
2 202 1370
2 692 2070
2 2232 2331
2 419 3023
2 1412 2880
2 1163 168
2 2314 5
2 2203 1146
2 515 1857
2 3073 1255
2 2812 705
2 1269 1022
2 90 930
2 527 130
2 2456 2243
2 668 1194
2 3065 1909
2 1522 1372
2 2130 2737
2 1892 883
2 1675 2299
2 2559 1313
2 1203 3121
2 2488 1812
2 2048 2775
2 485 1153
2 860 1446
2 1068 1155
2 1033 24
2 2195 2571
2 62 1827
2 1070 1638
2 921 2654
2 1142 795
2 1548 2186
2 427 1274
2 1196 2698
2 494 196
2 2222 103
2 1576 439
2 1089 1839
2 1167 2430
2 938 1451
2 291 2829
2 1951 1053
2 1665 298
2 2237 2639
2 309 2231
2 172 3095
2 1939 2380
2 870 1369
2 1772 309
2 2146 2898
2 2588 1114
2 1461 2701
2 2219 2548
2 1436 1451
2 1714 1305
2 3057 3036
2 2552 2480
2 9 1039
2 627 836
2 22 2499
2 2324 1911
2 2619 2512
2 341 814
2 972 3029
2 634 784
2 3072 505
2 1228 1285
2 257 196
2 888 829
2 308 147
2 1330 567
2 1692 1522
2 473 4
2 2300 2651
2 2027 206
2 464 1156
2 270 1391
2 1596 1145
2 1339 1574
2 545 94
2 1157 928
2 1865 2935
2 2831 1233
2 1519 250
2 1288 2557
2 1779 1361
2 1166 267
2 1489 687
2 1721 1217
2 2771 2129
2 911 1076
2 443 1452
2 1610 953
2 1270 1507
2 1158 268
2 2940 2631
2 2176 1075
2 258 63
2 2081 2102
2 27 287
2 581 2293
2 2827 398
2 2010 2664
2 1934 126
2 2658 874
2 339 366
2 3015 1690
2 1550 2407
2 421 726
2 2191 1623
2 2458 2991
2 1904 2769
2 226 2427
2 2085 1521
2 3101 2916
2 214 2743
2 168 1317
2 1236 2302
2 1788 429
2 702 118
2 657 437
2 1676 1492
2 1970 1122
2 2216 283
2 2259 542
2 1061 3103
2 2263 2855
2 2586 565
2 963 21
2 1397 534
2 388 266
2 68 432
2 199 984
2 2428 1589
2 2448 42
2 1254 2271
2 2718 163
2 1056 188
2 2554 1027
2 440 1956
2 996 251
2 1557 973
2 2792 1463
2 2006 1961
2 2004 1983
2 2904 48
2 1401 1214
2 461 97
2 2607 242
2 1184 2253
2 1336 2761
2 1579 2091
2 1877 1280
2 2340 270
2 2425 1923
2 2045 1095
2 1251 2918
2 1501 2516
2 751 1806
2 1657 2474
2 1188 1684
2 2228 452
2 2565 1938
2 992 2381
2 1530 2099
2 1486 2428
2 3069 228
2 2694 256
2 1490 500
2 1610 2180
2 1717 2808
2 2463 2152
2 1817 788
2 729 2543
2 2609 1279
2 2281 1352
2 2774 1345
2 698 2881
2 2464 3068
2 458 78
2 2734 2042
2 779 1866
2 3107 2167
2 1539 661
2 814 2486
2 3050 1295
2 2546 2218
2 906 3094
2 2889 1652
2 2956 1055
2 2330 465
2 1373 2657
2 349 884
2 2957 2943
2 457 977
2 189 348
2 1551 2997
2 158 2933
2 1101 2959
2 1624 177
2 306 1192
2 3128 541
2 3065 2535
2 2080 2926
2 949 1937
2 1264 936
2 393 2915
2 1531 1637
2 2106 1728
2 3035 1960
2 1789 2684
2 667 2521
2 1416 752
2 2871 888
2 2408 1673
2 1898 1921
2 766 2073
2 1920 1255
2 2564 1252
2 1850 98
2 881 621
2 478 111
2 358 1318
2 39 1981
2 26 982
2 322 2823
2 1051 1130
2 52 3113
2 1456 1475
2 890 31
2 107 872
2 2389 2740
2 2817 909
2 2676 1816
2 2772 2921
2 2173 2336
2 1086 989
2 116 434
2 2100 885
2 786 1846
2 1129 2156
2 3056 2287
2 1657 2303
2 3081 2489
2 2497 840
2 1470 246
2 1232 1840
2 1882 1360
2 2167 3069
2 1013 1996
2 1770 2384
2 1931 2844
2 2605 1454
2 2017 333
2 2078 346
2 1264 936
2 2284 1499
2 680 1237
2 2397 125
2 2733 2874
2 2706 1664
2 2480 1865
2 2576 2342
2 279 3114
2 1198 223
2 1591 902
2 2955 2419
2 2699 1841
2 1741 160
2 413 2652
2 1566 930
2 820 595
2 500 2718
2 2983 1649
2 2693 1920
2 2986 2936
2 1818 1809
2 2175 377
2 2692 2318
2 1465 264
2 2349 1407
2 2319 1741
2 509 601
2 1873 2233
2 1079 1307
2 1597 1292
2 1951 1872
2 1973 512
2 2109 211
2 2312 467
2 319 1944
2 58 1450
2 2382 343
2 2045 1095
2 32 304
2 2367 1425
2 151 2598
2 518 2748
2 2462 170
2 612 2084
2 1884 1969
2 1344 2645
2 3061 519
2 239 301
2 2137 2692
2 331 2374
2 2365 1630
2 1776 2900
2 2522 1050
2 407 301
2 2918 2967
2 1390 945
2 17 1513
2 1461 2270
2 2538 1328
2 2414 1991
2 2354 70
2 2237 2639
2 3012 3058
2 1755 2700
2 658 2914
2 1029 2637
2 780 2239
2 962 1964
2 474 1458
2 947 2506
2 694 752
2 2904 48
2 1188 1684
2 1778 1109
2 1596 805
2 1715 3120
2 2071 1278
2 2112 1704
2 2440 311
2 2189 1950
2 2723 382
2 2759 909
2 2916 1057
2 996 251
2 1484 2431
2 102 662
2 470 2083
2 1185 924
2 131 2921
2 2221 2297
2 2767 51
2 2574 2144
2 1103 347
2 2507 1894
2 913 1994
2 1176 2556
2 2022 746
2 782 999
2 1782 2902
2 635 2247
2 297 2888
2 2616 686
2 2775 811
2 617 1195
2 1289 80
2 882 2750
2 836 2315
2 994 639
2 229 2663
2 1391 315
2 3071 332
2 1785 1558
2 2036 986
2 563 1852
2 2905 2447
2 3090 696
2 127 2851
2 2629 1907
2 2043 2837
2 3123 193
2 1449 560
2 2431 714
2 2913 929
2 2839 2996
2 2563 1226
2 2078 2136
2 1454 1579
2 357 2138
2 2329 514
2 1304 346
2 2576 2342
2 194 999
2 1249 2352
2 2809 832
2 1680 3106
2 694 1895
2 2030 1311
2 1077 2200
2 828 2972
2 2073 614
2 3042 1256
2 2739 815
2 1552 2057
2 139 824
2 3034 2432
2 1807 338
2 236 2348
2 795 1691
2 2306 413
2 1880 2296
2 1492 157
2 1527 1683
2 1763 805
2 465 2849
2 1320 1786
2 463 2376
2 238 2962
2 2404 1789
2 154 2323
2 2403 806
2 2249 184
2 1047 49
2 2164 898
2 1929 1759
2 415 243
2 2495 2131
2 1677 2569
2 1775 2403
2 1107 3115
2 2947 2125
2 1415 2011
2 2866 362
2 2519 2171
2 2727 2699
2 212 638
2 2999 1542
2 38 562
2 1218 1774
2 2012 2923
2 1500 820
2 1794 2677
2 351 2378
2 1377 803
2 1531 1637
2 1760 252
2 1268 2465
2 35 498
2 2098 1158
2 1146 3008
2 230 2254
2 2055 1570
2 1923 1760
2 1719 2965
2 984 2560
2 628 2930
2 2371 1859
2 825 1771
2 553 1633
2 2909 1383
2 1526 3077
2 2943 473
2 2119 810
2 2392 312
2 1898 1921
2 1841 891
2 2549 603
2 2495 655
2 1849 2742
2 2618 1846
2 1668 732
2 1856 2337
2 235 616
2 2398 950
2 54 1254
2 2669 199
2 404 1851
2 2759 2439
2 738 275
2 228 1389
2 263 1504
2 715 215
2 2879 10
2 830 2121
2 144 1592
2 1421 1192
2 2610 1560
2 1235 1032
2 2723 382
2 1427 530
2 3091 672
2 809 162
2 1502 2307
2 1439 627
2 1518 1559
2 794 3038
2 1976 2343
2 16 1745
2 17 1513
2 2063 1966
2 2123 1374
2 241 2861
2 1065 922
2 2739 2578
2 522 133
2 2348 2451
2 1801 2528
2 1768 2799
2 813 2872
2 1662 2562
2 817 2068
2 1992 1545
2 2666 3011
2 2169 1693
2 1371 1697
2 2656 2848
2 273 947
2 1955 1503
2 1578 559
2 1926 2492
2 1878 1718
2 1556 3010
2 1980 1900
2 2946 336
2 1844 2842
2 3049 2010
2 124 386
2 1883 2360
2 1503 191
2 1481 1193
2 2188 1515
2 2009 1241
2 2862 485
2 1151 1411
2 2604 1822
2 423 2580
2 1910 1832
2 337 329
2 274 3080
2 1275 2161
2 1491 539
2 635 2247
2 97 1355
2 1013 1996
2 671 353
2 687 1079
2 1074 1128
2 1171 934
2 1631 1636
2 1746 2015
2 1888 2554
2 2730 2566
2 180 1339
2 1249 2352
2 9 573
2 3 2934
2 1293 392
2 1935 1319
2 1181 1750
2 143 2898
2 219 3059
2 129 2593
2 170 721
2 1087 396
2 1407 1862
2 522 2243
2 2039 767
2 858 2986
2 2643 1174
2 56 970
2 1523 1823
2 1942 2853
2 3027 2082
2 3045 2826
2 1041 2153
2 482 2533
2 1055 2992
2 2347 368
2 1805 1662
2 2662 381
2 2638 2960
2 1366 2430
2 529 2354
2 2350 1875
2 1833 324
2 2422 3070
2 1993 3009
2 831 1210
2 1034 1426
2 2122 336
2 2664 959
2 495 2355
2 1036 479
2 1442 1878
2 1962 174
2 75 1269
2 1329 3118
2 650 2028
2 10 781
2 2230 2926
2 2530 1842
2 2418 772
2 2660 648
2 1682 2396
2 64 1772
2 2273 489
2 2579 1883
2 2000 245
2 349 884
2 2168 2362
2 3079 2843
2 91 2148
2 308 147
2 1397 534
2 2184 2786
2 1413 2849
2 1714 2181
2 374 1386
2 646 1632
2 206 2124
2 1866 3012
2 1210 2239
2 3086 2937
2 1092 808
2 3037 767
2 1230 1835
2 1101 2971
2 1518 1559
2 869 2891
2 1301 2619
2 2303 1025
2 333 2871
2 3017 141
2 935 1790
2 2262 1387
2 2110 1915
2 1970 2496
2 1565 2345
2 1206 1082
2 2550 220
2 1756 356
2 2877 387
2 2208 861
2 2392 2013
2 3051 2885
2 896 1553
2 3099 233
2 226 2427
2 1321 2518
2 975 954
2 1107 1265
2 27 287
2 1940 1241
2 1418 1485
2 589 436
2 1602 2778
2 2673 941
2 1343 2126
2 55 837
2 1787 923
2 537 2809
2 1924 2810
2 1533 1291
2 1535 2106
2 2069 889
2 1246 1131
2 804 645
2 2363 1694
2 1803 2797
2 112 1324
2 149 19
2 1676 469
2 3007 914
2 771 1616
2 1792 18
2 2710 1487
2 2782 942
2 1028 2653
2 217 2471
2 3000 723
2 104 1091
2 3078 1186
2 1778 1109
2 2789 2476
2 215 2338
2 282 1356
2 1370 988
2 863 3000
2 1209 2552
2 905 1464
2 293 1500
2 807 431
2 1329 2291
2 2514 1821
2 320 167
2 2172 2188
2 2745 1852
2 2035 1343
2 1183 3082
2 2182 2726
2 722 2983
2 2278 2424
2 1870 1462
2 2204 891
2 180 225
2 1949 2956
2 1364 665
2 1000 504
2 1051 1130
2 2842 1853
2 1297 1161
2 2706 564
2 2910 1358
2 2489 2369
2 791 307
2 787 1505
2 586 764
2 1867 2852
2 1824 1020
2 1952 145
2 261 2194
2 2059 1180
2 2252 2709
2 252 1821
2 969 1798
2 1561 6
2 3121 1140
2 1078 769
2 723 1165
2 568 2929
2 889 971
2 2656 2501
2 2285 1627
2 1266 2226
2 2562 656
2 544 1641
2 3031 1658
2 1540 1957
2 2606 742
2 3089 351
2 1362 2585
2 1957 650
2 2608 2939
2 3107 944
2 588 441
2 554 1399
2 2415 2250
2 1044 2035
2 2633 2212
2 2696 201
2 2804 2034
2 1140 1148
2 2406 1922
2 118 1856
2 1808 1769
2 2688 895
2 2154 373
2 1042 1577
2 1512 2090
2 2157 1545
2 1179 212
2 28 1554
2 837 2728
2 2680 1590
2 2716 2581
2 2966 1001
2 46 2616
2 840 1695
2 2288 571
2 342 1753
2 416 876
2 537 132
2 1467 2662
2 2722 397
2 1863 552
2 848 1607
2 796 1538
2 1538 2530
2 28 1554
2 517 2152
2 547 1580
2 615 2240
2 2293 1468
2 2127 476
2 1333 821
2 628 1121
2 2353 1854
2 44 2687
2 783 1379
2 997 2837
2 2821 286
2 1950 676
2 2965 1283
2 1175 2277
2 2670 2652
2 2063 1284
2 37 1132
2 2741 2030
2 2037 2097
2 2519 2171
2 103 1004
2 2158 109
2 1388 1562
2 3013 511
2 106 2708
2 401 2724
2 1687 1441
2 2788 2069
2 2936 1108
2 55 2609
2 583 1603
2 608 2201
2 354 2454
2 2399 2766
2 1149 178
2 2952 2942
2 879 697
2 1617 2095
2 2920 2501
2 1004 1685
2 2613 943
2 1008 2920
2 2675 3002
2 1335 2333
2 2274 2687
2 1943 453
2 3023 1932
2 76 1646
2 1820 1887
2 1433 1144
2 1582 468
2 1324 1953
2 1315 1248
2 1245 2409
2 456 1800
2 249 446
2 2086 1743
2 1376 1982
2 2201 3117
2 2135 2605
2 1245 2964
2 1453 735
2 613 717
2 2250 2361
2 1487 2283
2 1271 3124
2 2681 1583
2 2452 1752
2 703 1284
2 221 1729
2 114 649
2 2031 2840
2 1138 644
2 1006 237
2 1300 3090
2 2777 1443
2 11 3084
2 2547 2088
2 743 2108
2 728 802
2 267 2763
2 2644 25
2 2568 816
2 44 260
2 533 422
2 487 464
2 1648 36
2 2105 1136
2 2357 900
2 901 865
2 2641 3044
2 2184 2786
2 3087 1806
2 58 2602
2 365 2677
2 552 2839
2 1953 1213
2 384 2475
2 3041 2136
2 1573 2269
2 1227 1491
2 3014 1424
2 1058 1700
2 988 912
2 1267 22
2 700 1047
2 3114 2816
2 1761 282
2 2361 2482
2 1581 2646
2 2670 960
2 659 278
2 1477 450
2 1200 234
2 1578 2825
2 2387 202
2 1535 1527
2 2327 1030
2 3129 358
2 8 2735
2 2257 427
2 1725 475
2 2985 492
2 433 2857
2 2209 1172
2 227 1936
2 488 2221
2 1786 2992
2 1367 195
2 2343 3076
2 106 2768
2 454 1722
2 1333 1739
2 1827 756
2 271 2258
2 516 2760
2 29 2553
2 2256 2374
2 950 112
2 1030 2101
2 2101 16
2 1939 2380
2 409 2211
2 216 1664
2 2084 205
2 1661 292
2 2671 2806
2 1627 2326
2 376 1802
2 2227 1367
2 2847 1524
2 1620 2537
2 1629 2281
2 1884 1969
2 2541 2577
2 409 1435
2 198 2589
2 201 310
2 845 3108
2 2267 1781
2 2399 806
2 1654 722
2 1659 933
2 1382 1869
2 1189 3041
2 2009 169
2 2870 278
2 1139 2665
2 929 2714
2 596 1120
2 433 2857
2 549 2319
2 1332 1906
2 347 577
2 550 1247
2 2724 293
2 2146 2474
2 2461 269
2 2702 20
2 2601 2911
2 259 2306
2 1378 1675
2 1838 903
2 519 1377
2 2756 1414
2 2240 1654
2 1891 93
2 555 1673
1 1598
2 832 148
2 2007 1881
2 693 240
2 619 1532
2 1 1810
2 165 2006
2 2815 3060
2 2332 2994
2 2595 744
2 690 1231
2 1517 2998
2 2671 2806
2 2061 632
2 688 300
2 961 255
2 352 664
2 2339 1906
2 2890 725
2 640 509
2 2292 2915
2 1282 1141
2 1183 630
2 1893 2387
2 1546 365
2 2384 3074
2 2633 2212
2 2107 1434
2 124 386
2 1496 476
2 2180 1912
2 444 492
2 2539 2923
2 1808 1769
2 998 1133
2 880 1308
2 1385 658
2 2446 173
2 719 1893
2 2859 2823
2 2044 2092
2 1287 2214
2 1430 783
2 90 261
2 1258 1419
2 2772 2932
2 874 2379
2 2192 1359
2 380 1557
2 2935 119
2 1213 1209
2 1231 834
2 2825 2176
2 84 533
2 1187 733
2 985 1498
2 3088 1762
2 946 2611
2 285 1429
2 2231 718
2 1363 2899
2 172 2393
2 3130 1890
2 2433 227
2 2268 1392
2 2521 695
2 569 1433
2 1651 1346
2 756 2130
2 2698 515
2 74 2002
2 2569 1683
2 70 2624
2 886 391
2 2209 1172
2 1250 2691
2 2000 1009
2 13 703
2 1331 919
2 1904 1484
2 263 1504
2 1775 166
2 1165 2375
2 352 664
