836 744 693
2 5 643
2 55 183
2 431 133
2 64 415
0
0
2 144 170
2 598 221
2 692 278
2 415 184
2 235 246
0
2 146 124
0
2 26 128
1 379
2 160 582
2 265 108
1 523
2 734 389
2 20 103
2 84 744
2 498 639
2 507 225
2 657 350
2 733 200
2 52 484
2 288 10
2 381 181
2 205 724
2 628 389
2 153 355
2 504 670
2 63 319
2 593 402
1 665
2 387 37
2 689 228
1 196
2 566 344
2 592 711
2 238 358
2 727 204
2 582 287
1 21
2 404 449
2 50 363
0
2 305 351
2 639 172
2 530 739
2 74 430
2 141 209
2 515 487
2 142 29
1 496
2 377 659
2 217 293
1 429
2 87 559
2 285 53
2 116 161
1 229
1 470
1 498
2 542 460
1 313
1 512
2 78 102
2 192 623
2 652 33
2 394 220
2 696 176
2 411 408
0
2 499 693
2 276 232
2 590 359
2 470 38
2 279 428
2 704 626
2 340 635
2 462 708
2 110 139
2 146 218
2 581 543
2 594 168
2 279 428
2 629 712
2 391 85
2 729 672
2 374 286
2 361 589
2 227 499
1 737
2 427 369
2 255 154
2 459 598
2 703 355
1 291
2 417 568
2 238 314
2 495 338
2 97 685
1 234
2 648 341
1 611
1 359
2 125 529
2 505 177
2 678 412
2 332 480
0
2 252 145
2 493 83
1 458
2 77 194
1 226
2 508 27
1 246
2 572 403
2 680 215
2 554 135
2 134 550
2 703 477
1 604
2 127 191
2 675 47
2 312 700
1 349
2 502 89
2 282 216
1 651
2 385 277
2 301 393
2 239 615
2 292 463
1 63
2 393 370
2 397 419
2 223 350
2 515 199
2 433 695
2 48 219
2 95 303
1 441
2 489 484
2 494 607
2 311 580
2 679 458
2 266 117
2 244 275
2 297 354
2 215 737
2 43 383
2 323 422
2 743 140
2 506 567
2 400 168
2 631 503
2 80 565
2 538 262
2 519 305
2 459 722
2 310 707
2 369 364
2 641 228
2 292 109
2 199 81
2 50 363
1 708
2 673 396
2 275 290
2 339 647
2 536 345
2 407 597
1 667
2 539 564
2 122 654
2 138 197
1 105
2 378 463
2 375 661
2 735 681
2 119 523
2 24 189
2 454 441
2 183 492
0
2 65 399
2 474 414
2 627 560
2 560 390
2 522 456
2 11 729
2 731 96
2 664 339
1 281
2 575 95
2 594 54
1 190
1 59
1 120
2 421 629
2 702 159
2 611 177
2 590 148
1 210
2 138 184
2 109 35
2 336 259
2 147 710
1 440
2 30 309
2 678 517
2 513 94
2 596 297
2 591 442
2 386 735
2 119 65
2 330 358
2 58 696
2 24 738
2 622 256
2 76 671
2 348 147
2 270 382
2 207 542
2 236 164
2 322 180
2 283 693
2 384 573
2 681 347
2 668 222
2 409 457
2 419 98
2 501 467
2 326 717
2 45 169
2 186 424
0
2 612 425
2 60 707
2 431 133
2 551 612
2 182 356
2 416 266
2 605 446
1 188
2 211 291
2 655 398
0
0
2 40 633
2 160 465
2 218 83
2 702 507
2 688 492
2 352 321
2 621 163
2 257 175
2 482 420
1 395
2 610 600
2 557 371
0
2 736 248
1 541
2 280 172
2 201 667
2 69 709
1 535
2 93 56
2 178 270
2 367 451
2 263 561
2 129 327
1 224
1 591
2 661 410
2 74 430
2 664 33
2 245 604
1 603
2 478 18
2 101 16
0
2 132 481
1 229
2 242 528
2 585 267
2 556 281
2 353 69
2 75 302
1 436
2 107 171
2 620 417
2 219 243
2 37 502
1 429
2 487 150
0
2 537 10
2 203 274
2 616 131
2 165 471
2 717 692
2 318 334
2 466 79
2 638 265
2 574 258
2 732 81
2 306 317
2 630 451
1 340
2 553 725
2 12 450
2 120 103
2 309 609
2 78 102
2 70 16
2 42 155
2 335 185
2 557 371
2 356 272
2 278 86
2 722 509
2 57 697
0
2 149 162
2 91 675
1 740
2 469 236
2 221 64
2 571 741
2 659 330
1 742
2 718 324
2 635 162
2 202 6
2 701 388
2 584 34
2 654 85
2 231 156
2 521 544
2 136 674
1 2
2 731 399
2 106 206
2 240 111
2 709 7
1 216
1 335
2 533 121
2 452 732
2 691 662
2 2 115
2 261 579
2 20 512
2 293 736
2 304 638
2 61 572
2 511 546
2 101 581
2 485 438
2 113 388
2 651 465
2 622 576
2 626 334
2 6 545
2 59 191
2 585 267
2 152 658
2 683 518
2 276 253
2 230 641
2 352 541
2 329 92
2 619 617
2 66 505
1 157
2 600 525
0
2 593 282
2 32 121
2 86 482
2 565 716
2 368 98
1 166
2 558 242
2 56 107
2 605 446
2 310 197
2 14 376
2 300 568
2 726 55
2 150 569
2 193 662
2 248 473
1 531
2 504 298
2 699 450
0
0
2 269 434
2 296 684
2 601 163
2 331 491
2 619 617
2 312 36
2 139 362
2 739 434
2 725 666
2 240 111
2 105 203
2 615 589
2 140 99
2 676 460
0
2 527 211
2 478 18
2 31 233
2 609 495
2 11 620
2 720 196
2 410 319
2 82 658
2 682 318
2 475 689
2 28 367
2 464 4
2 385 277
2 87 559
2 648 341
2 704 225
2 583 406
2 173 348
2 621 280
2 656 536
2 518 710
2 679 636
0
2 554 207
2 719 421
0
2 706 300
2 259 497
2 596 566
2 126 540
2 529 669
2 577 137
2 724 698
2 115 435
2 547 260
1 19
1 66
2 653 100
2 640 743
1 531
2 540 433
2 423 294
2 690 570
1 443
2 19 165
2 67 676
2 201 209
2 476 723
1 373
2 247 526
2 44 687
2 643 721
2 602 625
2 524 713
0
2 364 468
2 666 573
2 697 627
2 17 483
2 315 416
2 77 194
2 493 447
2 370 555
2 548 574
2 283 407
2 131 80
1 556
2 254 239
2 181 198
2 104 595
1 670
1 164
1 21
2 712 304
2 316 496
2 208 15
2 618 467
1 100
0
2 685 524
2 455 510
2 96 486
0
0
2 677 606
1 167
1 166
2 642 45
2 243 179
2 633 522
2 90 564
2 361 256
2 285 53
2 192 526
2 422 353
2 308 742
2 36 445
2 118 479
2 12 603
2 625 494
2 30 234
2 232 110
2 25 645
1 324
2 94 684
1 588
2 553 486
2 716 13
2 382 130
2 3 646
2 88 284
2 362 23
2 308 14
2 404 640
2 402 143
2 473 311
2 325 264
2 170 719
2 346 509
2 687 174
2 68 73
2 438 48
2 741 601
1 448
2 252 145
2 586 200
2 41 500
2 637 437
2 377 688
0
2 204 672
2 129 41
0
2 72 180
2 539 187
2 272 35
2 563 412
2 401 730
2 660 187
2 351 57
1 525
2 569 561
2 75 302
2 580 583
2 500 453
2 468 513
2 637 437
2 646 214
1 114
2 213 320
2 730 217
2 726 577
2 476 723
2 49 315
2 295 366
2 167 171
2 645 331
2 7 97
2 130 607
2 720 148
2 485 271
1 452
2 634 149
2 631 368
0
2 613 251
2 76 671
1 567
2 230 338
2 46 212
2 587 274
2 380 680
2 128 616
2 503 657
2 578 71
2 669 329
2 43 443
2 124 715
2 42 155
0
2 481 477
2 342 328
2 134 550
2 135 511
2 9 656
2 365 386
2 347 663
1 599
2 158 137
2 514 534
0
2 650 1
2 602 93
1 555
2 295 366
2 624 715
2 414 49
2 447 740
2 306 317
2 517 299
2 158 711
1 392
2 287 436
2 345 25
2 597 173
2 255 154
2 432 289
2 425 705
2 8 694
2 395 694
2 578 322
1 136
2 27 644
2 418 444
2 223 47
2 744 344
2 70 632
2 213 501
2 79 141
2 169 44
2 587 343
2 426 454
1 60
2 112 237
2 660 630
2 269 249
2 17 483
2 456 469
2 326 349
2 273 253
2 264 734
2 198 636
2 186 424
1 738
2 175 159
2 357 516
0
0
2 690 46
1 273
2 206 519
2 420 588
1 380
2 530 343
2 728 714
2 333 558
1 549
2 8 552
0
1 674
2 449 143
2 713 250
2 72 392
2 360 333
2 92 106
0
0
2 545 474
2 108 336
2 31 532
2 249 123
2 346 562
2 403 427
2 372 202
2 307 3
2 222 327
2 328 179
2 733 400
1 461
2 686 488
2 288 233
1 316
2 413 178
2 314 727
2 294 301
2 644 71
2 528 22
2 547 260
2 442 241
2 132 508
2 116 161
2 247 490
2 699 608
2 683 325
2 126 413
2 357 516
2 613 251
2 677 606
2 220 156
2 444 610
2 250 372
0
2 614 599
2 464 214
2 466 375
2 650 1
2 67 506
2 298 51
2 378 570
1 354
2 39 195
2 475 337
2 576 235
2 88 284
2 320 262
2 299 113
2 686 488
2 313 296
2 391 479
2 728 695
2 241 151
2 700 426
2 261 649
2 546 307
0
2 271 337
1 157
2 212 520
2 394 634
2 231 614
1 153
2 440 527
2 562 210
1 127
2 538 114
2 112 237
2 68 73
2 480 668
2 457 534
2 99 453
2 706 62
2 227 579
2 286 144
1 418
2 586 532
2 491 39
2 691 608
2 461 122
2 497 439
1 82
1 535
2 462 397
0
0
2 208 721
2 226 263
2 549 54
1 176
2 408 374
2 383 152
1 655
2 543 551
1 332
2 595 26
2 268 40
2 258 125
2 624 398
2 405 682
2 118 471
2 409 224
2 189 401
1 653
2 195 323
2 718 584
2 117 411
2 13 268
2 552 51
2 571 652
2 290 104
2 90 123
1 376
1 32
2 445 9
1 342
0
2 472 89
2 435 38
1 182
1 705
2 628 190
2 174 61
2 490 423
2 592 91
2 489 649
2 432 289
2 381 563
2 23 698
1 373
2 193 52
2 151 34
2 673 396
1 28
1 701
2 62 387
2 390 521
2 4 321
2 205 360
2 544 575
2 632 533
2 510 448
2 384 623
2 245 665
2 714 405
2 257 5
2 618 84
2 406 548
2 647 22
2 29 254
2 663 244
2 303 365
1 514
2 472 379
2 58 520
2 142 188
2 439 642
2 537 185
2 15 455
2 303 396
2 161 361
2 327 687
2 652 162
2 219 252
2 522 583
2 2 313
0
2 50 200
2 621 649
2 172 32
2 252 529
1 127
2 428 246
2 194 297
1 304
2 593 559
2 202 94
2 285 624
2 209 688
2 659 462
2 278 261
2 393 60
1 629
2 169 575
2 135 329
2 552 235
1 626
2 243 14
2 29 584
2 76 265
2 207 164
1 574
2 336 552
0
1 325
0
2 180 35
1 527
2 407 220
2 95 107
2 308 622
2 569 400
2 20 390
1 310
0
1 415
1 340
2 598 436
2 100 419
2 40 170
2 446 251
2 341 111
1 239
2 582 214
2 394 498
2 241 642
2 275 539
1 365
2 230 377
2 98 501
2 677 494
1 646
1 285
2 393 60
0
2 513 477
2 451 236
2 607 533
1 358
2 229 541
1 574
1 215
2 613 174
1 323
2 226 65
2 690 249
1 650
1 1
2 443 470
2 298 248
2 488 284
2 617 256
2 317 17
0
2 123 55
2 175 295
1 443
2 425 521
1 467
2 433 382
2 34 112
2 342 495
2 226 276
2 643 66
2 549 113
2 59 651
2 548 321
1 512
1 560
0
2 558 323
2 189 25
2 681 686
0
2 334 564
2 464 277
2 526 82
2 62 611
2 693 320
1 203
0
0
2 473 287
2 317 286
2 575 4
2 213 555
2 644 340
2 153 421
1 41
2 370 441
2 386 507
2 629 264
2 281 21
2 565 658
1 586
2 634 568
0
1 357
0
2 15 360
2 102 256
2 225 146
2 392 561
1 352
2 56 374
2 630 258
2 184 672
2 482 516
2 383 331
2 180 451
2 223 420
2 671 210
2 64 86
2 167 418
2 526 168
2 634 41
1 487
2 647 212
2 134 594
2 262 339
2 414 104
1 101
1 492
0
2 389 253
1 480
1 367
1 371
2 66 523
2 72 459
0
2 684 598
2 548 321
2 366 535
2 113 293
2 543 612
1 190
2 38 638
1 415
1 77
2 335 44
2 104 437
2 609 486
2 208 505
1 432
0
2 95 586
2 70 585
2 524 478
2 504 483
2 9 624
2 625 501
2 636 557
2 534 178
2 553 217
2 469 181
1 650
2 169 373
2 440 300
2 472 259
2 118 388
2 388 592
2 306 187
2 405 479
1 532
0
2 588 42
2 489 167
2 214 628
2 125 401
2 431 601
1 545
2 36 425
2 639 5
1 220
0
2 467 581
2 524 478
2 465 284
2 301 540
2 4 176
2 608 269
2 452 423
2 680 360
2 192 242
1 531
2 302 608
2 356 636
2 178 558
1 382
2 314 12
2 553 328
2 682 107
2 655 289
2 181 410
2 512 53
2 211 199
2 369 666
1 444
2 689 682
0
2 557 10
1 648
2 163 341
2 599 244
2 349 116
2 667 201
2 196 661
2 493 267
2 51 239
2 138 668
2 635 153
2 327 687
2 168 172
2 550 27
2 326 262
2 299 554
1 576
1 566
1 305
2 633 307
0
2 662 83
2 11 221
2 260 577
1 144
2 63 261
0
2 7 350
0
2 379 97
2 106 331
2 654 615
1 73
2 156 223
2 408 596
0
2 346 386
1 384
2 511 231
1 191
2 566 69
1 129
1 28
1 24
2 427 158
2 132 447
2 605 77
1 527
1 251
2 390 346
1 303
2 555 403
2 578 154
1 525
2 103 615
2 438 305
2 224 579
2 604 468
2 546 78
2 450 351
2 30 511
2 48 571
2 509 477
2 229 255
1 37
1 17
2 639 264
0
2 39 280
2 22 531
0
2 530 126
2 563 45
2 456 294
2 344 431
1 304
2 289 481
2 551 202
2 515 46
2 559 380
2 395 460
1 195
0
2 56 568
1 141
2 3 403
2 184 142
2 227 607
1 444
2 585 600
2 432 633
2 73 240
2 278 410
2 179 250
2 273 627
2 33 637
1 308
2 156 690
2 500 602
2 371 364
2 16 369
2 590 222
2 338 121
0
2 530 126
0
2 631 683
2 620 84
2 536 424
1 411
2 519 68
2 19 397
2 57 490
0
2 288 619
2 543 669
2 188 474
2 270 429
2 231 274
0
1 122
2 5 312
2 496 693
2 616 406
2 288 653
2 483 482
2 236 177
2 539 408
2 47 551
2 363 370
2 673 625
2 589 683
2 503 8
1 619
1 590
2 292 319
1 589
2 84 404
2 123 544
2 546 448
2 23 529
2 439 374
2 674 222
0
1 445
2 353 409
2 67 215
1 676
1 235
2 659 238
1 105
2 277 525
2 85 101
2 379 97
2 459 283
1 51
2 649 400
2 96 542
2 645 13
2 299 554
2 579 106
2 542 191
2 594 186
0
1 286
2 133 545
2 596 573
2 138 245
2 583 218
2 458 131
2 350 166
2 248 250
2 416 519
2 290 491
0
2 354 378
2 67 348
2 357 115
2 78 75
2 175 576
2 88 469
2 290 270
2 127 268
2 375 159
2 81 618
0
0
2 510 322
1 578
2 35 206
0
2 405 312
1 280
2 565 658
0
2 603 373
2 479 422
2 577 476
2 643 538
2 392 561
2 230 377
2 334 564
2 452 201
2 691 657
2 80 279
1 367
2 291 208
2 206 151
2 597 276
0
1 15
2 205 36
2 361 39
2 232 185
2 540 119
2 591 63
2 398 89
2 611 508
2 13 189
0
2 79 109
2 128 240
2 433 3
2 79 116
2 560 309
2 225 652
1 49
2 671 210
2 422 347
2 110 96
0
1 279
2 111 152
2 384 628
2 528 401
0
2 599 536
2 137 562
2 665 87
2 413 37
2 641 497
2 193 263
2 293 92
1 234
2 637 118
2 332 556
2 139 326
2 85 160
2 663 61
2 114 255
2 266 515
1 689
2 45 72
1 450
1 375
2 243 14
2 18 640
1 134
2 517 200
1 498
2 521 47
2 6 355
2 381 428
1 567
1 523
1 233
2 686 641
2 109 318
2 263 69
2 332 311
2 76 417
2 140 464
0
2 417 124
2 514 196
2 667 309
2 83 306
1 420
0
2 673 98
1 170
2 253 30
2 26 344
2 115 449
2 43 159
0
2 412 228
1 176
1 260
2 155 136
2 518 455
2 242 638
1 430
2 365 320
2 283 572
0
2 90 157
1 337
2 617 351
2 1 470
2 325 348
2 195 502
2 573 647
2 298 668
2 313 205
2 55 446
2 562 147
1 595
2 64 86
2 135 358
2 204 462
2 473 287
2 207 166
2 387 144
1 660
2 241 642
2 177 322
2 630 454
2 427 227
2 692 385
2 447 627
2 152 602
2 272 133
2 520 333
2 91 171
2 582 466
2 436 33
1 197
2 330 385
2 48 571
2 212 691
2 203 65
2 92 192
2 416 601
2 53 506
2 209 688
2 342 257
2 171 275
2 507 485
2 499 528
2 173 139
2 675 488
2 233 532
2 136 354
2 274 681
2 355 318
2 421 368
2 503 8
1 82
0
1 343
1 9
2 216 315
2 655 328
0
2 520 333
2 141 182
0
2 108 120
2 297 563
2 663 125
0
2 508 353
2 162 249
0
1 600
2 398 129
2 672 581
0
2 281 21
1 31
2 679 291
2 471 356
2 10 58
0
0
2 295 391
2 100 319
2 75 429
2 457 632
2 491 310
2 500 675
2 22 423
2 259 173
0
2 395 460
2 674 93
0
2 653 413
1 434
2 505 155
1 158
2 59 651
2 656 623
1 646
1 402
0
2 475 612
2 122 442
2 143 352
2 300 593
2 130 584
2 336 544
2 485 50
2 26 349
2 660 186
2 661 137
1 68
2 685 654
2 635 311
2 254 130
1 513
2 271 372
2 556 502
2 187 16
0
2 411 88
1 265
1 434
2 493 267
0
1 412
2 149 237
2 151 157
2 685 664
2 570 110
2 666 656
2 474 684
2 517 183
1 238
2 480 547
2 610 463
2 282 182
2 154 11
2 71 466
0
1 25
2 426 475
2 497 148
2 387 487
2 605 569
2 409 188
2 71 587
1 496
2 404 472
2 94 301
2 80 294
1 372
2 245 7
2 441 549
2 316 620
1 247
2 6 40
2 221 364
2 644 570
2 616 484
2 117 678
2 407 406
2 87 38
2 665 23
2 396 165
2 347 42
0
2 604 468
2 128 453
2 435 495
2 438 89
2 677 494
2 454 510
2 458 131
2 439 456
1 103
2 149 237
1 216
2 140 307
2 453 535
2 105 197
2 148 316
1 211
0
0
2 597 397
1 228
1 484
2 28 362
2 476 692
2 461 622
2 198 52
2 614 394
2 537 302
2 337 244
1 124
0
2 117 183
1 676
1 359
2 610 463
2 435 376
1 376
0
1 492
1 246
2 146 419
2 20 213
2 32 448
1 550
2 533 19
2 315 150
2 257 54
1 537
0
2 204 329
2 504 254
2 595 402
0
2 632 90
2 81 224
2 232 185
1 93
2 112 2
2 345 29
2 626 399
2 378 198
2 324 457
2 534 343
2 119 606
2 165 664
2 27 461
2 669 324
2 61 587
1 670
2 506 163
2 330 219
2 193 268
1 588
2 174 34
1 142
1 383
2 455 440
2 296 102
2 640 194
2 74 662
2 46 62
2 160 99
1 518
2 43 292
1 273
2 217 91
2 114 49
2 52 389
2 272 465
2 339 613
2 572 74
2 199 522
2 338 121
2 437 18
2 145 70
0
2 179 631
2 449 679
0
2 108 120
2 580 670
2 218 399
2 547 247
2 380 366
2 143 359
2 147 363
1 645
2 430 591
1 345
2 623 603
2 368 426
2 442 541
2 614 190
2 132 538
2 481 391
2 335 44
2 234 445
2 424 31
1 648
2 592 57
2 24 145
2 516 362
2 490 489
2 269 509
2 680 150
1 258
2 161 618
2 54 296
1 271
2 164 567
2 657 266
2 609 486
0
2 58 414
2 418 471
2 282 621
1 580
2 314 12
2 381 499
2 606 514
1 678
1 99
2 75 400
2 288 619
2 90 423
2 302 566
2 303 609
2 620 84
2 231 274
2 71 195
2 449 679
1 648
2 405 312
2 153 676
2 283 572
2 542 410
2 99 529
2 649 1
2 332 556
2 578 154
2 433 501
2 451 236
2 638 141
2 29 191
1 323
2 553 645
2 505 155
2 640 194
2 143 690
2 160 213
2 653 206
2 677 597
2 35 250
2 85 463
2 519 107
2 417 180
1 41
2 357 115
2 639 257
1 371
2 378 198
2 74 662
2 427 158
2 585 375
2 162 413
2 661 137
2 514 196
2 141 35
2 288 619
2 64 86
2 259 173
2 415 615
2 227 522
2 552 239
2 673 98
1 687
1 323
2 475 664
2 436 33
2 314 12
2 123 207
2 635 311
2 147 363
2 185 479
2 77 692
1 652
1 365
2 79 122
2 111 124
2 595 402
2 30 511
2 485 178
2 162 268
2 447 228
2 595 402
2 446 251
2 48 571
2 655 289
1 555
2 607 279
2 660 256
2 45 72
2 432 496
2 127 659
2 31 256
2 246 263
1 652
2 379 97
2 377 77
2 337 244
2 580 670
2 145 568
0
2 353 409
2 566 252
2 192 242
2 489 167
2 263 550
2 274 681
0
2 81 618
2 608 224
2 123 386
2 114 413
2 133 403
2 437 18
2 559 633
2 409 188
2 229 182
2 202 94
0
2 317 399
2 290 270
2 254 93
2 421 496
2 209 688
2 420 247
2 677 494
2 262 339
2 43 159
2 534 325
2 429 676
2 394 95
2 258 584
1 5
2 502 341
2 46 62
2 398 42
2 634 334
2 194 297
2 427 158
2 50 150
2 563 45
2 438 89
2 327 373
2 281 21
2 588 234
2 685 654
2 308 537
2 524 478
0
2 81 320
2 341 25
2 381 538
2 588 186
2 112 2
2 473 287
2 127 324
2 4 432
2 344 525
2 156 653
2 27 246
2 481 328
2 393 60
2 207 143
2 59 651
2 585 600
2 533 19
0
2 222 177
2 419 247
2 407 445
0
2 644 466
2 88 53
2 369 666
2 371 462
2 417 331
1 672
2 577 678
2 196 661
2 2 313
2 513 431
2 448 526
1 87
2 562 147
2 412 51
1 518
2 603 581
2 569 210
2 509 24
2 603 367
2 243 14
2 550 27
2 650 382
2 524 478
2 43 159
2 493 267
2 238 206
2 295 374
2 553 217
2 125 627
2 116 22
2 433 527
2 42 580
2 213 555
2 198 52
2 106 678
1 440
2 434 442
2 38 602
0
2 384 628
2 316 620
2 530 126
2 209 688
2 29 567
2 188 474
2 211 6
2 506 476
1 345
2 280 176
1 509
2 317 234
2 26 349
2 668 82
2 492 300
1 546
2 171 275
2 260 199
2 17 587
2 631 581
2 590 456
2 6 526
2 130 406
2 132 5
2 452 201
2 330 219
2 65 421
2 289 488
2 224 510
2 520 333
2 533 19
1 591
2 340 498
1 28
1 172
2 16 369
2 504 254
2 308 245
2 37 322
2 290 270
2 495 622
2 604 468
2 88 261
2 58 414
2 454 193
2 41 111
2 454 50
2 408 596
2 271 372
2 497 148
2 216 315
2 473 617
2 523 166
2 375 411
2 59 651
2 151 630
2 252 269
2 515 46
2 301 540
2 128 453
2 483 298
2 452 633
2 330 219
0
2 551 202
2 326 262
2 485 558
2 572 74
2 372 576
2 512 422
2 503 8
2 71 342
2 12 591
2 530 126
2 414 104
1 674
2 392 561
2 105 37
2 443 284
2 7 350
2 450 351
1 101
2 689 682
2 337 244
2 673 98
2 34 112
2 228 307
2 407 179
2 656 623
2 104 437
2 482 303
2 401 380
2 275 539
2 347 241
2 500 54
2 654 586
2 11 683
2 11 669
2 593 680
2 428 255
2 352 13
2 571 152
2 167 418
2 521 47
2 684 598
2 395 460
2 359 151
2 1 545
2 184 250
2 406 574
2 573 647
2 357 366
2 513 484
2 396 355
2 173 139
2 87 599
2 460 430
2 175 382
2 161 522
2 124 527
2 93 204
2 444 309
2 52 389
2 518 302
2 298 15
2 667 287
2 368 318
2 182 179
2 508 353
2 366 324
2 136 354
2 296 574
1 282
1 166
2 122 552
2 94 301
2 575 165
2 630 107
2 609 486
2 488 109
2 334 564
2 498 532
2 32 355
2 643 532
2 208 505
2 55 362
2 557 10
2 181 68
1 426
2 160 130
2 598 436
2 294 464
2 253 30
2 346 191
1 594
2 278 221
2 149 237
2 161 193
1 328
2 605 226
1 3
2 135 400
2 415 615
2 113 293
2 418 471
2 500 675
2 340 272
2 362 397
2 549 113
2 114 629
2 73 240
2 148 316
2 614 692
2 174 34
2 625 484
0
2 642 501
1 476
2 304 466
2 108 120
2 243 14
2 431 264
2 99 364
2 258 672
2 392 561
2 471 356
2 444 200
2 536 424
1 24
2 388 592
2 359 397
2 176 309
2 482 329
2 146 435
2 79 156
2 335 44
2 383 579
1 364
1 169
2 648 525
2 217 91
2 195 367
2 370 441
0
2 101 693
2 691 657
2 689 682
2 613 174
2 273 560
2 565 658
2 339 613
2 464 85
2 589 577
2 472 259
2 621 227
2 139 326
2 276 576
2 300 461
2 599 225
2 517 264
2 205 36
2 389 253
2 347 374
2 493 267
2 646 531
2 685 639
2 441 549
2 443 284
2 223 543
2 446 251
2 327 687
2 656 623
2 671 210
2 108 120
2 618 233
1 96
2 601 318
2 64 86
2 119 606
2 257 544
1 531
2 435 304
1 215
2 105 133
2 115 449
2 600 163
2 538 541
2 32 622
2 426 76
2 642 649
2 233 106
2 82 419
2 457 157
2 469 477
2 109 163
2 306 187
2 632 544
1 529
2 548 321
2 277 570
2 616 385
2 617 665
2 674 320
2 229 589
2 583 399
2 597 465
2 282 235
2 293 92
2 187 16
2 285 470
0
2 670 616
2 596 573
2 404 472
2 479 632
2 499 528
2 39 190
2 578 154
2 523 663
2 361 465
2 621 666
2 379 97
2 332 556
0
2 503 8
2 352 634
2 39 481
2 183 28
2 345 218
1 645
2 354 378
2 434 669
2 663 20
2 203 502
1 189
2 394 560
2 540 119
2 393 60
2 226 65
2 203 390
2 26 349
2 15 63
2 132 168
2 583 248
0
2 61 286
2 150 547
2 438 89
2 411 625
0
1 395
2 236 693
2 92 192
2 295 285
2 469 442
2 149 237
2 23 396
2 439 38
2 474 684
2 343 351
2 592 57
2 83 306
2 534 178
2 686 641
2 675 627
2 659 440
2 510 269
2 604 468
2 62 611
2 40 69
2 138 612
2 495 211
2 239 9
2 579 535
2 165 129
2 291 208
2 314 358
2 204 271
1 423
2 671 383
2 51 70
1 235
2 455 542
2 57 490
2 84 404
2 373 102
2 128 453
2 657 266
2 461 416
2 281 21
2 168 448
2 276 507
2 365 164
2 629 624
2 593 480
2 450 189
2 73 240
1 96
2 230 377
2 118 388
2 116 447
1 222
2 520 333
2 190 401
2 72 459
2 48 491
2 164 537
2 305 361
2 292 17
2 110 624
2 338 121
2 363 370
2 430 142
2 266 515
2 490 489
2 310 170
2 13 391
2 475 607
0
2 647 212
2 631 260
2 20 494
2 212 691
1 49
2 546 78
2 343 387
1 68
2 445 80
1 100
1 197
2 181 265
2 398 40
2 277 310
1 214
2 18 640
2 230 296
2 368 177
2 547 69
2 172 102
2 455 238
2 221 667
2 457 385
1 142
1 558
2 299 554
1 140
1 545
2 458 131
2 199 586
2 451 78
2 220 594
2 232 200
2 216 315
2 410 215
2 220 467
2 297 563
2 67 348
2 567 138
2 67 348
2 405 312
2 7 350
2 292 125
2 391 650
2 22 381
2 582 245
2 420 80
2 637 118
1 76
2 36 425
2 610 273
1 66
2 129 403
2 662 83
2 492 66
2 278 9
2 170 491
2 416 601
2 47 551
2 100 49
1 279
1 299
2 606 514
2 665 483
2 477 470
2 155 136
2 53 376
2 486 146
2 564 95
1 612
2 75 103
1 225
2 338 121
0
1 186
1 541
2 679 291
2 169 145
1 31
2 241 56
2 582 467
2 331 690
2 4 422
2 10 58
2 390 184
2 325 157
2 55 294
2 384 628
2 535 223
2 611 508
2 152 504
2 655 602
2 412 554
2 335 44
2 23 358
2 360 261
2 255 25
2 140 307
2 680 512
2 134 61
1 386
2 636 557
2 90 487
2 439 456
2 242 638
2 681 686
2 183 249
2 137 562
2 63 214
2 180 517
2 570 110
2 248 590
2 626 614
2 646 506
2 462 134
1 683
2 575 305
2 33 637
1 360
2 458 131
2 376 70
2 536 424
2 144 117
2 565 658
2 201 329
2 380 319
2 232 185
2 635 311
2 587 3
2 511 231
2 387 346
2 626 664
2 425 521
2 641 497
2 54 197
2 428 319
2 459 283
2 344 286
2 272 342
2 313 205
2 280 117
2 268 336
2 548 321
2 499 528
0
2 605 608
2 507 429
2 569 265
2 610 463
2 336 660
2 91 171
2 543 519
2 559 516
2 644 103
2 516 56
2 356 636
2 539 408
2 643 144
2 153 249
2 175 668
2 218 584
1 135
0
2 480 487
2 322 568
