772 941 935
2 329 342
2 736 602
2 174 97
2 102 242
2 30 28
2 388 542
1 344
2 545 52
2 75 152
1 65
2 809 598
2 614 697
2 784 196
1 623
2 779 451
2 685 694
1 853
2 305 884
2 263 731
2 853 483
2 147 691
2 420 159
2 553 262
2 198 291
0
0
1 338
2 671 86
2 783 343
2 56 281
2 210 768
2 936 641
0
1 169
2 651 149
1 131
2 362 320
2 134 466
2 772 421
2 941 837
1 485
2 91 848
2 521 295
2 276 251
2 896 553
2 784 402
2 273 645
2 747 630
2 308 658
1 109
2 501 925
1 815
2 480 729
2 195 383
2 54 428
1 493
2 919 700
2 713 732
2 69 271
2 481 123
2 928 430
2 78 774
2 47 659
2 817 400
0
2 897 547
2 738 445
2 795 907
2 880 363
2 793 105
2 176 757
2 292 742
2 846 557
2 469 307
2 837 616
2 735 676
2 694 718
2 202 113
2 110 166
2 768 313
2 313 80
2 51 333
0
0
2 180 34
2 906 940
2 675 898
1 385
1 125
2 33 604
1 794
2 494 496
2 899 135
2 188 872
2 613 361
2 889 752
0
2 317 727
2 582 25
0
2 781 393
2 771 36
2 360 724
2 527 201
2 38 746
2 71 64
1 436
2 345 356
2 716 827
2 500 261
1 436
2 160 674
2 63 32
0
2 475 923
2 588 132
2 637 605
2 603 88
2 549 643
2 649 476
2 268 212
2 911 479
2 217 391
2 186 575
2 543 49
2 171 463
2 916 934
2 389 467
2 168 254
2 299 269
2 760 820
1 266
2 47 469
2 221 670
2 518 357
2 725 355
0
0
2 813 462
2 626 631
2 76 755
2 224 914
2 614 933
2 401 121
1 50
2 576 773
1 140
2 99 102
1 375
2 348 394
2 156 577
1 733
2 805 253
2 544 861
2 835 632
2 84 929
2 866 225
2 8 833
1 208
2 854 822
2 123 480
2 352 186
2 617 356
1 510
2 304 63
2 609 918
2 617 24
1 44
2 178 414
2 607 772
0
2 719 304
2 87 588
2 426 753
2 52 168
2 140 778
2 767 273
2 399 504
1 1
2 448 198
2 90 840
2 720 690
2 845 936
2 352 50
1 449
2 5 205
2 627 726
2 113 791
0
1 867
1 259
1 693
2 836 326
2 17 762
2 201 452
2 841 619
2 416 610
1 720
2 187 701
1 189
2 222 423
1 253
2 656 85
2 245 620
2 67 223
1 699
2 935 336
0
2 133 136
2 85 654
2 57 84
2 77 154
0
2 164 517
2 281 448
2 624 65
2 559 615
2 937 260
1 227
0
2 170 417
2 775 736
2 420 35
2 514 404
2 129 847
1 634
2 228 913
1 290
2 407 308
2 929 765
2 369 486
2 175 396
2 391 852
2 509 117
2 518 905
2 750 395
2 174 97
2 776 277
1 439
2 782 721
2 696 141
2 851 673
2 726 799
2 811 649
2 112 841
1 158
2 122 647
2 225 550
2 120 319
2 34 556
2 769 591
2 153 576
0
1 478
1 446
1 115
2 107 717
1 264
2 828 303
1 125
2 311 502
2 318 559
1 349
0
2 387 802
2 915 91
0
2 892 568
2 354 603
1 478
2 793 105
2 619 124
0
2 451 345
2 28 832
2 26 503
2 177 287
1 543
1 682
2 550 523
0
1 233
0
2 4 714
2 235 637
2 557 545
2 693 737
2 137 590
2 540 698
2 580 190
2 595 769
2 474 920
1 276
0
0
2 199 870
2 212 56
1 192
2 95 406
2 410 487
2 575 660
2 301 270
2 797 13
1 449
2 247 249
0
2 643 897
2 242 767
2 204 806
2 7 407
0
1 672
1 98
2 411 20
2 160 674
2 351 815
1 211
2 912 692
2 834 236
1 667
2 237 866
2 548 780
2 707 115
2 578 15
1 145
1 899
2 655 471
1 463
2 787 347
2 790 765
2 163 656
2 538 927
0
2 924 427
1 598
2 714 57
2 829 151
2 776 277
1 785
2 3 708
1 224
2 60 867
2 146 491
1 465
2 129 847
2 388 711
2 893 262
1 602
2 219 621
1 579
2 921 316
1 886
2 632 678
2 183 255
2 67 223
2 48 229
2 536 98
2 934 369
2 646 938
2 482 941
2 578 15
0
2 455 466
2 100 916
2 763 488
2 231 642
2 812 157
2 18 696
1 495
1 561
2 383 823
2 782 721
2 459 520
2 419 408
1 73
2 809 644
2 100 877
2 923 280
0
2 895 87
2 689 441
2 876 779
2 173 459
2 829 151
0
2 264 181
2 564 834
2 818 81
0
2 124 210
2 59 425
2 799 662
2 298 560
2 777 274
1 106
2 789 743
2 810 740
0
2 387 939
2 756 465
2 535 157
2 742 921
2 538 374
2 639 730
2 655 471
2 520 931
2 184 204
2 734 422
0
1 862
2 107 117
0
2 307 454
2 309 589
2 606 874
2 651 848
2 247 249
1 573
2 190 909
2 337 185
2 108 147
1 516
2 127 514
2 447 574
1 188
1 531
2 370 365
2 546 283
2 826 818
2 317 727
2 525 380
2 136 475
2 605 299
2 881 680
2 816 537
2 660 199
2 38 746
2 428 48
2 908 930
2 917 688
2 431 628
2 130 306
2 628 804
2 236 424
1 11
2 723 887
1 498
2 868 511
2 288 896
2 756 70
2 571 762
2 938 250
2 230 686
2 422 153
2 32 508
2 893 126
2 546 283
2 372 627
2 704 163
2 562 72
2 796 609
2 621 724
1 536
2 744 864
1 676
2 363 831
1 513
2 454 372
2 150 203
2 823 409
2 856 206
2 373 59
2 377 528
2 852 652
2 312 706
2 437 503
2 820 172
1 622
2 476 728
2 630 338
2 218 728
2 730 3
2 612 19
2 380 734
2 376 146
2 920 639
1 376
2 491 184
1 568
1 558
2 21 191
2 904 135
2 689 16
2 585 399
2 486 120
1 796
1 417
2 266 819
2 468 13
2 722 764
2 780 462
0
2 731 860
2 398 927
2 801 64
2 39 275
2 692 812
1 490
0
1 860
2 891 287
2 612 19
2 257 461
2 86 915
2 149 481
2 781 755
2 615 525
2 270 95
2 913 744
2 460 828
2 803 93
2 101 505
1 427
2 331 127
1 195
2 161 871
2 362 320
1 862
1 40
2 881 158
2 274 298
2 708 675
2 477 722
2 760 558
2 835 381
2 260 416
2 745 173
1 411
1 622
2 386 244
2 443 657
2 801 650
2 255 7
1 367
2 658 148
2 254 750
2 291 398
2 850 310
2 303 584
2 464 69
2 508 571
0
2 321 663
0
2 840 816
1 197
2 148 288
0
2 432 900
2 659 22
2 596 687
2 682 323
1 908
1 882
2 613 214
0
2 790 368
2 404 745
2 9 845
0
2 690 822
2 596 687
2 661 403
2 316 366
2 791 581
2 645 763
2 402 156
2 501 925
0
2 753 155
2 341 679
2 267 669
2 263 415
2 241 482
2 519 382
2 68 797
2 597 895
2 418 534
0
0
2 389 467
2 554 177
2 887 23
2 735 164
2 332 325
2 295 75
2 193 62
2 306 873
2 914 217
2 504 855
1 209
2 332 523
2 179 349
2 221 685
2 80 607
2 421 580
2 844 426
2 528 640
2 340 99
2 832 885
2 319 235
0
2 265 373
0
2 61 844
2 804 354
2 870 329
2 863 51
2 806 460
0
2 754 327
2 25 431
2 831 770
2 654 202
2 838 360
2 77 154
0
2 88 876
2 425 183
2 305 884
2 250 331
2 774 315
2 770 237
2 673 292
2 222 423
1 798
2 492 340
1 713
2 542 646
2 889 824
2 405 161
2 662 863
1 706
2 764 877
2 513 392
1 695
2 321 681
2 139 318
2 729 194
2 652 139
2 122 647
2 327 595
2 854 8
2 72 162
0
1 446
1 403
2 653 79
0
1 485
2 435 846
2 468 401
1 347
2 275 825
2 496 711
2 366 754
2 385 197
2 909 716
2 368 474
2 688 150
1 583
1 808
1 758
2 333 180
2 176 76
2 577 851
2 82 497
2 310 241
0
2 680 282
1 434
2 725 355
2 126 906
2 433 378
2 348 394
1 836
2 591 30
2 585 636
0
2 911 400
1 169
2 155 723
1 326
1 882
0
2 66 703
2 23 89
2 752 103
2 894 671
2 758 583
1 424
2 194 937
2 898 4
2 666 894
1 874
2 121 704
0
2 410 487
2 686 82
2 434 106
0
2 610 666
2 771 36
2 203 663
2 775 939
2 581 9
2 636 679
2 53 207
0
2 280 268
0
2 488 912
2 604 16
2 641 68
2 642 79
2 325 850
2 452 907
2 773 328
2 931 494
2 600 902
2 759 350
2 181 18
2 657 314
2 342 228
2 256 309
0
2 547 133
2 584 435
2 24 582
2 783 112
1 586
2 493 437
2 278 880
2 193 408
1 209
2 269 477
2 89 719
2 334 892
2 353 624
1 811
2 132 215
2 552 409
0
0
2 864 597
2 827 405
2 681 443
2 418 490
2 517 111
2 66 703
1 92
1 757
2 17 61
0
2 141 492
1 371
2 374 549
0
2 519 243
2 940 265
2 616 278
2 11 600
2 526 324
2 839 604
2 358 843
2 226 346
2 814 287
2 243 455
2 903 308
2 874 780
2 881 167
2 4 516
1 87
1 192
2 885 309
2 503 356
2 453 363
2 626 873
2 625 750
1 879
2 49 619
0
0
2 268 149
2 171 725
2 244 101
1 366
1 377
1 624
2 464 536
1 57
2 564 209
2 281 935
2 230 666
2 625 837
1 866
2 796 578
0
2 193 220
1 280
2 221 478
2 722 639
1 494
2 434 473
1 889
2 299 563
2 737 171
2 885 136
2 593 909
2 492 741
2 361 463
1 931
2 326 245
2 580 234
2 652 441
2 585 175
2 582 577
2 892 750
0
2 841 748
2 131 863
2 512 213
1 48
1 6
2 65 150
2 67 503
1 144
2 123 912
2 835 4
1 597
2 918 425
1 412
1 194
2 348 651
2 269 28
2 710 142
2 639 495
1 616
2 626 873
2 845 153
1 181
2 935 685
2 685 391
2 235 674
2 864 487
0
2 119 352
2 251 883
2 229 634
2 285 687
2 16 643
0
2 309 509
2 621 320
2 397 248
1 71
2 29 707
2 483 917
1 381
1 228
2 759 415
1 365
2 900 125
2 7 129
2 387 558
0
2 919 613
0
2 185 37
2 162 742
2 644 372
2 297 483
1 413
2 608 713
2 698 787
1 804
2 653 454
2 772 933
2 598 233
2 96 754
2 23 145
2 617 318
2 261 231
1 496
2 684 603
2 893 770
2 40 720
2 538 117
2 211 636
1 74
2 930 870
2 683 118
2 590 98
2 137 288
2 65 710
2 756 284
2 70 54
2 920 867
1 52
1 3
2 635 815
1 656
2 21 278
2 910 113
2 192 132
2 260 880
2 356 306
2 242 527
1 72
2 678 226
2 389 592
2 127 18
2 677 110
1 869
2 440 521
1 649
2 781 726
2 499 392
2 214 573
1 340
2 172 288
1 638
2 213 652
2 513 893
2 146 742
1 200
2 704 698
2 654 185
2 146 279
2 168 430
2 650 408
2 601 221
1 344
2 553 704
2 254 772
2 232 896
2 780 930
2 552 252
2 916 593
2 411 306
1 371
2 138 244
2 694 385
2 407 655
2 857 230
2 513 52
0
2 717 801
2 301 818
2 153 834
1 445
2 490 99
2 378 351
2 395 927
2 156 208
2 551 706
2 55 79
2 887 860
2 921 691
2 278 721
2 467 147
1 485
2 93 824
2 1 440
2 657 562
2 166 329
0
0
0
2 217 131
2 401 423
2 562 902
2 723 499
2 334 390
2 687 86
2 157 353
2 209 138
2 286 670
2 25 106
2 148 236
1 366
0
2 697 141
1 88
2 268 461
2 813 504
2 587 382
1 35
2 570 410
1 607
2 540 361
2 392 341
2 789 456
2 388 383
2 603 511
2 32 399
2 295 836
1 477
2 358 843
2 716 84
2 800 349
1 445
2 488 120
2 502 370
2 818 198
1 617
2 82 887
0
2 793 223
2 573 544
2 886 816
2 352 30
2 322 588
2 323 242
0
1 794
1 430
2 24 574
2 22 872
2 89 724
2 476 296
2 643 850
1 194
2 751 25
2 359 776
1 550
2 6 273
2 61 434
1 247
2 693 701
2 821 96
2 176 459
2 412 68
2 860 501
1 700
2 363 162
2 287 386
0
2 606 447
2 898 733
2 596 150
2 544 842
2 848 800
2 164 546
1 437
2 827 41
2 820 598
2 28 874
0
1 844
1 868
2 58 640
2 258 322
2 122 545
2 299 563
2 272 201
0
2 572 714
2 231 564
2 166 808
2 542 165
2 804 140
2 770 732
1 43
2 790 438
2 836 368
2 427 432
2 3 30
2 145 123
2 346 916
2 130 560
2 154 540
1 788
1 435
1 321
2 924 654
2 608 713
2 580 234
2 466 126
2 402 897
2 421 394
2 116 709
2 599 214
2 724 378
2 844 449
2 539 647
2 161 318
1 71
2 784 810
2 538 117
2 124 699
2 591 341
2 740 657
2 450 534
0
2 471 799
2 227 555
2 41 723
2 765 869
2 84 615
2 44 79
2 817 658
2 910 238
2 778 404
2 33 104
2 216 764
2 587 382
2 243 158
2 510 725
2 528 549
2 561 490
0
2 133 686
2 758 340
2 160 446
2 479 579
1 679
1 177
2 671 794
2 636 789
2 665 291
2 875 722
2 539 647
2 27 19
2 516 46
2 300 211
2 583 934
1 125
2 189 147
2 222 488
2 227 777
2 783 144
2 615 78
1 331
2 202 225
2 285 609
2 252 40
1 877
2 300 791
2 454 264
0
2 14 254
2 891 183
2 417 453
2 661 202
2 890 393
2 491 642
2 89 76
2 421 394
2 771 56
1 592
2 501 281
2 424 250
2 198 271
2 568 878
1 327
1 91
2 240 811
2 35 471
1 428
1 273
2 719 345
2 355 630
2 651 133
2 450 97
2 342 797
1 784
2 225 752
2 884 130
2 632 215
2 42 765
0
0
1 920
2 142 849
1 676
2 705 218
2 796 473
2 427 432
0
2 640 367
1 29
2 927 877
1 302
2 173 813
1 73
2 783 469
2 270 387
2 699 304
2 458 631
2 575 327
1 228
2 851 103
2 423 653
2 233 683
1 332
0
2 732 572
2 919 811
2 177 659
2 212 803
2 338 349
2 405 135
1 404
2 135 94
0
2 620 862
2 882 283
0
1 53
2 275 737
2 719 345
2 414 706
2 291 316
1 533
2 215 323
2 787 374
2 510 702
2 458 631
2 727 301
2 664 740
2 480 151
2 865 812
2 550 64
0
2 174 468
1 10
2 425 12
2 375 832
2 849 727
0
2 304 801
2 831 314
2 688 424
0
2 511 541
0
2 735 867
1 419
2 24 829
1 270
2 81 793
0
2 797 817
2 178 315
2 103 632
2 188 33
2 545 342
2 188 72
2 104 884
2 497 102
1 518
1 389
1 833
2 259 891
2 42 898
2 456 886
2 635 815
2 697 141
0
2 5 438
2 500 294
2 310 472
2 705 218
2 336 622
2 703 534
2 489 364
2 826 494
2 897 189
2 398 45
2 915 862
2 436 293
2 906 673
2 178 315
2 272 289
2 536 61
2 578 512
1 83
2 106 851
2 362 43
2 410 174
2 77 476
2 365 396
2 746 339
2 799 199
2 26 173
0
2 159 923
2 220 184
2 649 428
1 676
1 493
2 164 546
2 658 229
2 249 500
1 743
1 726
2 236 921
2 109 661
0
2 140 19
2 183 682
2 307 241
2 489 537
2 579 154
2 11 105
2 463 203
2 870 45
2 101 703
2 571 360
2 296 442
2 186 302
2 374 414
1 451
2 561 663
1 744
2 694 385
0
2 203 275
1 459
2 216 764
1 470
2 274 292
2 596 321
2 212 803
2 889 795
2 554 449
1 915
2 591 253
2 504 109
2 769 857
0
2 161 931
2 274 292
2 88 429
2 686 627
2 834 623
2 909 583
2 136 677
2 245 256
1 529
2 896 39
2 745 355
2 914 474
2 49 619
2 197 875
0
2 774 790
2 847 14
2 8 99
1 659
2 419 310
2 74 289
2 98 606
2 283 611
2 728 201
2 662 112
2 70 749
1 329
2 645 357
2 113 684
1 701
2 926 351
2 662 842
2 151 359
2 829 840
2 391 601
2 478 58
2 530 232
2 645 357
2 191 678
2 386 448
2 816 820
1 193
2 311 688
1 734
2 766 530
2 94 821
2 714 526
2 738 235
2 560 77
2 741 559
2 416 525
2 415 405
2 12 757
2 902 845
2 558 399
2 668 690
1 477
2 754 417
2 250 479
2 481 879
2 316 26
2 308 1
2 757 599
2 370 348
2 93 824
0
2 143 191
2 841 748
2 455 665
2 917 543
2 672 730
2 271 738
2 822 2
2 294 791
2 375 832
1 831
2 515 548
2 420 751
2 441 595
2 541 420
2 223 319
2 525 258
2 638 181
2 2 612
1 54
2 336 622
0
1 739
2 810 482
1 108
2 633 269
2 5 260
1 124
2 900 826
2 320 158
2 627 416
2 679 788
2 367 644
2 253 122
0
2 50 614
2 655 905
0
2 674 119
2 602 823
2 110 502
2 247 431
2 360 197
0
2 775 482
1 262
2 422 326
2 702 251
1 856
2 127 18
2 156 67
2 588 814
1 373
2 368 681
2 496 767
2 855 866
2 39 882
1 749
1 856
1 755
1 31
2 611 922
1 604
2 210 464
2 850 50
0
2 595 148
2 634 827
2 114 210
0
2 880 664
0
1 91
2 533 85
1 753
1 48
2 691 114
2 7 129
1 675
2 431 508
2 623 769
2 47 83
0
0
2 264 261
1 437
2 934 402
2 167 63
2 666 774
1 180
2 112 571
2 64 205
2 527 314
2 752 621
2 854 648
2 27 335
2 76 222
2 307 241
2 324 570
1 276
0
2 912 401
2 442 633
2 279 759
2 57 82
2 111 466
2 822 735
2 531 918
2 582 577
2 295 436
2 118 249
2 922 553
2 313 22
2 286 670
1 517
2 933 755
0
0
2 413 498
2 468 847
2 372 175
1 515
1 8
2 157 353
1 31
0
2 134 825
2 551 766
2 196 846
2 120 143
1 73
2 97 23
0
2 612 38
2 883 311
2 495 531
2 854 648
1 711
1 768
2 797 817
2 634 827
0
0
2 579 154
0
2 623 769
1 355
2 854 648
1 576
2 790 438
1 29
2 539 647
2 259 891
2 551 706
2 76 222
2 178 315
1 121
2 389 390
1 705
2 283 611
2 146 279
2 759 415
2 88 447
1 786
2 814 287
0
2 588 814
1 700
2 698 787
1 167
2 119 352
2 268 149
2 7 507
0
2 919 865
1 726
1 207
2 375 832
1 522
1 369
2 168 783
2 788 382
2 10 852
2 65 407
2 177 659
2 40 720
2 852 672
2 738 235
2 874 780
1 730
2 582 577
2 913 399
2 231 564
2 41 723
1 585
2 688 424
1 778
2 551 766
2 218 309
2 704 698
0
1 4
2 594 31
2 782 509
2 666 774
2 131 207
1 475
2 864 581
1 2
2 907 472
0
1 881
1 418
2 668 334
1 270
1 828
2 685 391
2 707 182
2 247 637
2 609 690
2 723 499
2 657 562
2 464 536
2 14 254
2 96 754
2 611 922
2 694 385
2 61 434
2 575 95
2 408 276
1 435
2 542 92
1 196
2 358 843
1 64
2 191 678
2 300 791
2 746 2
2 678 226
2 794 494
0
2 412 616
2 519 183
2 22 793
2 927 246
2 161 931
0
1 907
2 57 82
2 845 153
0
1 339
0
1 906
0
1 543
2 456 886
2 260 880
1 223
2 512 213
2 860 501
2 16 643
2 510 702
2 26 173
1 180
2 587 382
2 778 404
0
2 772 933
2 912 401
1 280
2 333 863
2 401 423
1 844
1 310
2 541 420
1 552
2 488 120
2 613 507
2 49 619
2 620 457
2 131 519
2 188 33
1 9
2 463 203
2 796 578
2 741 280
2 765 518
2 712 895
2 215 323
2 334 610
2 896 39
2 136 677
2 189 147
1 195
1 490
2 608 713
1 159
1 46
2 664 740
2 157 353
2 746 53
0
1 179
2 780 930
2 855 866
2 697 141
2 538 24
1 682
2 109 661
2 843 338
2 388 444
2 194 602
2 98 606
1 650
2 151 359
2 674 119
2 89 76
0
2 250 479
2 104 884
0
2 513 893
2 467 163
2 783 469
2 589 428
2 58 640
0
2 549 7
2 582 577
2 441 595
2 615 78
2 81 11
0
2 138 244
2 732 572
0
2 55 245
2 902 845
1 486
2 884 130
1 660
2 561 460
2 773 859
2 172 690
1 168
2 501 281
1 466
2 261 231
0
2 355 715
2 933 755
0
2 113 684
0
2 561 630
1 503
2 756 20
2 93 16
2 782 509
2 910 99
2 214 573
2 111 833
2 366 115
2 324 570
1 600
2 357 528
2 125 750
2 437 800
1 350
1 200
2 816 820
1 890
2 757 599
0
2 165 299
0
2 360 197
2 226 346
1 629
1 671
2 166 375
2 351 85
2 427 432
2 529 491
2 427 432
2 291 316
0
0
2 1 440
2 930 870
2 479 579
1 224
1 679
0
2 378 586
2 148 236
0
2 171 725
2 49 619
1 89
2 883 311
0
1 914
2 264 261
2 683 118
2 43 565
0
0
2 916 593
1 758
2 900 826
2 299 563
2 716 84
2 495 531
1 861
2 454 264
2 564 209
0
2 458 574
2 163 217
2 60 643
0
0
2 203 275
0
1 62
2 244 101
2 370 348
0
1 889
1 70
0
2 262 753
2 164 546
2 233 683
0
2 362 43
1 675
2 476 296
2 553 704
2 481 879
0
2 710 142
2 540 361
1 75
2 571 360
1 132
0
2 935 685
1 581
0
2 133 686
2 777 638
2 420 751
2 886 816
2 193 220
2 559 515
1 305
2 596 150
2 584 846
2 662 112
2 156 208
2 416 525
2 527 314
2 714 526
1 91
2 316 26
2 662 842
2 235 674
2 313 318
1 303
0
1 83
1 800
1 368
2 143 191
1 745
2 526 324
0
1 903
2 363 162
0
2 124 51
0
2 151 385
2 529 462
2 580 234
1 513
2 286 670
2 94 821
2 422 115
2 162 742
0
1 542
1 840
2 387 558
0
2 193 220
2 918 425
0
0
2 686 627
2 11 831
2 591 253
2 636 789
1 699
1 73
2 849 727
2 311 688
2 450 97
0
2 188 895
0
0
0
2 851 103
1 47
2 160 309
2 78 332
0
2 679 920
1 183
2 6 273
2 243 158
2 289 116
2 866 6
2 684 603
0
2 252 667
2 18 616
0
1 605
1 624
2 101 703
1 411
2 767 303
2 5 260
2 885 136
0
2 813 504
2 372 175
1 411
2 154 540
2 128 543
1 486
2 804 140
1 924
0
1 850
2 903 79
2 379 288
2 236 921
2 697 141
2 99 376
2 285 227
2 268 149
2 221 478
2 632 215
2 93 824
2 164 67
2 424 250
2 530 232
2 471 195
2 177 659
0
0
2 415 405
2 216 764
1 856
2 262 694
2 442 633
1 413
1 735
0
0
0
1 700
0
2 307 241
1 894
1 904
2 336 622
1 492
2 209 138
2 836 846
2 62 761
2 453 363
1 64
0
2 142 849
1 516
2 21 351
2 185 620
1 810
2 661 202
2 560 77
2 137 373
0
2 538 117
0
2 719 345
2 388 404
2 74 289
2 5 438
2 65 710
1 139
1 21
2 491 265
1 535
2 253 122
2 423 653
0
2 118 249
1 890
2 35 762
2 213 652
2 578 512
2 197 875
2 868 288
0
2 494 625
2 789 456
2 804 140
2 583 934
0
2 668 29
2 33 104
2 120 143
2 822 735
2 752 621
0
2 621 320
2 673 439
1 586
0
2 297 862
2 326 245
1 618
1 928
1 701
0
0
1 185
2 787 374
2 32 418
2 200 898
2 90 576
1 689
1 832
2 173 813
1 927
1 484
2 157 353
2 295 71
1 612
2 202 225
2 889 317
0
2 544 842
0
2 106 851
1 147
1 898
2 645 319
2 555 446
2 470 68
0
0
0
1 8
0
2 671 696
0
2 450 534
1 729
2 868 837
0
2 243 455
2 720 339
1 925
2 28 874
2 458 631
2 123 912
2 929 692
2 97 23
2 573 544
1 861
1 383
2 737 171
2 98 606
0
2 352 30
2 269 28
0
2 751 25
0
0
1 480
1 709
2 421 394
0
2 366 69
1 628
2 497 436
1 54
2 194 602
2 374 414
0
2 69 312
1 630
2 893 770
2 323 242
2 677 110
2 904 826
2 350 175
2 478 58
2 834 623
2 279 759
2 850 50
2 296 442
1 42
2 111 37
0
2 254 772
0
0
2 322 588
1 52
0
0
2 525 258
2 274 292
2 468 847
2 227 80
2 775 389
1 854
1 600
1 528
2 821 96
2 167 63
2 598 233
0
2 391 601
2 224 569
1 747
2 921 691
1 913
2 178 315
1 554
2 192 132
2 25 106
2 639 495
2 146 742
2 853 44
2 887 860
1 297
1 550
2 24 641
1 503
2 286 670
1 15
1 734
2 727 301
2 405 135
0
1 81
1 327
2 160 607
2 557 460
1 493
0
2 47 256
2 820 598
1 48
2 545 342
2 645 357
2 230 666
2 574 739
2 23 145
0
2 593 909
2 455 665
2 793 223
1 773
2 426 617
2 489 537
2 796 473
2 511 541
2 266 381
2 562 902
1 810
2 740 657
2 307 241
2 361 463
2 470 753
2 770 732
1 88
2 198 271
1 585
1 446
1 20
2 691 114
0
0
0
0
2 210 464
0
2 502 370
2 608 713
2 658 229
2 212 908
2 474 54
0
0
2 775 80
2 515 59
2 150 196
1 878
1 837
2 626 873
2 533 85
2 274 292
1 247
2 259 891
2 161 931
2 252 835
2 402 897
2 395 873
2 626 377
2 166 176
2 222 488
0
0
2 364 465
2 724 435
2 107 756
2 824 792
2 31 17
2 880 664
0
1 376
1 812
2 817 658
0
2 792 206
2 320 158
0
2 841 748
2 827 41
0
2 367 644
0
0
2 922 553
2 407 728
2 445 823
2 249 500
2 39 882
0
2 422 920
2 301 818
2 777 228
1 137
2 652 441
2 342 797
2 336 622
1 739
1 869
2 103 632
2 728 228
2 839 749
0
1 835
2 563 647
0
0
2 348 651
2 924 72
2 410 174
2 504 109
2 919 865
2 492 313
1 270
0
2 870 45
1 121
2 917 928
2 232 896
2 627 416
2 841 748
2 719 521
2 134 596
2 50 750
0
2 590 743
1 555
2 414 706
2 909 583
2 500 294
2 392 341
0
2 346 916
2 281 935
2 258 322
2 12 757
0
2 601 221
2 242 527
0
1 431
2 716 84
0
2 707 604
2 417 453
2 310 833
1 597
2 445 823
1 57
2 885 872
2 44 929
1 549
2 124 51
2 708 429
2 240 176
2 591 341
2 153 834
0
2 412 349
0
1 597
2 635 815
2 774 790
1 624
2 818 198
0
1 489
1 743
0
2 135 94
2 1 440
2 130 560
1 380
0
2 477 786
1 35
1 426
2 897 189
2 635 815
1 449
2 580 234
1 642
2 67 589
2 327 615
1 517
1 419
1 246
2 181 240
2 304 371
1 8
1 828
2 575 516
2 644 372
2 77 476
2 765 518
2 840 42
2 425 12
2 287 386
1 273
2 394 144
1 726
2 156 208
2 722 639
2 387 558
1 32
1 547
2 82 887
2 613 201
0
2 766 530
2 769 857
2 633 269
2 587 899
2 434 473
2 830 439
2 112 571
2 110 502
2 603 511
1 625
1 181
2 172 293
1 831
2 618 901
0
1 102
2 347 537
0
1 660
2 271 738
2 174 468
2 863 332
2 599 214
0
1 496
0
2 572 714
2 362 807
2 469 59
0
2 705 218
0
2 754 417
2 294 791
0
0
2 531 918
2 721 900
0
1 125
2 481 879
2 386 448
1 758
2 882 283
0
2 483 917
1 461
2 906 343
2 693 497
2 510 725
2 114 210
2 847 14
2 275 737
2 145 123
2 229 634
2 397 871
2 216 764
0
0
0
0
2 295 71
2 702 251
1 741
2 788 649
2 640 367
1 801
2 496 767
2 934 402
2 570 410
2 910 113
2 536 61
2 300 211
1 338
2 566 9
0
2 122 545
2 651 133
0
2 653 454
2 277 517
1 326
2 40 408
2 703 534
2 654 744
2 499 392
2 212 803
2 225 752
2 878 429
2 192 629
2 211 636
2 567 100
2 857 230
2 595 148
2 665 291
1 306
2 251 883
2 875 722
