1582 1458 1341
2 1226 215
2 1058 760
2 1171 78
2 92 1200
1 737
2 1292 955
2 1130 1260
2 503 403
2 1258 423
2 1211 153
1 388
2 69 122
2 798 441
2 427 626
2 1229 250
2 232 542
2 972 554
2 356 472
2 333 745
2 275 1000
2 205 242
2 592 774
2 46 1215
2 681 838
2 1090 10
2 253 521
2 194 84
2 1360 919
2 554 538
2 338 170
2 1428 21
2 1021 1382
2 1070 1136
2 599 1182
2 1443 364
2 17 699
2 1326 675
2 772 702
2 722 183
0
2 232 714
2 1027 1330
2 559 877
2 215 1268
2 639 467
2 525 1366
2 954 585
2 1387 1282
2 1169 416
2 669 296
2 631 1111
2 957 1092
2 1440 1120
2 782 244
2 190 291
2 234 984
2 219 762
2 690 227
1 150
2 344 1321
2 786 249
1 108
2 1092 1389
2 1308 746
2 1099 194
2 677 657
2 1290 1324
2 1458 178
1 750
2 1038 588
2 1232 449
2 233 1376
2 444 1440
2 658 89
2 1100 966
2 1291 168
2 1421 293
2 71 1114
2 36 321
2 451 464
2 1404 917
2 464 386
2 1148 501
2 894 780
2 1146 879
1 851
2 362 1095
2 408 305
2 379 1053
2 608 987
2 895 317
2 1270 38
2 145 266
2 1039 713
2 1313 1007
2 1062 163
2 53 1413
2 612 805
1 599
2 121 1051
2 909 1423
2 613 1339
2 1220 943
2 1250 67
2 852 1296
2 1180 1340
2 718 976
2 348 1087
2 484 886
2 50 659
2 1158 846
2 34 741
2 712 964
2 959 1202
2 806 347
2 1193 5
1 411
2 373 1140
2 983 17
2 197 532
2 496 828
1 956
0
2 90 1207
2 1155 237
2 543 1228
2 509 421
2 790 64
2 806 347
2 1018 1042
2 1208 564
2 955 547
2 861 1216
1 183
2 1089 1217
2 675 88
2 133 1199
2 1276 431
2 1 294
2 160 22
0
1 1361
1 297
1 832
2 1294 1353
2 1187 1444
2 900 1005
2 655 165
1 869
2 273 157
2 4 445
0
2 131 299
2 343 1456
2 135 763
2 1218 321
2 531 844
2 1194 1220
2 510 1098
2 283 964
2 884 817
1 338
2 888 83
2 114 530
2 686 1439
2 1412 1433
2 1418 1292
1 930
0
2 1307 1219
2 407 998
2 200 516
2 1411 1384
2 280 66
2 368 1253
2 7 332
2 252 1024
2 1373 660
1 733
2 863 769
2 345 352
2 1239 619
2 722 346
2 1083 274
2 749 131
2 1291 1060
2 37 1323
2 1141 1301
2 664 819
1 679
2 5 158
2 1011 264
0
2 201 1319
2 1280 514
2 605 398
2 1299 146
2 658 946
2 937 906
2 1033 425
2 1218 920
2 1010 709
2 637 621
2 1239 619
2 296 341
1 298
1 366
2 532 349
2 216 471
2 1113 934
2 625 757
2 742 286
1 1337
1 303
2 11 1196
2 167 958
2 1309 897
2 694 1132
2 602 111
2 1001 148
1 480
2 1100 283
2 1075 576
2 432 779
2 1304 604
2 711 1252
2 1056 368
2 857 772
2 1426 1213
1 1172
2 940 1023
2 1357 1032
2 969 95
2 898 87
2 885 1089
2 447 74
2 239 383
2 1214 1335
2 767 1045
2 877 537
2 371 356
2 413 1367
1 63
2 324 959
2 820 568
2 326 927
2 290 395
2 70 44
2 358 1309
2 1385 27
2 1270 1396
2 188 240
2 710 362
2 1116 1141
2 992 1294
2 598 863
2 1351 842
2 847 773
2 530 1283
0
2 1439 228
2 45 911
2 48 185
2 591 912
2 310 668
2 948 555
2 276 1443
2 502 434
2 282 866
2 85 1007
2 1375 246
2 951 777
2 1442 220
2 235 795
2 40 980
2 1261 876
2 279 252
2 687 1193
2 513 989
2 1282 299
2 159 1019
2 915 8
1 943
2 595 597
2 1266 1105
2 428 466
2 1073 771
0
2 404 852
2 1230 1300
1 778
2 1349 1330
2 995 371
1 542
2 1179 941
2 641 723
2 993 358
2 871 947
2 1327 19
2 1363 1126
2 169 351
2 317 754
2 1025 145
2 1429 581
0
2 1165 373
2 180 1032
1 616
2 226 655
1 340
2 1345 422
2 1199 284
2 1442 1
2 461 1002
2 1437 1431
1 1378
2 153 239
1 957
2 1336 1189
2 374 736
2 698 426
2 1232 544
2 1038 840
2 105 1015
2 1209 761
2 545 41
2 1306 223
2 812 1137
1 337
2 791 61
2 380 975
1 387
2 1076 1198
2 1259 1080
1 635
2 3 382
2 365 878
2 573 953
2 970 1184
2 59 198
2 768 1310
0
2 890 27
2 1035 1372
2 442 647
2 500 1414
2 106 802
2 463 1275
2 206 1181
2 1124 325
1 744
2 410 65
2 1448 1107
2 741 1221
2 868 375
2 1254 831
2 256 1227
2 756 939
2 65 1091
2 285 928
2 1441 372
2 269 801
2 173 859
2 1380 77
2 89 211
2 245 193
2 716 1347
0
1 174
2 441 334
2 1204 1332
2 831 272
2 1279 82
0
2 1235 639
2 43 497
2 222 851
2 363 945
2 696 206
0
1 1064
1 504
2 808 644
2 1029 58
2 18 536
2 87 622
1 966
2 845 1308
2 945 1006
2 1161 86
2 44 476
2 387 1001
1 901
2 891 1151
2 1133 438
2 575 1377
2 1303 348
2 506 911
2 848 1402
2 661 81
2 1267 814
1 551
2 967 596
2 288 481
2 481 1302
2 430 994
2 456 1167
2 1207 597
2 570 857
2 327 493
2 21 803
2 1094 922
2 823 792
2 1441 1222
2 383 1065
0
2 94 511
2 944 653
2 866 13
1 1216
2 994 30
2 349 256
2 1019 469
2 120 609
2 82 108
2 140 1315
2 86 353
2 606 1243
1 621
1 42
2 381 1121
2 1329 187
2 129 1236
2 636 510
1 346
2 976 517
2 1172 664
2 1298 602
2 683 493
2 98 384
2 519 1139
2 20 1012
2 572 1287
2 1142 318
2 1015 995
2 789 933
2 1390 1363
2 818 191
2 1102 47
2 674 847
2 270 331
2 578 582
1 1016
2 1424 1068
2 794 281
2 390 968
2 1393 1234
2 1279 581
2 1403 1214
2 1037 290
2 1195 295
2 587 9
2 1256 797
2 1387 1284
2 805 925
2 881 236
1 1094
2 1341 1393
2 1021 304
2 622 32
2 1041 1255
2 1203 1120
2 1044 1013
2 186 775
2 229 136
2 545 781
2 440 1368
2 1315 804
2 952 1375
2 685 316
2 1077 1031
2 775 1344
2 490 907
2 34 637
2 500 115
2 1006 662
2 225 1362
2 1030 687
2 987 726
2 1082 63
2 512 1314
2 1096 1074
1 396
2 974 181
2 577 60
2 124 142
2 257 1430
2 73 1352
2 567 1268
2 1112 1222
2 684 1150
2 771 972
2 787 473
2 1153 610
0
2 1181 288
2 404 129
2 568 1003
2 611 860
1 1322
2 281 845
2 1010 953
2 297 474
2 468 584
2 988 1298
2 438 594
1 113
2 942 1346
2 810 986
1 233
2 1036 1400
2 1217 160
2 980 1056
2 616 1191
2 1427 1326
2 184 1278
1 1273
2 417 1170
1 518
2 1300 909
1 596
1 749
2 522 1361
2 649 930
2 217 614
2 850 247
2 1101 1073
2 12 898
2 1139 280
2 531 881
2 295 546
2 565 717
1 375
2 344 631
2 652 1356
2 127 1335
2 1099 123
2 331 565
2 10 853
1 117
1 611
2 255 1213
1 231
2 670 810
2 125 938
2 589 1409
2 683 1320
2 144 872
2 1340 1259
2 882 208
2 421 891
2 417 984
2 574 278
2 409 1405
1 1229
2 71 435
2 560 607
2 58 1210
2 671 323
2 352 751
2 991 101
2 357 33
2 970 260
2 1338 678
2 384 1028
2 171 646
2 765 580
0
2 467 498
2 1413 327
2 258 1313
2 319 1002
2 714 101
2 1429 1135
2 397 164
2 1397 1406
2 85 617
2 1371 429
2 1285 1145
2 549 1175
2 1386 80
2 566 405
2 1050 903
1 999
2 1064 918
2 1054 35
2 854 1026
2 904 1025
2 313 211
2 386 1103
2 859 1418
2 552 380
2 755 606
2 630 1362
2 601 954
2 29 246
2 1249 1124
2 624 314
2 394 1115
2 948 555
2 535 1080
2 19 990
2 154 737
2 274 1131
2 519 1433
2 1081 508
2 826 873
2 1230 1354
2 591 901
2 689 1379
2 1159 1370
2 1381 629
2 870 579
2 307 225
0
2 6 1276
2 1068 75
2 345 651
2 841 1072
2 328 271
2 1319 735
2 341 1097
2 128 98
2 1392 244
2 1152 773
2 910 920
2 399 214
2 1093 37
2 1328 1070
2 799 251
2 385 141
2 547 681
2 668 515
2 740 692
2 1297 1245
2 1088 1183
2 31 918
1 1351
2 1180 676
1 392
2 1047 448
2 1164 408
2 862 858
2 1067 965
2 1381 887
2 277 950
1 590
2 469 809
2 1136 1289
1 704
2 1008 766
2 496 828
2 315 1071
1 865
2 507 1106
2 389 725
2 704 858
2 122 916
2 29 130
2 193 52
2 1372 1275
2 99 424
2 922 1205
2 1286 698
2 1430 926
2 874 419
2 1110 282
2 176 1422
0
2 79 1024
2 342 126
0
2 332 276
2 1323 1112
2 834 1043
2 458 137
2 691 1134
0
2 876 1328
2 563 415
2 830 977
2 968 1086
2 1415 978
2 459 374
2 1087 114
2 879 216
2 434 369
2 1168 1317
2 261 205
2 1395 516
2 1316 899
2 219 1293
2 1039 1434
2 889 125
2 699 1336
2 977 241
2 1263 875
2 133 540
2 147 55
2 495 791
2 762 212
2 1166 1311
2 594 301
2 175 1157
1 1226
2 717 1075
2 148 1289
2 745 1240
2 1065 1364
2 604 370
2 1052 701
2 910 849
2 1162 648
2 752 1008
2 242 428
2 758 483
2 126 553
2 394 743
2 433 913
2 1166 1344
2 642 268
2 774 177
2 1144 1345
2 418 49
2 1322 224
2 1156 564
2 650 494
2 903 453
2 1350 759
2 796 743
2 884 840
2 1095 788
2 607 229
2 209 979
2 1084 151
2 776 558
1 392
2 1331 1143
2 266 1254
2 1031 961
2 488 120
2 54 830
2 1288 1096
2 735 1102
2 26 778
2 818 667
2 1052 835
2 174 462
2 287 1036
0
0
2 1269 25
2 489 1233
2 855 1438
2 1338 678
2 1227 1138
2 769 570
2 457 707
1 482
2 1332 390
2 816 1408
2 908 139
1 1284
2 57 1450
2 1022 728
2 800 248
2 764 1173
2 452 534
2 175 902
2 279 892
2 435 1190
2 350 688
1 981
2 395 1329
2 1169 84
2 815 40
2 1004 1409
2 653 72
2 643 1149
2 612 826
2 697 376
2 1296 1248
2 654 864
0
2 3 928
2 1277 100
0
2 1389 618
2 300 1241
2 240 1304
2 721 64
1 1412
2 1451 706
2 389 934
2 1342 107
1 354
2 557 172
2 150 204
2 896 179
2 1379 458
2 486 999
2 753 689
1 1105
2 720 1205
2 446 835
2 119 623
2 471 883
2 1041 1255
2 378 936
2 76 747
2 1297 1455
2 1388 944
1 470
2 1398 885
1 921
2 1237 177
1 609
2 923 1434
2 454 363
2 1176 572
2 1357 1114
2 1402 871
2 654 25
2 220 477
2 109 138
2 1016 81
2 667 1154
2 313 1115
2 485 1044
2 1347 1164
2 586 527
2 1185 793
2 187 1444
2 314 359
2 1290 971
2 682 561
2 1346 499
1 688
1 226
2 1374 1391
2 650 1414
2 776 730
1 1287
2 838 322
2 1188 723
2 1258 1457
1 759
2 165 320
2 785 780
2 1107 1108
2 1017 1348
2 1069 837
2 397 164
1 1154
2 1125 566
2 217 166
2 113 487
2 541 1293
2 1061 1312
2 168 26
1 626
2 343 1456
2 986 432
2 1283 410
2 888 228
2 1091 526
2 853 1118
2 1224 949
2 975 1161
2 360 605
2 1045 1069
2 1407 319
2 573 443
2 649 956
2 213 533
1 544
2 1145 595
2 1231 603
2 1085 1447
2 548 673
1 1266
1 679
2 1046 143
2 982 231
2 149 269
2 761 443
2 199 507
2 1028 28
2 4 445
2 1127 357
2 335 569
1 1241
2 2 1244
1 391
2 946 524
2 672 809
2 1318 442
2 897 190
2 764 1173
1 1394
2 1059 767
2 603 83
2 110 804
2 645 1143
2 584 18
2 444 629
2 1312 478
2 1005 575
2 1243 502
2 202 563
0
2 312 146
2 30 870
2 1396 1037
2 411 709
2 336 400
2 694 1132
2 1339 731
2 973 329
1 243
2 1209 140
2 1448 416
2 450 992
2 33 1303
2 1407 1190
2 1426 300
2 401 1022
2 740 733
2 985 1432
2 1295 70
2 291 983
2 1325 412
2 1316 1140
2 550 15
2 989 646
2 1219 1334
2 1130 1260
2 182 166
2 141 962
2 792 1251
2 1278 1109
1 494
2 923 1147
2 896 1280
2 1365 1160
2 894 710
1 1269
2 1093 912
2 476 257
2 431 2
2 1236 558
2 1040 385
1 1436
2 437 1212
2 156 695
2 867 286
0
2 1078 669
2 932 916
2 118 784
2 1158 474
1 917
1 551
1 979
2 353 666
2 1257 97
2 1324 1247
2 210 112
2 62 330
2 498 1355
2 370 311
0
2 486 79
2 1104 450
1 1197
2 247 1127
2 580 1011
2 967 382
2 680 1437
1 23
2 671 323
1 1051
2 116 324
1 104
2 1195 258
2 488 848
2 503 179
2 478 479
2 455 143
2 414 660
2 824 1221
0
2 935 308
0
1 213
2 1117 907
2 788 388
2 419 182
2 479 144
2 873 729
2 505 680
2 1419 960
2 360 470
2 836 1391
2 703 1446
1 865
2 196 147
2 914 1116
2 102 96
2 307 326
2 511 201
2 795 289
2 264 718
2 1242 75
2 171 524
2 817 123
2 526 245
2 1018 367
2 832 429
2 561 325
2 305 1271
2 846 1231
1 578
2 1321 541
2 712 91
2 1126 456
2 1454 1153
2 924 1264
2 241 94
2 674 1108
2 359 825
2 74 265
2 1026 1306
2 267 1122
2 1404 1128
2 785 1117
2 628 807
2 796 760
2 1244 437
2 1233 1104
2 135 763
1 589
2 713 739
2 517 601
2 253 512
2 592 1129
2 414 827
2 1097 1342
2 1263 875
2 1416 593
2 1245 1428
2 195 161
2 969 95
2 506 841
2 169 351
2 862 1188
0
2 663 1046
2 1364 1390
1 377
2 181 1054
2 334 1371
2 265 716
1 1382
2 1168 224
2 376 827
2 1242 1201
2 579 1369
2 933 902
2 746 261
2 620 1110
2 610 812
0
2 1138 1133
2 251 1020
1 1376
2 1238 457
2 738 102
0
2 1265 399
2 222 499
2 1156 1128
2 527 342
2 223 550
2 1151 328
2 1367 834
2 461 1237
0
1 1176
2 750 402
2 825 705
2 68 748
2 103 119
2 1003 105
1 781
2 1066 690
2 1378 1256
2 272 116
0
2 641 298
2 942 236
2 783 1285
0
2 492 583
2 864 391
2 1337 588
2 302 235
2 921 163
1 748
2 310 1238
2 1086 1401
2 556 263
2 514 1063
2 69 337
2 880 403
2 645 971
2 1369 559
2 720 1090
2 1057 306
1 1208
2 1274 1034
1 361
2 666 14
2 1137 46
2 107 673
2 1203 340
1 1201
2 11 1196
2 117 284
2 490 1235
2 546 427
2 439 1305
2 1246 727
2 973 562
2 1184 199
2 320 1186
2 189 454
2 1354 355
2 80 1192
1 31
2 100 1343
2 754 270
2 61 642
2 813 505
2 725 721
1 842
2 115 798
2 1074 895
2 1088 1183
2 52 1420
2 961 7
2 1202 1399
2 1131 472
2 1373 48
2 513 1360
1 1171
2 55 1386
2 1423 477
2 1020 1061
2 436 800
2 1310 608
2 227 339
2 294 520
1 1119
2 1192 1288
2 634 379
2 535 905
2 1155 237
2 931 420
1 254
2 308 1179
2 1071 127
1 816
2 176 919
2 56 1182
2 1228 1162
2 311 1267
2 1416 207
2 625 757
2 963 914
1 1331
2 770 109
2 1009 613
2 1247 234
2 210 62
2 460 624
2 293 509
2 839 43
2 892 1129
2 727 1040
2 1234 1084
2 958 1250
2 1374 93
1 78
2 161 1246
2 16 932
2 1027 455
2 1240 1204
2 39 1014
2 484 686
2 1149 839
2 13 361
1 908
2 1281 522
2 463 200
0
2 1281 724
2 652 1317
2 1359 316
2 938 495
2 483 1355
1 250
2 633 782
1 887
2 1359 339
2 151 1050
0
2 1320 833
2 453 719
2 647 12
2 407 614
2 1384 732
2 1435 765
2 66 843
2 426 436
2 1271 1159
2 97 821
2 648 1286
1 1392
2 415 336
2 534 1435
2 14 152
2 366 23
1 1356
2 719 401
2 418 49
2 88 180
2 1163 890
1 1121
2 367 708
2 941 752
2 1109 406
2 263 1125
2 106 1383
2 318 985
2 915 8
1 1004
2 937 68
2 734 560
2 465 333
2 249 197
2 1395 1425
2 112 355
2 1103 552
2 751 799
2 1399 173
2 521 1060
2 587 1055
2 952 51
1 9
2 209 184
2 192 1454
0
2 715 682
2 1174 998
2 214 628
2 872 993
2 1343 1048
2 1419 960
2 1253 1325
2 744 996
1 883
1 656
2 553 287
2 393 186
2 787 398
0
2 1150 1453
2 1049 829
0
2 32 459
2 736 755
2 615 54
2 139 904
2 1048 189
2 396 207
2 868 590
2 1119 1042
2 203 430
2 412 1059
2 104 255
2 1314 849
2 693 734
2 1043 134
2 230 1178
2 633 540
2 1081 508
2 1098 451
2 1210 963
2 931 420
2 1370 557
2 268 696
2 640 1358
2 1257 406
2 539 365
2 1189 640
2 662 889
2 950 1388
2 856 738
2 1215 815
2 381 1035
2 304 91
2 440 1368
2 732 53
2 170 823
2 1198 155
2 149 218
2 1177 1455
2 124 142
2 758 1394
1 480
2 819 803
2 518 869
2 1353 1307
2 627 1411
2 425 159
2 446 991
1 77
1 221
2 35 73
2 157 820
2 405 452
2 1167 24
2 462 886
2 1012 196
2 309 1311
2 1400 192
2 1057 306
1 36
2 929 533
2 940 1023
2 860 528
2 90 378
2 574 278
2 784 677
2 700 638
2 833 924
2 808 1452
2 1212 259
1 1410
2 309 692
2 630 571
2 861 1165
2 997 285
2 536 768
2 1272 543
2 154 789
2 623 549
2 700 583
0
2 747 273
2 1458 178
0
1 562
2 15 813
2 482 701
2 377 661
2 538 277
1 1262
2 1177 981
2 449 1152
2 807 1077
2 475 1142
2 1445 821
2 855 1438
2 1017 1348
2 962 132
2 996 501
2 1380 221
0
2 638 893
2 289 529
2 1111 1223
2 39 1014
2 1405 1272
2 238 1398
1 900
2 1453 1030
2 1349 1083
2 697 1327
2 1123 1144
2 1067 57
2 703 1446
2 567 577
2 756 939
2 702 1449
2 1422 874
2 1063 618
2 1274 185
2 158 1009
2 1146 790
2 1401 262
2 1334 1417
2 632 802
2 138 691
2 1406 615
2 1301 1421
2 1224 949
2 413 1206
2 779 188
2 515 51
0
2 1118 1062
2 1033 1160
2 47 598
1 1085
0
2 1066 1450
2 487 1163
2 275 1000
2 1432 1427
1 843
2 491 1436
2 400 600
2 569 409
2 1417 753
0
2 1034 1333
2 466 1295
2 422 586
2 1049 829
2 878 556
2 537 1101
2 1410 212
2 38 1261
0
2 893 1350
2 925 1122
2 936 1187
2 695 468
2 72 202
2 786 523
2 1175 335
2 1135 1249
2 1305 627
2 1134 525
2 1415 978
2 136 315
2 1148 260
2 1366 711
2 926 935
2 402 617
2 731 447
2 665 1425
2 24 1318
2 1277 766
2 836 56
1 1072
2 248 195
2 372 1445
2 705 854
2 726 1397
2 497 20
2 593 491
2 1420 636
2 811 770
2 882 208
2 99 424
2 152 634
2 137 465
2 997 393
2 793 693
0
2 990 1273
2 1385 1333
2 1113 312
2 132 1123
2 656 929
2 1058 906
2 730 1174
2 172 643
1 739
2 364 118
2 585 1185
2 1248 742
2 1451 93
2 1053 794
2 837 856
1 1197
2 576 76
2 322 684
2 16 1365
2 259 1076
2 433 913
1 951
0
1 1452
1 523
2 1302 167
1 1082
2 708 191
2 485 965
2 665 267
2 41 134
2 783 1457
2 632 292
2 155 439
2 822 1225
2 111 729
1 1251
2 822 1225
2 1194 672
2 1170 1262
1 492
2 1431 1341
2 1377 218
2 824 620
2 728 238
2 448 1206
2 1223 571
2 1079 156
2 657 539
2 1252 651
2 1299 582
2 1013 60
2 96 128
2 59 198
2 354 130
2 292 1106
2 473 777
2 600 974
2 529 302
2 867 1157
2 844 880
2 92 423
2 1403 520
2 254 899
2 1358 1079
2 369 1265
2 50 659
2 947 905
2 982 204
2 548 103
2 1449 670
2 1352 475
2 28 1078
2 45 1383
1 988
2 1047 1447
2 715 797
2 504 635
2 685 243
2 271 6
2 676 707
2 1264 489
2 303 1424
2 814 811
2 262 162
2 644 42
2 230 1178
2 121 1200
2 1408 663
2 706 1211
2 1186 329
2 162 1029
2 110 724
2 350 1055
2 330 801
2 301 460
2 67 850
2 22 203
2 528 927
0
2 77 636
1 1291
1 217
2 67 813
2 99 465
2 1218 1043
1 81
2 980 833
2 887 1238
0
0
2 1285 222
2 274 610
2 699 189
2 1312 631
2 1202 901
2 1231 1219
2 800 707
2 1029 300
2 727 802
1 553
2 158 114
2 159 668
2 174 32
2 709 1254
0
0
2 901 478
2 73 1227
2 642 519
2 446 10
2 5 1256
1 469
2 957 822
2 430 759
2 1222 651
2 523 1123
2 1015 122
0
1 1025
1 298
2 1140 528
2 1115 391
1 516
2 738 915
2 294 263
2 40 1154
1 943
2 419 173
2 824 876
2 40 1154
2 1197 881
2 110 244
2 1225 688
1 1219
2 1085 18
2 210 1211
1 1109
2 853 1065
2 1160 1203
1 299
0
2 115 951
2 441 919
2 390 524
1 156
2 434 455
0
0
1 1142
1 1119
0
1 315
2 1157 931
2 33 91
2 1080 695
2 760 686
2 789 371
2 265 309
0
2 309 318
0
2 850 221
1 1217
2 120 431
1 637
2 218 453
2 536 677
2 1153 345
2 307 1286
0
2 842 774
2 718 702
2 508 418
2 622 194
2 278 585
1 766
1 571
2 934 507
2 767 1146
2 1097 143
2 853 884
2 270 1100
2 392 1289
1 929
2 1087 836
2 1339 525
1 898
2 1239 1325
1 1253
1 803
2 68 363
2 34 290
2 487 11
2 1293 594
2 366 351
0
2 551 430
2 230 877
2 200 16
2 539 1242
2 184 1106
2 841 397
2 913 854
2 578 944
2 482 696
2 874 328
2 481 487
1 607
2 488 866
2 465 1171
2 30 564
0
2 871 935
2 651 139
2 192 161
2 674 927
1 1012
2 454 749
1 424
2 808 964
0
1 1068
2 310 1216
0
0
2 375 985
2 680 936
2 326 1188
2 1223 51
1 760
2 481 384
2 640 164
2 29 400
0
0
1 165
2 1251 1161
1 1116
0
0
2 1234 357
2 360 130
1 618
1 457
2 1205 99
2 810 589
1 1221
2 125 798
0
2 787 568
2 303 991
2 534 669
2 1013 404
2 1283 1337
0
2 846 597
1 313
2 1214 1264
2 719 141
2 873 878
2 1015 122
1 615
2 552 793
2 397 1247
2 589 247
2 288 892
2 627 425
2 1020 504
2 594 1162
2 1220 277
1 147
2 723 895
2 667 280
2 201 911
2 1044 581
2 183 573
0
1 653
1 880
0
2 444 574
2 873 878
2 173 227
2 573 882
0
2 877 908
1 112
0
2 724 1193
1 906
1 163
0
2 1269 554
2 37 614
2 213 1014
2 1101 1021
2 965 570
2 175 891
2 654 133
2 1157 931
2 1152 973
2 904 685
2 795 925
2 1266 683
2 791 1013
2 517 523
1 813
2 725 840
2 95 50
2 565 1038
2 57 1002
2 103 383
2 728 871
2 492 1045
2 127 124
2 1252 93
2 620 195
2 528 641
2 542 1231
2 75 63
2 1072 1233
2 604 34
2 993 869
2 182 883
2 632 619
2 107 1099
2 113 213
0
1 1127
2 1166 1315
1 783
2 257 288
2 43 310
2 1250 1214
2 1284 1275
2 977 194
2 130 452
0
2 1296 1168
2 537 388
2 56 302
1 440
1 46
2 1258 137
2 733 957
2 752 129
2 1082 1217
1 468
1 955
2 768 1257
2 1079 1055
2 858 1105
2 652 1128
0
1 532
2 577 1293
2 472 527
2 1158 348
1 155
2 586 521
2 593 881
0
1 260
2 1001 72
2 820 344
1 549
1 100
2 579 623
0
2 717 474
2 797 542
2 583 1285
2 1300 320
2 943 289
2 322 113
2 1022 621
1 1169
2 415 25
2 211 1168
2 1286 1183
2 382 842
1 1125
1 864
2 976 494
2 796 1213
2 1295 687
2 414 611
2 548 854
2 984 1177
1 814
2 1079 1055
2 598 13
2 509 405
1 806
2 1238 127
1 1049
2 148 765
2 600 827
2 1174 82
1 272
2 644 1196
2 704 495
0
2 1091 557
2 1187 1292
2 1155 918
2 725 863
2 1070 1277
2 14 997
2 618 31
2 962 1298
1 311
0
2 560 584
2 952 372
0
2 1114 422
2 764 332
2 828 937
2 268 396
1 366
1 628
2 1182 834
2 421 956
0
1 998
2 206 142
2 1262 1118
2 410 448
2 999 1245
1 1229
2 545 675
2 693 313
2 62 650
2 1064 987
2 1107 461
2 1245 671
2 805 777
1 153
2 1150 1226
2 203 136
2 1164 647
0
2 496 563
2 953 273
1 690
2 160 438
2 297 1156
2 847 346
2 650 459
0
2 407 205
2 714 929
2 830 66
0
2 428 61
2 1230 206
2 235 867
2 540 786
2 1149 850
2 1136 503
2 1318 643
2 1048 1134
2 383 812
2 510 378
2 500 115
2 61 219
2 1131 1
2 1099 94
1 587
2 80 321
2 292 55
2 2 3
2 180 843
2 912 1339
0
2 1035 184
2 78 616
2 336 520
2 1235 777
1 436
2 185 1310
2 1310 462
2 939 286
2 947 809
2 793 1056
2 188 517
2 1089 349
1 1150
2 788 570
1 768
2 1257 39
2 124 1210
1 1268
2 567 204
2 731 1204
0
0
2 286 921
2 908 1064
2 146 555
0
2 181 1288
2 304 990
2 1 1332
2 559 1094
0
2 583 305
2 24 680
2 732 1144
2 1299 365
2 546 1251
2 379 530
2 836 845
2 1073 426
2 1109 965
2 256 349
2 1036 48
1 439
2 659 1132
1 446
2 417 464
2 495 797
2 613 888
2 131 415
2 348 1255
2 770 250
2 1071 661
2 529 285
2 1306 890
2 301 442
2 1127 982
2 1330 1103
2 1328 1175
2 1130 1278
2 30 347
0
1 1151
1 392
2 1340 579
2 1211 1246
2 367 33
2 59 837
2 435 501
1 615
2 1133 1130
0
2 812 1104
2 597 1067
2 161 506
2 1282 715
2 926 773
2 772 988
2 603 664
2 948 271
1 51
2 123 1334
2 622 1335
2 1110 96
2 994 266
2 835 1261
2 444 633
2 1333 656
2 219 859
1 748
2 483 577
2 345 64
2 1213 10
0
2 26 742
1 1022
2 246 229
0
0
2 655 1159
2 108 630
2 73 1227
2 741 281
2 242 1051
2 344 1202
2 394 343
2 324 1040
0
2 142 185
2 414 1240
2 869 1304
2 940 1077
2 762 531
2 1103 500
2 135 192
1 899
2 522 243
0
2 3 150
2 306 84
2 1121 267
2 1236 734
0
2 1287 178
2 935 454
2 1128 791
0
2 924 1222
0
1 1303
2 1092 211
2 1025 1037
2 240 537
1 631
1 1032
0
2 684 1129
2 373 503
2 1170 817
2 216 820
2 1084 103
2 880 995
1 1146
2 374 1010
2 1046 60
1 1261
2 824 876
2 555 1003
2 90 480
0
2 285 1046
0
2 789 619
2 714 337
2 342 491
1 617
2 1320 1236
2 117 922
2 104 301
2 256 456
2 547 214
2 389 105
2 534 1117
2 696 292
2 679 711
2 697 902
2 678 839
2 1275 1007
2 686 205
2 692 79
2 643 19
2 1142 511
2 141 1108
0
2 225 722
2 1114 422
2 538 841
2 48 220
1 868
2 757 432
1 237
2 646 1005
2 585 1089
2 1237 145
0
1 832
2 137 801
2 426 112
2 22 207
2 513 468
2 1088 1026
2 164 395
2 1244 1098
2 518 778
2 726 1271
2 28 172
0
0
2 134 1228
2 569 1063
2 380 382
2 45 1284
2 318 1280
2 136 1205
2 8 14
2 17 559
2 689 967
2 1143 294
1 989
0
2 870 780
2 1004 1031
1 1258
1 367
2 357 1024
2 1254 505
2 698 665
1 1112
2 773 1047
2 602 942
2 1018 208
1 498
2 875 782
2 790 119
2 1191 196
2 319 88
2 588 321
2 126 1126
2 838 674
2 41 255
2 719 645
1 979
2 479 406
2 895 327
2 227 946
2 826 1036
2 191 792
2 1323 1093
2 1145 223
2 231 1309
2 1136 376
2 1038 1113
2 1016 252
2 138 1165
2 1171 159
2 1303 403
2 356 126
2 823 467
2 451 302
2 835 1233
1 199
2 154 1209
2 698 665
2 317 1273
2 556 218
1 799
2 1069 58
2 329 1191
2 572 1322
2 201 502
1 433
1 354
2 626 1270
2 605 399
2 200 16
2 893 992
1 1000
0
0
2 626 1270
1 433
2 463 989
2 563 958
2 664 977
2 59 718
2 92 1169
2 1329 1174
2 1159 1086
2 736 910
2 100 463
1 1192
2 934 471
1 111
2 815 1042
0
2 1337 733
2 741 281
2 775 1341
2 1180 248
2 1232 666
2 70 1189
1 1305
2 938 648
2 144 730
2 1175 1224
2 109 21
2 476 600
2 525 360
1 1197
2 129 381
2 516 261
2 44 727
1 395
0
2 1017 181
1 1144
2 36 117
2 759 148
2 730 963
2 750 713
1 1331
2 282 970
2 49 1070
2 279 1334
2 623 1331
2 150 909
1 917
0
2 60 1152
2 729 87
2 707 420
2 1210 429
2 925 978
1 751
1 917
2 1178 829
2 1274 605
2 802 1001
2 335 891
2 1042 339
2 1004 350
2 969 851
0
2 872 740
2 898 788
2 162 984
2 550 694
1 398
2 369 1030
1 1071
2 172 575
2 994 39
1 971
0
2 1215 863
2 79 772
1 595
2 1078 582
2 466 903
2 811 183
0
2 774 62
2 96 1186
1 634
2 352 144
2 1199 26
2 327 770
1 783
1 1006
1 794
2 160 438
2 639 1287
0
2 128 284
2 268 896
2 1201 1057
1 1173
2 538 526
2 987 609
2 1264 188
1 416
1 1323
2 346 1328
2 411 472
2 662 269
2 1050 1327
0
2 1301 190
2 747 1279
2 981 1129
2 151 176
1 985
2 849 1172
2 1145 979
1 1124
2 351 611
2 885 552
1 350
2 157 652
2 1148 933
2 1204 608
2 38 402
2 602 942
2 121 86
2 1307 1096
2 233 1185
1 1060
2 63 1054
2 535 489
0
2 400 1028
2 1147 1120
2 1315 795
1 226
2 391 574
2 251 364
1 1265
2 1249 950
2 1050 1027
2 499 179
2 1212 418
1 1206
2 782 1180
2 769 562
2 1317 875
2 436 1115
2 960 1075
2 156 31
2 245 386
2 353 497
2 1067 526
1 1035
2 308 1208
2 823 467
2 1308 731
2 1181 1179
2 358 728
2 897 1269
2 624 1296
2 388 186
2 1033 70
2 1167 428
2 258 865
1 300
2 916 1192
2 1267 514
2 736 966
2 1023 710
0
2 376 972
2 471 923
2 197 784
2 273 556
2 986 15
2 295 437
2 329 155
2 780 101
2 1043 911
1 52
2 661 384
2 1012 564
1 1090
1 593
0
2 466 1215
2 387 104
2 668 744
1 359
2 980 833
0
2 441 533
2 1122 1248
2 961 699
2 439 1106
2 330 470
1 1288
2 1116 260
2 761 726
1 684
2 864 1002
2 1082 91
2 198 857
1 910
0
2 640 274
2 734 904
2 452 999
2 1234 562
2 671 1259
2 1119 412
2 914 385
2 997 1131
1 1200
2 195 330
2 832 9
2 1092 232
2 679 711
1 333
1 1267
2 1073 106
0
2 232 571
2 660 314
2 882 544
1 705
1 514
0
2 1021 332
2 903 374
2 458 1302
2 220 818
2 1223 837
2 807 225
2 658 293
1 638
2 1138 1009
1 23
2 557 477
2 720 961
2 743 1182
2 1014 1225
2 981 1095
2 560 81
2 341 620
1 983
0
2 596 632
2 243 1048
0
2 857 635
1 133
2 1094 752
2 35 938
2 1181 1253
2 189 166
2 921 319
2 763 7
2 916 1294
2 1102 1324
2 1101 450
2 143 1111
2 775 1000
1 447
2 781 450
2 284 706
2 735 43
2 722 912
1 75
1 411
2 599 1301
1 356
2 177 580
2 907 107
2 688 551
2 312 566
1 182
2 316 657
0
2 798 1052
2 1218 624
2 1179 617
2 1165 737
1 132
2 690 1256
0
2 897 1335
0
2 331 1158
1 221
2 512 20
2 1340 1237
2 94 655
2 927 1138
2 90 480
2 612 138
2 353 497
2 821 473
2 1319 97
1 899
1 1193
2 241 419
2 511 267
2 98 486
2 42 1041
2 1196 792
2 976 494
2 543 447
2 1332 1081
1 442
2 906 1095
0
2 539 1107
2 646 1005
2 978 355
1 1069
2 1147 769
2 1034 735
0
2 817 807
2 432 1220
2 885 5
2 12 509
1 1020
2 259 78
1 1297
2 53 604
2 1164 440
2 236 477
2 634 132
2 1289 237
2 635 187
2 1112 258
2 1121 886
1 1316
0
2 1195 169
2 490 488
2 401 298
2 972 1018
0
2 276 968
2 187 547
2 613 111
2 89 12
2 233 1263
2 1200 1247
1 170
2 756 323
2 272 407
2 325 282
2 716 257
2 905 54
0
2 204 723
2 858 1105
2 277 1087
2 490 543
2 1151 606
2 1333 656
2 1259 496
2 347 653
2 235 1068
2 493 153
2 453 1281
2 1059 1327
2 1306 890
2 199 1041
0
2 25 947
2 171 324
2 102 879
2 963 567
2 814 816
2 101 445
2 1045 338
2 1063 1187
1 1246
2 1295 289
1 920
2 928 1326
2 971 676
2 1009 821
2 1057 1034
2 29 498
2 1053 1198
2 69 762
2 845 1143
2 709 84
2 1017 553
2 846 80
2 946 1249
2 750 713
2 703 1085
2 222 642
2 672 484
2 57 588
2 116 1010
2 1024 590
1 1118
2 1299 1027
1 244
2 429 131
2 779 1125
2 229 134
2 373 65
2 338 953
2 140 702
0
2 1265 712
2 1272 455
2 88 701
1 866
2 951 44
2 363 275
2 1040 1155
0
2 609 2
2 252 819
1 532
2 443 283
2 368 905
2 930 238
2 47 231
0
2 369 541
2 15 815
2 1292 316
2 55 479
2 45 238
2 598 13
1 561
2 236 317
2 191 607
2 445 1176
2 1124 361
2 996 245
2 1304 704
0
2 423 210
2 1008 712
2 459 53
2 862 68
2 299 914
1 982
0
2 601 1096
2 531 1190
0
1 867
2 212 592
2 287 983
0
2 443 283
2 1224 1311
2 409 1011
2 280 1006
2 1194 378
2 448 888
2 1026 1056
2 701 1140
2 960 1075
2 900 766
2 128 275
1 673
1 663
2 1081 167
2 918 158
2 950 314
2 506 1093
2 110 629
2 23 959
0
1 633
2 508 693
2 1207 753
2 700 296
2 676 1206
2 458 1302
1 239
2 889 1167
1 1076
2 778 152
2 758 427
2 489 1338
2 1183 529
2 1277 872
2 71 89
2 389 576
2 1321 6
2 1248 670
2 742 307
2 451 732
2 958 1083
2 1186 1283
2 290 1141
2 1229 647
2 621 56
2 74 255
2 1312 739
2 970 518
2 1212 1117
2 819 198
2 1243 747
2 937 1153
2 431 1019
2 595 249
0
2 152 1199
2 1074 536
2 20 46
2 427 913
2 247 408
2 1061 799
2 169 1300
2 1297 1135
2 868 27
2 896 305
2 883 371
2 944 1178
2 355 336
2 1053 1059
2 724 116
2 413 716
2 334 1019
2 515 1023
2 771 1097
2 786 1126
2 174 32
2 776 870
2 695 482
2 234 830
2 932 851
2 296 612
2 1278 1078
2 614 270
1 754
2 1255 860
2 484 700
2 855 1058
1 337
2 420 847
2 412 87
2 654 811
2 402 234
2 663 340
2 662 530
2 1066 208
1 920
2 421 163
2 1066 52
2 1003 140
2 945 401
2 922 49
1 264
0
1 24
2 1184 1260
2 493 240
2 582 28
0
2 456 85
2 575 941
2 834 1084
2 1156 856
2 991 475
2 1137 757
1 1039
2 82 1243
2 1281 790
2 1113 1007
2 829 1329
2 720 1273
2 648 1102
2 176 1137
2 167 681
1 1185
2 849 754
2 941 599
2 550 694
2 139 796
2 504 1065
2 510 379
2 147 549
2 320 1274
2 1028 410
2 1011 761
2 703 936
2 464 177
2 586 521
2 1148 933
2 758 1031
2 1139 692
2 4 800
2 1203 230
2 403 1268
2 253 359
2 1280 8
2 1108 1016
2 1141 203
2 968 311
2 354 763
2 123 175
2 249 544
2 843 603
2 291 171
2 1032 135
1 18
2 146 253
2 1309 928
2 214 322
2 1338 449
2 1321 590
2 404 312
2 261 787
1 874
2 193 919
2 339 639
2 687 1054
2 394 343
0
2 1051 1336
2 527 76
0
2 1104 476
2 827 17
2 721 352
2 269 380
2 449 889
2 1190 262
2 1163 886
2 502 675
2 149 939
2 566 341
0
1 584
2 844 1139
2 717 474
2 975 1076
2 610 323
2 1047 505
2 1161 265
2 19 413
2 408 424
2 119 499
2 740 1230
2 591 755
2 1044 423
2 745 952
2 765 591
2 859 36
2 1322 1308
2 118 368
2 114 157
2 1341 606
1 1062
2 948 271
2 475 278
2 601 145
2 1298 682
2 1061 67
2 865 168
2 512 804
2 335 370
1 398
0
2 1037 638
2 1216 125
2 825 303
1 554
2 860 1221
0
1 485
2 1228 108
2 1188 993
2 1271 151
2 809 746
1 616
2 1132 325
1 932
2 178 291
2 900 708
2 266 629
1 545
2 95 50
2 940 1077
2 333 1039
2 697 902
2 486 390
2 1290 170
2 85 102
2 6 781
2 473 209
1 705
2 808 964
2 689 967
1 995
2 1088 803
2 1134 828
2 848 578
0
2 386 1244
2 956 1290
1 949
2 1208 326
2 434 670
2 1198 11
2 435 168
2 657 71
1 990
0
2 478 572
2 202 334
1 375
2 1194 739
2 1326 1110
2 215 417
1 955
2 1173 1060
2 1135 1090
2 737 852
2 966 804
0
1 856
2 548 370
2 1122 1252
0
1 1272
2 839 848
2 393 358
1 558
2 1336 483
2 1163 1072
2 121 86
2 254 162
2 58 540
2 756 297
2 306 387
1 461
2 1123 460
2 1091 27
0
0
2 1162 771
2 1313 596
2 1311 974
2 1052 1276
2 1294 304
2 710 1232
2 207 721
2 892 1080
1 385
0
2 685 1166
1 1033
2 469 224
2 862 785
1 945
2 250 1250
2 949 1030
1 1282
1 1226
2 328 667
2 576 1029
2 580 924
1 485
2 1235 340
2 1324 625
2 293 678
2 1276 1317
2 1263 628
1 673
2 72 907
2 1177 986
1 76
2 372 409
2 641 216
2 923 748
2 262 315
2 457 541
1 105
0
2 1184 1260
2 97 522
2 608 35
2 1160 992
2 1098 658
1 794
2 753 825
2 666 738
2 109 21
2 988 893
2 239 202
2 915 1266
2 1086 1195
2 840 41
2 1111 492
2 106 377
2 746 743
2 535 399
1 561
1 166
2 1279 672
2 342 491
2 1176 569
2 64 22
2 66 659
1 831
2 1083 546
2 954 515
2 1049 361
2 93 186
2 681 1074
2 248 4
2 715 959
2 437 844
1 259
2 691 810
2 9 224
2 558 1062
2 852 254
2 1242 193
0
2 806 649
2 179 38
1 69
2 822 98
2 263 295
2 930 533
2 251 894
2 677 1330
2 470 118
1 1262
2 973 308
2 744 242
2 855 1058
2 209 962
2 1240 969
2 805 894
0
2 228 568
1 729
2 462 37
0
2 74 279
2 197 784
2 377 501
1 801
1 926
2 998 264
2 682 1207
2 1314 861
1 1120
2 831 507
2 1314 861
2 226 276
2 223 180
2 1305 165
2 405 1133
2 362 331
2 587 1316
2 190 393
2 120 565
0
2 83 1319
2 524 745
2 683 645
2 581 513
0
2 54 826
2 764 1008
2 365 42
2 644 767
0
2 625 246
2 212 592
2 92 196
1 7
2 217 649
0
1 751
2 755 83
2 381 47
2 1239 1325
1 785
2 65 816
2 660 996
2 460 1320
2 630 215
2 818 241
1 519
2 691 706
2 396 1172
2 1313 1307
2 1189 1149
2 637 362
2 406 838
2 154 1209
2 879 1201
2 884 1291
2 520 954
2 974 1241
2 77 636
2 975 779
0
2 627 425
2 364 887
1 287
2 1241 1318
1 708
1 669
2 228 416
2 909 776
2 1100 1170
2 749 149
0
0
2 927 1138
2 63 1054
2 1223 51
2 1293 594
2 406 838
2 1186 1283
2 586 521
0
2 1112 607
1 1027
2 834 1084
2 663 1219
2 1081 167
2 316 657
2 855 1058
2 551 430
2 243 1048
2 67 1331
2 66 659
2 1150 1282
2 454 749
1 667
2 809 746
1 959
1 510
2 247 20
2 220 818
1 705
2 286 921
2 835 584
2 812 1104
2 225 722
2 444 633
2 134 1228
2 266 863
2 589 78
2 262 238
2 412 853
2 157 652
2 501 864
2 77 636
2 234 830
2 107 1099
2 537 5
2 918 158
2 770 250
1 56
2 694 995
2 1239 1325
2 450 91
2 563 958
2 475 278
2 721 352
2 282 970
1 59
2 959 304
2 1318 643
2 703 943
2 555 1003
2 1070 1277
1 539
2 930 153
2 1302 299
2 999 1245
1 568
2 270 1100
2 1124 588
1 1194
2 907 107
2 760 686
2 1204 608
2 1228 108
2 492 1045
1 667
2 973 308
2 311 801
1 945
2 1147 769
2 518 778
2 763 1158
2 181 1059
2 1234 562
2 949 140
2 513 468
2 1131 1
2 103 383
2 651 139
2 13 615
2 191 792
2 1242 193
2 217 328
1 41
2 963 567
2 57 885
2 905 54
2 1113 461
2 826 1036
2 59 474
2 535 489
2 876 1077
2 368 905
2 660 996
0
2 1304 704
2 739 537
2 1249 950
2 835 440
2 515 1023
1 1235
2 1120 725
2 1050 629
2 33 903
2 525 360
2 1248 611
2 459 53
2 670 1323
2 822 98
2 996 245
2 634 375
2 934 93
2 1198 1221
2 891 313
2 512 298
2 36 117
2 815 1042
2 90 480
2 54 826
2 1299 1010
2 365 717
2 184 579
2 737 852
2 1106 120
2 717 164
2 29 498
2 772 988
2 1180 248
2 1023 710
2 662 269
0
2 138 1165
2 804 472
2 357 32
2 187 547
2 382 842
2 581 593
2 325 282
2 729 45
2 1061 799
2 1212 1327
2 1078 582
2 167 681
2 887 1238
2 613 982
2 1298 682
2 83 1319
2 326 1188
2 594 1162
2 31 1247
2 935 454
2 672 484
2 974 1241
2 994 669
2 426 955
2 400 1041
1 348
2 462 37
2 1273 27
2 1024 155
1 194
1 1093
2 499 179
2 1141 203
2 160 438
1 1146
2 1192 896
2 87 1297
2 434 455
2 391 249
2 139 796
2 246 229
2 1181 228
2 1297 549
0
2 610 135
1 249
2 661 313
2 685 1166
2 449 889
2 1014 1225
2 1032 1006
2 178 291
2 496 563
2 1019 564
2 1279 672
2 1132 325
2 1203 230
2 416 910
2 458 708
1 224
2 204 723
2 608 35
2 749 149
1 1033
2 44 727
2 1230 206
1 504
2 1049 145
2 843 831
1 1135
2 304 803
1 618
2 758 1149
2 231 1309
2 1115 560
2 112 502
0
2 945 175
2 411 1267
2 1079 1055
2 1024 168
2 1095 58
2 1187 1292
2 196 233
2 442 1050
2 414 611
0
0
2 79 772
2 975 779
2 571 883
1 1312
2 1119 1041
1 132
2 616 1127
2 1335 463
2 427 882
2 190 393
2 1238 127
2 1166 1315
2 730 963
2 727 802
1 199
1 1071
2 1259 496
2 463 989
2 1170 817
2 747 1279
2 1160 1203
2 1030 806
2 1016 252
2 990 923
2 1254 93
2 1061 799
2 342 491
2 908 1064
2 94 655
1 199
2 473 209
2 619 7
2 951 44
2 1311 974
2 409 1011
2 1220 277
2 1045 338
2 842 774
2 1246 384
2 872 740
2 1150 1226
2 1183 529
2 479 406
2 650 459
2 1208 326
2 698 665
2 576 1029
2 1337 733
2 478 572
2 697 902
2 920 331
2 534 1221
2 1330 1103
2 1082 186
1 1116
2 260 632
2 1088 914
2 929 7
2 339 639
2 142 185
1 1288
2 1151 606
2 1225 688
2 644 1169
2 1080 695
2 595 786
2 816 302
2 419 173
2 1012 340
2 592 1307
2 533 315
2 422 689
2 150 909
2 212 1076
2 644 712
2 222 27
2 218 453
2 900 751
0
2 1195 169
1 808
2 443 283
2 978 355
2 189 237
0
2 870 780
2 988 893
2 880 1136
2 307 1286
2 417 464
1 205
1 1268
2 1119 424
2 668 744
2 259 1113
2 53 604
2 10 275
2 913 1065
2 585 1089
2 55 479
2 680 631
2 228 45
2 529 285
2 1283 1337
2 4 800
2 1039 297
2 1098 658
2 648 1102
1 1196
2 73 1227
2 1168 1118
2 347 618
2 173 227
2 15 815
2 640 274
1 824
2 719 645
2 1015 122
2 481 487
2 912 1339
2 877 908
1 552
2 211 1115
2 719 141
2 1 1332
2 365 1020
2 1145 766
2 542 1231
2 807 225
2 322 113
2 780 101
2 1200 1247
2 663 1043
2 679 985
2 1167 428
2 957 822
2 745 952
2 446 867
2 74 1007
2 791 1013
2 129 381
2 925 978
2 797 542
2 491 526
2 976 494
2 476 600
2 883 911
2 1265 697
2 936 801
2 267 1035
2 1074 536
2 8 14
2 1341 530
2 378 980
2 127 124
2 1036 48
2 612 138
2 309 318
2 1197 1085
1 532
1 1019
2 346 1328
2 1323 373
2 811 1032
1 1268
2 1004 1031
2 885 1028
2 1190 289
2 182 1072
2 394 343
2 47 231
2 1102 1324
2 941 599
2 840 510
2 410 1198
2 1312 264
2 726 1271
1 165
2 1156 856
2 556 218
2 293 678
2 452 999
2 366 868
2 312 566
2 505 856
2 884 1121
2 938 648
2 90 480
2 1092 42
2 550 694
2 276 968
2 408 739
2 482 696
2 984 1177
1 1257
1 1258
1 554
2 1174 82
2 544 1269
2 802 1001
2 468 1053
2 149 939
2 674 927
2 734 904
2 969 773
2 752 129
2 760 686
2 82 1243
2 1009 821
2 2 3
2 682 1207
1 948
2 1039 297
2 743 1182
2 1000 84
2 431 184
2 1223 51
2 860 669
2 1111 492
2 120 174
2 302 401
2 1034 735
2 1161 265
2 1271 151
2 172 575
2 889 1167
2 698 665
2 25 947
2 1327 400
2 782 1180
2 1104 476
2 909 776
2 598 13
2 160 438
1 416
2 265 309
2 248 4
2 1001 72
2 646 1005
2 97 522
1 105
2 626 1270
2 353 497
2 1231 1219
2 504 934
1 590
2 630 215
2 1099 94
2 1129 1172
2 857 635
2 635 187
2 601 469
2 185 1310
1 5
2 1255 335
2 654 615
2 197 784
2 1147 943
2 788 1085
2 634 375
2 879 1201
2 642 359
2 1235 964
0
2 1089 349
2 866 70
2 922 49
2 16 1173
2 830 66
2 646 1005
2 787 1096
2 656 1194
2 810 544
2 1094 752
2 1289 705
2 1189 1149
2 71 89
0
2 977 1122
2 1047 240
2 695 482
2 546 1251
2 567 204
2 709 1254
2 305 777
1 280
2 781 545
2 897 691
2 836 845
2 1025 1037
1 266
2 1181 1179
2 276 968
2 1066 52
0
2 490 1006
2 666 738
2 671 1259
2 986 15
1 930
2 212 457
2 360 130
2 1146 972
2 230 877
2 235 1068
2 151 176
2 20 702
2 1048 1134
2 528 641
2 901 478
2 524 745
2 511 699
1 342
2 583 1044
2 848 578
2 714 1190
2 603 670
1 317
2 465 1171
2 660 314
2 386 1244
2 1292 316
2 1026 112
2 1280 8
2 1042 339
2 1202 901
2 1258 137
2 372 409
2 119 499
2 865 1248
2 701 1140
2 1139 692
2 493 1341
2 490 715
2 35 938
1 39
2 285 1046
2 761 726
2 306 1073
2 993 869
2 658 293
2 1264 188
2 689 967
2 1291 334
2 317 1000
2 902 201
2 180 1082
2 1152 973
2 1193 506
2 1306 890
2 319 88
2 757 432
2 917 911
2 1306 890
2 956 1290
2 522 243
2 294 263
2 1177 986
2 917 260
1 919
2 104 1294
1 1091
1 1213
2 1017 553
0
2 3 150
0
2 447 787
2 50 932
2 250 1250
0
2 1324 625
2 845 1143
2 1109 1062
2 983 919
2 795 925
2 1200 1163
2 17 559
2 692 79
2 937 1153
1 1059
2 324 1040
2 1077 1237
2 602 942
2 771 1097
2 680 407
2 207 721
2 1025 1037
2 960 247
2 923 471
2 873 878
2 363 557
2 813 181
2 383 812
2 245 386
2 776 870
2 724 116
2 998 899
2 753 825
2 1309 928
2 329 1191
2 967 421
2 824 183
2 1294 421
2 610 1313
2 681 1074
1 837
2 1083 546
2 444 621
2 548 519
0
2 765 591
2 1056 675
2 1277 872
2 179 38
2 77 636
2 1069 1090
2 63 1054
2 1182 834
2 1178 829
2 679 711
0
2 683 645
2 555 1003
2 731 1204
2 1267 846
2 527 450
2 1242 193
2 390 524
2 183 351
2 1239 255
2 170 1288
2 237 1206
2 219 859
1 422
2 425 315
2 106 377
2 1332 1081
1 376
2 783 867
2 241 419
2 460 1320
2 259 1142
1 720
2 950 314
2 1071 305
2 1222 651
2 1209 584
2 486 390
2 538 84
2 654 656
2 89 12
2 1171 159
1 147
2 256 349
2 744 242
2 637 574
2 570 100
2 483 577
2 514 498
2 1317 875
2 423 210
2 710 1232
2 913 333
2 437 844
2 1164 687
2 1319 97
2 740 1230
2 121 86
2 1329 1174
2 430 759
2 956 1290
0
2 523 1123
2 756 323
2 626 1270
2 445 1176
2 251 364
2 1142 533
1 74
2 1101 851
2 850 221
2 915 1266
2 68 785
2 69 794
0
2 550 189
2 338 953
2 1046 60
2 277 1087
2 575 941
2 960 1075
2 647 1334
2 1015 122
2 619 864
1 979
2 1261 255
2 345 64
2 700 296
2 1301 190
2 540 323
2 806 888
2 143 1111
2 991 475
2 926 11
2 844 1139
2 895 327
2 600 827
2 851 1124
2 118 368
2 69 794
2 356 126
2 545 1096
1 570
2 971 1117
2 261 966
2 800 707
2 115 951
2 308 1208
2 261 200
2 552 436
2 356 126
2 141 1108
2 320 1274
2 1276 1317
2 1286 1183
2 827 17
2 1107 1026
2 724 116
2 1255 335
2 748 811
0
2 903 374
2 843 1217
2 29 513
2 981 70
2 1137 757
2 605 399
2 341 620
2 1134 828
2 1214 1264
2 954 515
2 820 344
2 517 523
2 435 1158
2 898 410
2 145 366
2 466 1215
2 886 783
1 401
2 904 685
2 863 396
1 1095
2 110 244
2 926 239
2 98 486
2 1122 111
2 1160 983
2 394 343
1 331
2 613 888
2 874 940
2 49 1070
2 768 703
2 295 437
2 677 1330
2 858 1105
2 971 866
2 554 427
2 1285 232
2 1108 1016
2 1243 747
2 729 691
2 33 373
2 1038 485
2 675 80
1 1062
2 481 487
2 928 1326
2 374 67
0
2 1320 1236
2 520 954
2 1040 1155
2 657 71
2 336 520
2 114 157
1 955
2 1333 146
2 289 617
2 1148 933
2 1188 993
0
2 1314 861
2 768 132
2 587 287
2 101 445
2 602 942
2 73 1172
2 200 16
2 527 1265
2 352 144
2 62 650
2 235 1068
2 456 85
2 775 1333
1 1044
2 1189 712
2 330 470
2 159 668
2 402 234
2 232 632
2 598 1285
2 1284 1275
1 1227
2 78 391
2 1103 500
2 767 1303
2 977 350
2 267 1035
2 505 532
2 1100 1170
2 1217 549
2 301 841
2 1129 389
2 1176 569
2 367 617
2 470 118
2 188 517
2 1273 431
2 203 136
2 940 1272
1 30
2 1118 361
2 1250 1214
2 693 534
2 571 687
2 649 1125
2 92 196
2 1163 485
2 1253 762
2 921 319
1 1022
2 547 214
1 1179
2 736 1002
2 750 6
2 388 1305
2 1140 528
2 952 372
2 418 272
2 448 440
2 435 306
2 1049 397
2 353 497
2 1321 595
2 358 728
2 1076 166
1 503
2 1234 562
2 859 36
0
2 696 292
2 920 279
2 105 46
2 850 221
2 742 307
2 166 493
2 213 1014
2 1084 103
2 433 590
1 398
2 516 186
2 961 1020
2 28 172
2 269 380
2 690 1053
2 1075 561
2 275 526
2 662 1331
2 767 1303
2 223 1030
0
2 1340 878
2 1240 969
2 413 716
2 521 1033
1 371
1 284
2 180 849
2 1192 457
2 874 433
2 805 371
2 1233 932
2 1121 561
2 85 102
0
2 1159 1086
2 596 623
2 764 80
2 271 1065
2 810 1196
1 408
1 684
2 30 1092
2 936 1185
2 1086 1195
2 1184 1260
1 758
2 117 922
2 1107 762
2 95 1169
2 1300 320
2 884 387
2 593 653
2 1308 731
2 428 61
2 557 896
2 785 226
2 137 1256
2 914 298
2 572 1322
2 24 1043
2 123 1116
2 1291 573
2 1143 294
2 99 465
2 711 1090
2 40 1154
2 37 614
2 604 34
2 1263 387
2 96 1186
2 1165 737
2 19 413
2 1269 91
2 1211 1226
2 1157 931
2 894 300
2 1328 1175
2 57 588
2 379 1197
2 236 477
2 344 1202
2 676 81
2 625 246
2 14 997
2 1087 836
2 144 730
2 109 21
2 543 622
2 652 1128
2 351 362
2 65 881
2 688 551
1 548
2 464 177
2 1236 734
2 1153 345
2 392 396
1 455
2 764 530
1 328
2 735 43
2 214 322
2 939 286
2 495 797
2 966 279
1 1088
1 1156
2 466 1215
2 576 1029
1 175
1 1296
2 869 1304
2 933 754
2 133 1148
2 61 219
2 916 832
2 1274 605
2 1162 771
2 837 202
2 432 1220
2 659 1132
0
2 412 87
2 704 495
1 147
2 24 128
2 347 1112
0
2 252 819
1 446
2 599 1301
2 95 50
2 676 1114
2 380 382
2 569 1063
1 766
2 48 220
2 1241 1318
2 1336 483
2 1110 96
2 796 1213
1 361
1 568
2 628 627
2 639 1287
2 1151 606
2 624 264
2 1144 718
2 296 612
2 597 1067
2 1296 684
2 474 357
2 1282 407
2 620 195
1 385
1 1002
2 1338 449
2 76 1091
2 582 28
2 637 507
1 985
2 536 677
2 229 134
1 447
2 1128 791
2 900 751
1 192
2 566 341
2 168 628
2 819 198
2 622 194
1 1060
2 540 989
2 124 1210
2 423 210
2 1069 58
2 41 507
2 195 330
1 748
2 893 992
0
2 216 820
2 26 742
2 60 1152
2 209 962
2 1326 1110
2 818 241
2 755 83
2 587 11
2 773 1047
1 65
2 100 321
2 1278 1078
2 949 519
2 1175 1224
2 1339 525
2 451 370
2 728 871
2 174 32
2 1245 671
2 448 334
2 1340 579
1 378
1 86
2 1199 26
2 227 946
2 1251 1161
2 441 1240
2 1157 931
2 641 216
2 327 770
2 318 1280
2 1057 1034
2 1299 1021
1 638
2 961 224
1 395
2 1126 1072
2 170 1253
1 488
1 741
2 558 321
0
0
2 716 257
2 972 539
1 862
2 502 1185
2 161 506
2 202 348
0
2 852 254
1 725
2 1011 761
2 415 25
2 817 807
2 369 541
2 574 673
2 1218 624
2 1229 1010
2 1164 1212
2 609 2
2 1232 666
2 46 111
1 354
2 1155 918
2 987 609
2 855 426
2 135 813
2 257 288
2 215 417
2 9 461
2 254 162
2 1073 1114
2 1313 1018
1 1093
1 239
2 38 402
2 242 1051
2 292 55
2 804 899
2 171 324
2 197 784
0
2 369 541
1 990
1 42
2 1281 790
2 511 514
2 997 1131
2 944 1178
0
2 273 556
2 976 494
2 623 1334
2 947 809
1 516
2 253 75
2 223 258
0
2 581 350
2 155 981
2 146 693
2 1244 1098
2 300 789
2 865 788
2 975 779
2 169 1300
2 154 1209
2 206 142
2 211 68
2 451 370
2 458 1302
2 263 295
2 287 702
2 1184 1260
2 359 379
2 148 765
2 965 841
2 6 647
2 778 152
2 577 1293
2 226 501
2 236 477
2 1027 23
2 1262 472
2 962 1298
2 814 414
2 217 649
2 110 244
2 34 290
2 161 1252
2 420 847
2 664 208
2 706 75
2 793 1233
2 128 333
2 781 165
2 643 19
2 364 887
2 821 473
1 543
2 1252 531
2 158 114
1 720
2 871 935
0
2 125 798
2 853 929
2 471 910
2 76 1335
1 332
2 385 854
2 1314 861
2 906 443
2 1064 987
2 578 944
2 699 384
2 1018 886
2 1321 558
2 272 1007
2 1201 1057
2 1130 1278
2 714 732
2 1066 1257
0
2 283 1136
2 873 706
2 707 420
0
2 1272 1256
2 559 1094
2 1138 1009
2 222 642
2 484 700
2 786 1145
2 715 1316
2 891 205
2 614 270
2 106 377
2 1266 683
2 1013 404
2 774 62
2 597 1067
2 1211 998
2 1206 840
2 833 154
2 253 163
2 1218 607
2 388 1305
0
2 750 713
2 102 879
2 381 47
1 882
2 355 336
1 39
2 268 564
2 860 354
2 453 1281
2 839 848
0
2 92 164
1 709
2 838 674
2 535 399
2 690 389
2 992 633
2 280 403
2 52 258
2 1028 854
2 130 452
2 1289 862
1 832
2 829 1329
2 208 1295
2 152 1199
2 512 274
2 262 601
2 363 311
2 1205 99
1 573
2 43 310
2 72 907
2 1307 392
2 823 467
2 1109 965
0
2 240 1135
2 288 892
2 1310 462
2 722 912
2 1315 795
2 1207 753
2 1063 1187
2 1216 125
2 500 115
2 113 213
2 828 937
2 1101 332
2 198 857
2 508 418
2 995 1060
2 531 31
2 182 376
1 1117
2 746 743
2 723 895
2 256 456
2 1193 1056
2 398 238
2 741 616
2 906 1246
2 404 312
2 924 1222
2 121 441
1 1038
2 732 1105
2 638 1229
1 411
2 847 346
1 1126
2 798 1052
2 488 201
2 759 148
1 876
2 538 133
2 1097 143
1 1261
2 405 1133
2 946 1249
2 489 1338
2 994 1325
2 162 984
2 661 793
2 953 273
2 439 1106
0
2 629 299
2 1284 469
2 108 630
2 310 1216
2 340 560
2 831 653
1 894
2 1008 565
2 591 755
1 439
1 846
2 18 503
2 1022 397
2 131 415
2 1210 429
2 1058 858
2 738 915
2 589 583
2 948 271
2 88 701
2 790 119
1 1237
2 603 664
2 621 56
1 1012
2 1168 123
2 814 816
2 362 1021
2 1008 565
2 875 782
2 156 898
2 329 1191
2 140 281
2 713 808
2 303 991
2 9 982
2 970 518
2 40 1154
2 1322 1308
0
2 429 131
0
2 191 792
2 1133 1130
2 777 403
2 897 508
2 763 868
2 64 22
2 393 358
2 290 1141
2 1287 178
2 1224 1311
2 916 156
0
1 979
2 678 839
2 22 207
2 805 10
2 627 425
2 104 301
1 442
2 825 303
2 192 803
2 278 585
1 1316
2 109 21
2 964 81
2 1052 1276
2 136 1205
2 233 1263
2 958 1083
2 892 1080
2 736 708
2 631 849
2 1127 436
2 424 23
2 1275 18
2 580 924
2 337 596
2 1125 1120
2 655 1159
2 509 405
2 177 580
2 789 395
2 1144 718
2 176 1137
2 592 754
2 12 509
2 367 1173
2 268 769
2 881 1262
1 1295
2 1079 1055
2 733 957
2 1004 1031
2 586 337
2 756 880
2 775 163
2 284 673
2 1123 460
2 1017 553
2 251 153
0
2 1051 1336
2 291 171
2 823 467
1 640
2 980 833
2 434 281
