884 926 807
0
2 278 91
2 169 742
2 874 122
1 404
1 740
2 145 402
2 94 378
0
1 262
2 272 505
0
0
0
2 413 317
0
2 351 716
0
2 461 194
2 97 568
0
2 721 112
0
2 168 362
2 865 705
2 234 252
1 84
2 703 767
2 171 428
1 144
2 765 463
2 803 690
1 344
2 51 527
2 417 753
2 677 805
1 333
2 704 416
2 760 521
2 402 375
1 380
2 408 695
0
2 811 747
2 603 61
2 6 255
1 541
0
2 122 633
2 219 442
0
1 709
2 843 798
2 213 142
2 375 128
1 864
0
0
2 185 38
2 578 641
0
2 124 340
2 119 836
2 744 830
1 870
2 562 422
0
2 313 291
2 585 403
2 838 842
2 411 408
0
1 95
1 162
0
1 115
2 437 25
0
2 463 786
0
2 763 662
2 283 326
2 580 644
2 683 42
0
2 649 250
0
2 695 703
2 569 759
2 502 498
2 924 529
2 434 903
2 682 81
2 565 401
2 731 77
2 527 432
0
2 483 553
2 318 832
2 526 368
0
1 572
2 911 601
2 137 193
1 835
2 469 755
0
2 315 874
1 750
2 542 803
2 400 507
2 697 127
2 186 494
1 880
1 230
2 205 493
1 410
2 478 87
1 550
0
2 457 917
2 857 196
0
2 121 117
0
0
1 503
1 124
2 187 786
1 455
1 301
2 584 587
1 863
2 93 229
2 547 529
2 334 570
2 231 593
2 840 349
2 337 425
1 118
2 396 531
2 782 424
2 133 305
2 477 415
2 56 685
2 480 706
1 444
2 654 680
0
2 182 582
2 609 879
0
0
2 286 143
2 335 714
1 785
0
0
0
0
0
2 624 645
2 235 440
2 513 140
2 172 898
2 273 209
2 239 492
2 870 138
0
2 900 376
1 669
2 73 318
2 730 781
2 208 664
2 476 56
2 621 53
0
2 479 369
2 640 743
1 59
2 512 853
1 201
2 200 150
2 256 314
0
2 599 812
0
2 353 774
0
2 415 788
1 707
0
0
2 519 471
2 405 581
0
2 872 404
1 548
2 141 904
1 549
1 683
2 562 422
2 238 761
2 416 474
2 157 579
2 461 194
2 249 546
1 773
2 217 279
2 103 436
0
0
0
2 481 169
2 418 578
0
1 51
1 68
2 805 236
2 763 662
1 192
2 783 27
0
2 13 918
2 896 420
1 435
2 750 315
2 663 646
2 469 733
2 57 617
2 2 748
1 829
0
1 734
2 390 479
2 599 812
2 782 817
0
2 681 518
0
2 200 150
2 83 155
2 454 514
0
2 794 519
1 807
2 490 614
1 681
2 796 240
2 154 411
2 511 274
2 460 723
2 741 184
0
0
0
2 259 188
1 868
1 188
2 49 871
2 686 16
1 245
0
2 41 577
1 793
2 886 75
1 254
1 591
2 774 351
2 448 655
0
1 270
2 739 377
2 412 557
2 493 820
1 33
2 369 285
2 283 326
0
2 804 769
1 410
2 10 571
2 768 815
2 175 837
0
2 663 646
2 40 481
2 924 513
2 641 823
1 589
2 725 126
0
0
2 253 371
0
2 261 852
2 104 569
0
1 36
2 629 486
0
2 181 117
2 557 649
2 724 445
2 514 739
0
0
2 125 882
0
2 652 350
2 729 846
0
2 250 520
0
0
2 236 111
0
2 770 691
0
2 430 454
2 185 38
2 867 453
2 841 830
2 759 861
0
1 906
1 10
1 488
2 258 566
0
1 173
0
2 778 628
2 522 321
1 284
1 866
2 544 631
2 736 607
1 749
0
2 475 219
2 696 360
2 769 345
1 497
1 384
1 713
0
0
2 406 806
2 551 233
2 889 72
2 256 710
0
0
1 860
2 742 661
1 359
2 754 464
2 79 912
1 4
2 112 235
2 659 205
2 210 223
1 296
1 302
1 600
2 615 334
1 67
0
2 777 776
2 99 799
2 697 602
1 564
1 316
2 363 603
2 716 640
2 508 295
2 342 190
0
0
2 395 184
0
1 245
2 609 660
2 568 134
2 49 871
1 164
2 364 630
2 204 901
2 849 400
2 140 335
2 792 487
2 617 602
0
2 719 687
2 148 346
0
2 196 329
0
2 241 29
1 12
2 82 98
2 290 888
2 153 313
2 807 137
2 917 426
0
2 160 637
2 377 216
2 757 517
1 331
1 173
2 111 665
1 829
2 502 498
2 767 211
2 322 688
2 37 490
2 841 475
2 881 780
1 848
2 358 319
2 394 824
2 139 342
2 517 37
0
0
1 850
1 791
0
2 717 423
1 720
1 42
2 843 798
0
2 240 693
2 875 446
2 426 312
2 694 652
0
2 18 592
1 593
2 853 2
2 285 588
1 447
1 287
1 89
0
1 439
2 386 412
1 399
1 585
2 222 220
0
0
2 905 595
2 540 535
2 736 607
0
2 865 705
1 447
2 234 252
1 775
2 909 341
2 888 468
2 582 40
1 783
2 691 361
1 26
2 804 428
0
2 222 220
0
0
2 642 337
2 598 910
2 730 781
2 537 381
1 919
1 744
2 544 631
0
2 132 509
1 864
2 471 1
2 365 766
0
0
2 507 258
0
0
1 577
2 700 826
0
2 636 386
2 29 704
2 565 401
0
2 510 449
2 877 838
2 520 726
2 13 918
0
2 558 269
2 383 610
2 14 54
2 406 806
0
0
2 370 622
0
2 226 872
2 303 675
1 289
2 760 521
2 625 560
2 618 465
2 322 688
2 696 360
1 110
0
2 446 217
2 832 778
2 554 358
2 537 381
2 534 891
2 627 795
1 608
2 190 532
2 643 198
2 448 655
2 833 458
2 440 125
1 575
2 884 97
2 279 811
0
1 266
1 883
2 570 261
2 379 926
0
2 510 265
0
1 667
1 344
2 99 799
1 438
0
1 821
0
2 643 198
2 745 840
1 734
1 192
0
2 167 290
2 92 462
2 672 483
0
1 15
2 738 876
1 525
2 792 487
2 747 849
1 497
2 186 494
2 534 891
0
1 500
2 155 627
2 134 636
2 858 724
0
2 653 293
2 319 165
2 816 718
0
1 354
0
2 854 921
2 387 574
2 142 264
2 432 894
2 434 903
2 665 732
1 619
2 280 793
1 336
2 613 171
1 751
2 143 208
1 330
1 919
0
2 717 423
2 580 644
0
2 425 28
2 328 524
2 680 436
0
2 87 895
1 96
0
2 894 394
2 465 547
0
1 859
2 834 21
1 559
1 430
1 817
2 312 708
2 455 834
1 385
2 15 131
2 581 450
2 693 104
0
2 82 98
2 223 877
2 852 584
2 388 254
0
0
2 48 923
2 146 46
0
1 790
2 610 272
0
2 743 654
2 80 157
2 675 800
0
1 473
2 175 837
0
2 689 672
2 526 368
2 230 62
1 651
2 361 920
2 36 138
0
2 62 355
2 714 737
2 883 856
2 722 712
2 824 383
2 264 106
2 556 478
0
2 458 443
2 861 594
2 823 457
1 204
0
0
2 467 32
1 44
2 437 25
1 813
2 553 512
1 664
2 845 671
0
1 4
2 68 875
0
2 895 147
2 468 348
2 515 320
2 71 181
2 255 101
2 450 814
2 777 776
0
1 114
2 345 339
2 349 694
0
1 856
1 567
2 1 642
2 462 357
2 854 921
2 729 846
0
1 441
0
2 768 815
2 536 130
2 257 172
0
2 148 327
0
0
2 700 826
2 141 904
1 187
2 239 492
0
0
1 441
2 637 867
2 816 718
2 28 167
2 896 336
2 41 470
1 835
2 587 501
0
2 419 845
2 788 757
2 633 119
2 445 615
1 549
2 168 362
2 737 686
2 151 303
1 328
2 357 90
0
0
2 923 558
2 579 210
2 682 81
2 407 338
2 614 389
2 275 365
0
2 291 431
0
1 243
2 270 616
2 535 257
2 395 405
2 882 57
2 340 586
2 442 745
2 206 459
2 101 773
0
2 820 139
0
0
2 531 215
1 54
2 889 72
0
2 17 154
1 916
0
2 238 761
2 794 269
1 473
2 528 598
0
2 7 419
2 920 241
2 407 338
2 413 317
2 898 554
2 687 35
0
2 464 48
2 127 418
2 329 796
0
2 350 528
2 732 476
2 61 221
2 661 203
1 246
1 515
0
2 103 677
2 389 857
1 552
2 339 278
2 622 511
2 621 53
2 132 509
2 128 153
1 333
0
2 814 540
0
2 522 151
1 288
2 766 17
2 193 735
2 216 363
0
0
1 477
2 346 659
2 146 46
2 701 399
2 23 863
2 909 341
1 866
2 588 833
2 14 23
2 305 321
1 518
0
2 566 7
2 746 618
1 232
2 106 746
2 886 88
2 708 721
2 842 884
0
2 348 754
2 102 801
0
2 505 396
2 431 92
1 876
2 685 353
2 94 378
2 501 613
2 16 213
0
0
2 18 592
1 50
2 893 869
2 532 182
0
0
1 908
1 850
2 800 275
0
2 391 689
2 508 295
0
2 653 293
0
1 484
1 43
2 735 145
0
0
2 443 556
0
2 496 596
1 552
2 221 770
0
2 480 706
1 673
1 265
0
0
2 211 133
0
2 910 160
2 460 723
2 244 589
1 634
2 165 741
2 722 712
2 728 218
2 625 560
2 91 858
2 417 753
2 90 83
0
2 836 391
2 75 390
0
2 496 596
1 80
1 869
1 243
2 215 73
1 435
2 203 327
0
2 464 298
2 770 317
2 651 557
1 237
1 797
2 485 13
2 131 319
0
0
2 347 175
0
1 797
1 173
2 529 595
0
2 521 391
0
2 448 73
2 323 271
0
2 169 676
2 2 150
1 203
2 29 231
2 185 661
1 694
2 580 395
2 751 409
0
2 387 435
1 638
0
2 365 411
2 327 288
2 803 592
2 304 50
2 427 543
2 265 275
2 13 113
1 328
2 171 530
0
2 200 367
2 701 242
1 526
0
1 756
2 557 149
2 157 663
0
2 370 354
2 608 620
2 415 381
2 113 474
1 360
0
1 709
2 538 305
2 505 153
0
2 32 640
2 124 463
1 516
0
2 267 190
0
2 312 568
2 607 778
2 725 486
2 792 171
0
1 183
1 313
1 572
2 728 617
2 508 603
0
2 387 435
0
2 674 117
2 777 647
1 9
2 287 168
0
2 12 81
0
2 530 580
2 718 794
1 497
2 630 109
2 230 581
2 439 79
2 235 103
0
2 411 130
1 552
2 598 394
2 272 734
2 5 404
0
1 644
2 588 21
2 90 495
2 150 605
2 148 502
0
2 176 651
2 677 694
1 747
2 374 390
2 735 802
2 283 562
0
0
2 459 594
2 655 33
2 18 498
0
0
2 254 784
2 542 466
0
1 503
0
0
0
0
2 407 47
0
1 402
2 683 419
2 342 352
1 527
2 743 109
2 711 720
2 220 644
2 349 610
2 277 695
2 425 492
2 30 10
2 547 779
2 646 454
2 290 315
2 239 801
2 740 94
1 489
2 93 583
0
2 650 268
0
0
0
2 488 704
2 406 670
1 17
0
1 678
0
0
0
0
2 245 172
2 798 97
2 699 681
2 198 386
2 458 793
1 605
0
0
1 33
2 384 272
2 753 597
2 645 393
2 473 239
2 567 235
1 679
2 729 55
2 252 500
2 657 576
2 59 418
0
1 259
2 499 184
1 279
2 673 565
1 42
2 675 49
0
2 315 806
0
1 731
1 58
2 787 455
2 264 39
1 653
2 204 451
1 141
2 215 286
2 372 622
1 717
2 267 190
2 708 623
2 543 82
2 782 240
2 448 73
1 516
2 579 74
2 660 528
2 555 337
1 249
0
0
2 248 770
2 31 505
0
2 365 755
1 314
2 592 156
2 674 117
0
1 258
0
2 19 206
1 658
1 165
2 677 176
2 159 380
2 635 522
2 688 100
2 781 577
1 331
1 428
1 475
2 371 729
2 673 218
2 547 779
1 668
1 733
0
2 748 259
2 727 205
2 417 119
1 491
2 85 787
2 426 566
2 350 746
2 733 101
2 618 621
2 299 792
1 121
2 40 631
2 376 52
0
1 364
2 604 36
2 368 750
2 450 403
2 368 750
2 84 807
2 226 389
0
0
2 398 518
1 462
2 481 158
0
0
2 49 521
2 637 132
1 661
0
2 745 110
2 133 449
2 594 550
0
2 55 257
2 777 647
0
2 541 270
0
2 63 87
2 28 140
2 225 303
0
2 159 380
2 64 248
2 630 798
2 153 757
2 767 649
1 571
0
0
1 193
2 137 700
2 682 188
2 707 718
0
0
0
0
2 71 401
2 449 12
2 189 556
2 119 745
1 460
0
2 570 8
0
2 400 41
2 667 36
0
2 81 601
0
0
2 156 385
2 397 179
2 167 182
1 318
2 628 417
2 538 305
2 321 604
2 804 678
2 794 659
0
0
1 87
1 531
2 480 714
0
0
0
2 224 705
2 25 469
2 760 737
1 489
2 238 68
2 421 120
2 145 83
1 343
2 525 157
2 37 66
2 270 139
0
0
2 755 194
0
0
1 504
0
1 539
2 499 184
1 687
1 430
2 121 353
2 317 574
0
2 301 410
1 20
1 686
2 676 245
2 143 459
2 775 800
0
1 280
0
2 456 711
0
0
2 564 629
2 762 261
2 735 355
1 752
2 671 284
2 306 701
2 391 252
2 369 210
2 195 359
0
0
2 507 52
0
1 627
0
2 271 325
2 84 807
1 619
2 625 15
1 563
2 123 374
2 97 406
2 43 177
2 100 355
0
1 344
2 136 776
0
2 466 300
0
2 98 256
2 44 108
2 493 665
2 345 545
2 741 312
2 426 90
2 784 396
0
2 744 326
2 110 716
2 482 191
0
2 125 79
2 385 470
1 611
2 497 56
2 395 75
2 135 641
2 164 350
2 804 525
0
1 736
2 151 445
2 768 338
2 276 195
2 191 164
0
0
0
0
2 414 223
2 765 712
1 423
2 287 168
2 608 620
0
2 621 335
2 232 366
2 396 761
2 697 400
0
2 155 656
1 442
2 418 781
2 257 549
0
1 401
1 702
0
0
2 713 133
1 202
2 607 778
2 434 442
0
0
2 460 62
2 294 586
2 421 120
1 520
2 29 231
1 284
2 185 506
0
2 196 805
2 545 24
2 268 64
0
2 182 65
2 450 506
2 541 409
1 606
2 405 434
2 237 537
0
2 89 277
2 517 263
2 753 597
2 696 22
1 27
0
2 238 68
0
2 70 487
1 96
2 455 219
2 742 382
0
0
2 390 480
1 292
1 515
0
2 433 561
1 615
2 357 713
2 256 427
2 103 648
0
1 622
2 329 725
2 601 361
2 19 206
0
2 291 322
2 102 392
2 351 626
2 759 340
2 160 515
1 443
1 654
0
1 204
2 310 483
0
2 265 275
1 178
2 253 560
2 135 641
2 37 66
1 510
0
2 366 660
2 734 224
2 54 151
2 696 22
2 228 285
2 692 386
1 115
2 359 554
2 617 80
2 637 431
2 795 799
2 172 570
1 612
2 690 323
2 528 200
1 511
1 790
0
2 720 682
0
0
2 379 437
1 234
2 217 145
0
2 762 261
1 71
0
1 492
0
1 80
2 302 349
1 441
0
1 342
2 548 345
2 599 192
2 613 598
0
1 58
1 546
1 471
2 43 177
2 367 123
1 484
2 283 562
2 228 285
0
0
2 205 692
2 325 357
2 274 189
1 11
2 771 229
2 445 53
2 7 636
0
0
2 764 266
2 589 634
1 364
2 381 46
2 130 112
2 230 581
2 470 420
2 532 292
1 138
1 737
2 320 751
1 490
2 645 393
1 616
1 348
0
2 765 712
2 295 9
2 227 631
2 695 408
2 222 756
2 583 337
1 534
2 498 476
0
0
2 112 768
2 560 743
2 452 723
1 573
0
0
1 628
1 494
2 761 154
1 662
0
0
2 39 233
2 335 707
0
1 493
2 800 329
2 188 683
2 709 638
0
0
2 788 780
2 403 318
2 35 573
0
2 392 347
1 281
2 500 93
2 582 782
2 483 722
0
1 6
2 225 303
0
2 519 613
2 5 404
2 38 724
0
2 65 324
2 512 552
0
2 38 724
2 670 523
0
2 212 78
2 338 102
2 46 796
2 332 18
1 279
2 799 308
2 659 27
2 757 254
1 116
0
2 428 247
1 698
1 504
2 508 603
1 360
2 394 59
1 619
2 262 584
1 344
0
2 314 232
0
2 476 214
2 24 544
2 147 666
2 655 106
2 526 575
2 233 754
2 564 629
1 551
1 15
2 139 383
2 610 697
0
1 354
0
2 219 89
2 192 144
2 634 330
1 667
0
1 216
0
2 28 140
1 339
2 51 699
0
2 136 197
1 511
1 397
2 433 561
2 215 286
1 407
2 458 793
0
0
2 585 648
2 326 321
2 7 636
2 408 548
0
2 398 518
0
2 419 763
0
2 309 262
2 806 482
2 149 124
2 556 456
1 635
2 203 643
2 523 226
2 467 310
1 414
2 144 69
2 423 11
0
2 780 291
2 240 775
1 439
2 48 296
2 746 334
2 710 742
1 2
2 568 758
0
2 477 160
1 266
2 586 51
2 507 264
2 8 688
2 32 640
2 663 302
1 88
2 579 74
2 472 83
2 550 276
0
1 649
2 10 730
0
2 21 539
1 512
2 26 299
0
0
2 708 623
2 85 322
2 281 520
2 652 517
1 478
2 244 309
2 324 98
2 48 296
2 529 595
2 681 54
1 1
0
2 410 788
2 802 31
2 300 618
0
2 41 652
2 420 473
2 242 251
2 574 16
0
2 147 666
1 61
2 555 803
2 334 542
0
2 383 464
2 478 654
1 273
2 70 487
2 474 741
2 304 50
0
2 754 294
0
2 25 467
1 496
2 382 26
2 495 246
2 716 306
0
0
1 290
2 776 143
1 17
1 717
1 108
2 196 805
1 128
2 549 795
2 351 626
2 454 469
1 764
0
2 714 244
2 333 253
1 115
2 796 333
1 481
2 154 169
2 486 690
0
2 544 301
1 558
1 207
2 175 30
2 758 599
0
2 801 675
2 131 319
2 763 320
2 389 415
1 173
1 488
2 181 155
0
2 468 559
2 554 650
0
1 615
1 522
1 546
2 722 710
0
2 126 519
2 369 210
1 590
2 771 229
1 243
1 672
1 222
2 246 485
0
0
2 308 332
0
2 34 693
1 114
2 251 167
0
2 740 94
0
2 379 23
0
2 726 591
2 75 646
0
2 263 744
1 40
1 446
2 122 412
2 53 376
2 78 62
0
2 587 178
2 298 274
2 327 4
2 69 727
0
2 463 126
2 158 371
0
2 34 693
2 582 684
2 468 559
1 76
2 730 384
0
2 16 197
2 455 219
2 418 781
0
0
2 477 220
1 575
2 714 244
0
2 509 558
2 63 87
0
2 44 187
2 19 206
2 351 626
1 58
2 226 389
2 382 26
2 181 155
1 360
0
0
0
2 351 626
0
2 508 603
1 450
0
2 695 408
2 98 256
0
0
1 691
0
0
1 512
2 512 684
2 191 164
2 538 305
1 330
2 268 64
2 398 518
2 287 168
0
1 35
0
2 318 807
0
2 410 788
1 84
0
2 365 99
0
2 273 567
1 282
0
2 473 239
2 8 688
0
1 657
0
2 701 242
2 38 724
0
0
1 145
0
1 593
1 314
1 721
0
0
2 21 539
2 730 384
1 487
2 481 158
0
0
0
1 20
1 582
2 439 79
2 493 665
2 69 727
2 694 236
1 2
0
2 18 498
1 639
1 702
2 144 69
2 464 298
2 758 599
2 527 764
2 131 319
2 183 489
1 461
2 690 323
2 493 665
2 762 261
0
1 579
2 558 515
2 555 337
2 335 707
1 662
2 46 796
0
1 22
0
1 510
2 156 385
2 169 676
0
0
1 728
0
0
1 425
2 149 124
0
1 503
2 651 557
1 609
2 32 640
2 172 570
0
2 735 802
2 113 474
0
1 170
0
2 70 668
2 75 646
2 271 325
0
0
2 426 90
1 752
2 550 276
2 798 97
2 215 286
2 415 381
2 645 393
0
2 246 485
2 403 318
2 476 214
2 136 197
0
2 748 259
2 25 467
1 202
2 474 741
2 26 299
2 727 205
0
2 582 782
1 344
0
2 263 744
1 648
1 346
0
0
2 445 53
1 234
2 408 548
2 203 643
2 248 770
0
2 320 751
2 51 699
1 266
0
2 225 303
1 604
1 671
0
0
0
2 71 566
2 554 650
1 450
2 376 52
2 538 305
2 283 728
2 407 47
2 368 750
0
2 195 359
0
0
2 90 495
1 73
0
2 542 466
0
2 617 80
0
2 748 259
0
0
2 574 16
0
2 143 459
0
0
2 645 393
0
2 240 775
2 395 75
1 399
2 389 415
1 515
2 10 730
2 110 716
2 366 660
1 61
2 525 157
2 405 434
2 242 251
2 405 434
2 775 800
0
0
2 204 451
1 241
0
0
2 38 724
1 220
0
0
2 185 661
2 676 245
2 592 156
1 715
2 708 623
2 458 793
2 618 621
2 324 98
1 194
1 477
0
2 605 492
1 759
0
1 423
1 516
2 12 81
1 83
2 185 661
2 193 354
0
2 526 575
2 499 184
2 586 51
2 390 480
2 368 750
0
2 720 682
0
1 363
2 381 46
2 379 437
1 790
0
0
2 291 322
1 266
0
2 392 347
1 198
1 669
2 722 710
0
0
2 383 464
2 660 528
2 138 502
0
1 255
2 777 647
1 760
2 55 257
1 585
0
0
0
2 548 345
2 312 568
0
2 771 229
0
2 210 183
1 522
1 576
2 655 509
1 546
0
0
2 280 137
2 467 310
1 142
2 646 454
2 241 146
0
2 88 715
0
0
0
2 396 761
2 741 312
1 441
2 677 176
2 671 399
2 529 595
2 384 272
2 151 445
2 147 666
2 454 469
2 135 641
1 95
0
2 138 194
1 647
2 16 197
1 222
2 466 300
1 616
1 756
0
2 304 50
2 456 711
2 97 406
0
2 89 277
2 48 296
2 139 383
2 32 552
2 196 805
2 276 195
0
0
2 270 139
2 136 776
0
2 24 544
2 349 610
2 400 41
2 49 521
0
2 801 675
1 77
2 430 448
0
2 192 144
2 54 151
0
2 37 66
2 182 65
2 203 643
2 716 306
1 625
2 710 742
0
2 370 706
2 5 404
2 729 55
2 478 654
1 501
0
0
0
2 13 113
1 446
2 745 110
2 131 319
0
1 328
2 696 772
0
2 338 102
0
0
2 357 713
1 364
1 709
2 746 334
2 158 371
2 463 126
0
0
2 112 768
2 507 52
2 175 30
1 413
1 447
1 202
2 123 374
2 235 103
2 485 13
2 607 778
1 237
2 507 264
1 504
2 48 296
2 792 171
1 76
1 655
2 299 792
2 713 133
2 529 595
0
2 290 315
2 427 543
2 327 4
2 802 31
2 244 309
0
2 258 790
2 267 190
2 765 712
1 547
2 277 695
2 784 396
0
2 751 409
0
1 628
2 568 758
2 411 130
2 304 50
1 581
0
2 583 337
2 508 603
0
0
2 245 172
1 585
2 157 663
2 799 308
2 489 92
2 189 556
2 232 366
2 284 33
2 637 431
0
2 39 233
1 289
0
2 321 604
2 628 417
2 662 173
0
2 757 254
2 795 799
0
1 631
2 448 73
2 599 192
2 387 435
2 301 410
2 253 560
0
1 698
2 545 24
1 635
2 398 518
2 787 455
0
1 281
2 543 82
2 804 525
2 420 473
2 290 227
2 332 18
2 371 729
2 740 597
2 64 248
1 687
2 613 598
1 672
0
2 217 721
2 43 177
1 531
0
2 164 350
0
2 458 793
2 459 594
2 283 562
0
2 34 693
2 484 422
2 497 56
1 343
0
2 419 763
2 497 56
0
1 186
2 347 175
0
2 374 390
2 369 210
2 70 487
2 379 437
1 121
2 394 59
2 630 798
2 417 119
1 147
0
2 482 191
2 733 101
2 85 787
2 81 601
2 265 275
2 25 469
0
0
1 471
2 5 404
2 365 411
2 41 652
2 743 109
0
2 30 10
2 359 554
0
2 228 285
2 294 586
2 339 679
2 696 22
0
1 622
2 754 294
0
1 747
0
2 238 68
0
1 331
2 560 743
2 141 452
1 372
0
1 540
0
2 598 394
2 681 54
2 766 82
2 308 332
2 133 449
2 780 291
0
2 587 178
0
1 267
0
1 494
2 235 103
2 480 714
0
2 323 271
2 707 718
2 711 720
2 63 87
1 644
0
0
1 612
0
0
2 31 505
2 782 240
2 295 375
2 264 39
2 650 268
0
2 188 683
2 607 778
0
2 683 419
2 257 549
1 767
1 732
0
2 181 155
2 442 199
2 659 27
0
2 34 693
0
2 652 517
2 673 565
0
1 520
2 100 355
2 306 701
0
1 237
2 141 413
2 421 120
1 115
0
2 102 392
0
0
2 763 320
2 350 746
2 556 456
2 377 346
2 688 100
2 333 253
2 532 516
0
2 273 567
2 478 654
0
0
2 587 178
0
2 205 692
2 224 705
0
0
2 238 68
1 236
2 557 149
1 122
1 428
2 325 357
2 744 326
0
0
2 391 252
2 505 153
2 219 89
2 617 80
2 295 187
1 72
2 159 380
0
0
2 449 12
0
0
2 697 400
2 771 229
2 500 93
2 637 431
0
0
0
2 776 143
2 573 747
2 317 574
2 674 117
2 159 380
2 619 327
2 385 470
1 649
1 217
0
1 33
0
2 262 584
2 519 613
0
0
2 310 483
0
2 555 803
1 576
1 186
2 93 583
2 733 101
2 439 79
2 287 168
0
2 239 801
2 523 226
1 1
2 135 641
2 126 519
0
2 167 182
0
2 621 335
2 610 697
2 171 530
2 37 66
2 735 355
0
1 386
2 433 561
1 717
1 687
2 530 580
2 256 427
2 29 231
2 740 94
2 566 330
2 761 154
1 370
2 499 184
0
2 212 78
1 755
2 406 670
1 6
2 521 391
2 765 712
2 7 636
1 344
1 423
2 154 169
2 212 78
2 40 631
2 274 189
1 571
2 601 361
0
0
2 667 36
2 753 118
1 377
2 470 420
0
1 475
2 495 246
2 421 120
2 670 523
2 546 731
2 119 745
0
2 53 376
2 770 317
2 252 500
0
2 663 302
2 796 333
2 200 367
2 781 577
1 145
2 677 609
2 490 234
0
1 4
2 544 301
0
1 689
2 806 482
0
2 718 794
2 265 275
2 708 623
0
2 674 117
2 653 88
2 387 435
2 742 382
2 580 395
2 28 140
2 541 270
2 251 167
0
0
2 579 74
2 675 49
1 536
2 564 629
2 564 629
2 734 224
0
0
2 753 597
2 779 666
1 258
0
1 17
2 407 47
0
2 315 806
2 339 709
1 479
0
2 43 177
1 462
2 85 322
2 692 386
2 300 618
0
2 620 356
2 762 261
2 483 722
0
0
1 638
2 541 409
2 803 592
2 759 504
2 426 378
1 358
0
0
2 528 200
2 673 565
1 360
2 233 754
2 28 140
2 7 636
1 494
0
1 193
2 594 550
1 442
0
2 153 757
2 768 338
0
2 433 561
1 491
0
1 331
0
0
2 272 734
2 549 795
0
1 150
2 124 463
2 225 303
2 329 725
0
2 302 349
1 804
2 725 486
2 608 620
1 698
2 309 262
2 667 36
0
0
2 367 123
0
1 496
2 682 188
2 59 418
2 589 634
1 214
1 354
2 334 542
2 298 274
1 573
0
2 794 659
0
1 342
1 96
2 29 231
0
2 326 321
0
1 468
1 605
2 84 807
2 204 451
0
2 176 651
2 314 232
0
2 800 329
1 786
0
0
0
2 570 8
1 115
2 486 690
1 142
1 481
1 341
2 345 545
2 21 539
0
2 228 285
0
2 468 559
2 130 112
2 498 476
1 658
0
2 699 681
0
2 284 786
1 14
0
2 230 581
2 215 286
0
0
1 658
1 522
2 196 805
2 517 263
2 588 280
0
0
0
0
0
2 254 784
2 19 206
1 540
2 65 324
2 589 634
2 60 511
2 788 780
2 630 109
1 422
0
