849 766 854
1 150
2 721 416
2 716 277
1 336
2 471 535
1 621
2 661 638
2 201 751
0
2 705 67
2 350 24
2 118 131
2 124 704
2 66 511
2 577 200
2 406 733
2 749 312
0
2 114 168
2 472 18
2 83 398
2 261 591
2 627 433
2 60 454
2 371 351
2 70 706
2 143 35
2 477 133
2 365 38
1 126
1 525
2 587 74
0
2 162 225
2 648 594
2 312 391
1 703
2 460 291
2 106 79
2 138 120
2 349 643
2 632 581
2 207 238
0
2 34 719
2 89 68
1 552
2 533 460
2 423 14
2 339 174
0
2 235 625
2 244 389
2 473 255
0
2 495 177
2 92 366
2 663 684
2 283 426
2 652 2
2 744 588
2 1 162
2 503 468
2 604 519
2 332 353
2 518 202
2 11 304
2 151 223
2 474 85
2 103 232
1 740
2 456 666
2 462 201
2 403 108
2 241 710
2 500 192
2 47 654
2 249 310
2 685 280
2 120 543
2 164 599
2 707 415
2 540 25
2 579 373
2 26 1
2 650 98
2 566 338
2 534 319
2 326 329
2 617 396
0
2 86 299
2 550 349
2 450 151
1 54
2 543 64
1 63
2 232 139
2 481 13
2 45 469
0
2 588 28
2 88 590
2 596 453
2 586 490
2 369 42
2 590 309
2 476 260
2 580 314
2 419 673
0
2 452 671
2 649 471
2 264 682
2 694 59
2 35 190
2 462 234
2 494 538
2 485 676
0
1 33
2 271 624
2 615 144
0
2 487 597
2 185 285
2 732 340
1 739
2 410 539
2 581 93
2 691 714
2 505 152
2 464 155
2 250 438
2 217 394
2 466 198
2 197 268
2 152 436
2 105 47
2 314 540
2 427 96
1 478
2 248 181
2 608 293
2 216 419
2 422 553
2 486 761
2 467 722
2 616 552
2 189 568
2 228 580
2 698 707
2 24 614
2 601 103
2 52 585
2 382 119
0
2 141 420
0
2 513 21
2 265 512
2 675 427
2 724 631
2 433 72
2 405 448
1 641
2 730 336
2 259 90
2 353 172
2 562 31
2 253 328
0
2 531 612
2 697 276
2 204 424
2 398 721
2 417 346
2 718 91
2 383 498
2 345 562
2 381 56
2 186 437
2 589 726
2 96 566
2 657 425
2 182 4
2 500 434
2 147 577
2 354 282
2 465 747
2 258 470
2 512 514
2 270 445
2 614 766
2 699 134
2 576 466
2 414 708
1 77
2 747 728
2 653 640
1 260
2 557 294
2 285 362
1 163
0
2 199 338
2 342 279
1 687
2 168 286
2 582 194
2 157 496
2 431 764
2 670 662
2 117 605
0
2 446 258
1 426
2 408 183
2 762 456
2 238 127
2 480 110
2 397 371
2 507 737
2 547 411
1 135
2 234 703
2 277 475
2 43 311
2 9 262
2 521 206
2 61 539
2 36 88
2 224 545
2 177 665
2 164 145
0
2 373 474
2 496 578
2 62 546
2 203 274
2 717 472
2 445 355
2 451 27
1 140
2 544 528
2 334 130
2 532 100
2 73 95
2 4 735
2 161 554
2 330 738
2 662 7
2 193 493
2 677 240
2 324 281
2 98 695
2 218 561
2 642 61
2 415 755
2 333 429
2 132 730
2 304 729
2 174 659
2 133 278
2 10 289
2 146 674
2 209 265
2 208 352
2 502 297
2 432 688
2 410 617
2 69 256
2 239 266
2 766 184
2 693 221
2 308 515
2 556 217
0
1 760
2 602 508
0
1 449
2 65 572
2 32 69
2 307 525
2 54 214
2 273 693
2 680 544
2 607 212
2 19 560
2 738 153
2 320 188
2 668 487
2 682 482
2 676 203
2 618 401
2 16 264
1 33
2 513 424
2 468 227
2 78 526
2 470 173
2 360 239
2 664 313
2 737 587
2 92 711
1 683
2 100 656
2 143 318
2 411 412
2 363 117
2 594 106
2 692 243
2 558 186
2 352 107
2 638 224
2 135 242
1 335
2 715 359
2 658 431
2 204 149
2 709 743
2 443 705
2 453 485
1 442
2 711 451
2 430 193
2 694 685
2 125 710
2 388 527
2 754 3
2 564 630
2 27 208
1 691
2 504 231
2 435 86
1 674
2 368 237
2 645 441
2 758 211
0
2 418 627
2 739 469
2 611 464
2 219 11
2 139 41
2 641 516
2 214 534
2 748 123
2 593 446
2 595 77
2 497 563
2 17 324
2 515 348
2 535 480
2 722 339
2 42 136
1 316
2 56 46
2 321 284
2 416 66
2 74 383
2 243 189
2 644 148
2 281 337
2 461 678
2 625 465
2 107 477
2 386 428
2 200 118
1 358
2 301 443
1 620
2 15 121
2 179 598
2 511 639
2 230 574
2 279 602
2 727 390
2 296 732
2 563 582
2 678 409
2 111 101
2 18 39
2 242 620
2 227 559
2 357 49
2 476 573
2 700 406
2 192 252
2 341 63
0
2 231 570
2 102 751
2 262 379
2 84 55
2 723 78
2 736 116
2 170 752
2 295 491
2 646 298
2 616 50
2 475 430
2 51 331
2 196 219
2 167 287
2 104 731
2 429 619
2 79 549
2 176 141
1 325
1 434
1 442
2 154 548
2 761 459
1 126
2 726 381
2 498 626
2 491 372
2 526 489
2 672 122
2 407 569
2 750 275
2 612 663
2 630 765
2 574 483
2 191 609
2 313 269
2 97 504
2 483 53
0
2 269 327
2 591 388
2 686 755
2 673 75
2 725 365
2 647 70
2 583 44
2 688 595
2 346 87
2 175 81
2 626 560
2 37 273
2 309 347
2 660 360
2 59 699
2 34 246
2 306 713
1 132
2 765 611
0
2 405 542
2 689 130
2 286 692
2 592 621
2 171 439
2 329 247
2 212 345
2 226 40
0
2 21 301
2 110 137
2 631 62
0
2 695 229
2 404 497
2 760 251
2 272 306
2 289 506
2 493 169
0
2 578 421
1 536
2 247 589
2 713 138
2 402 648
2 651 450
2 268 550
2 248 531
2 245 122
2 82 748
0
0
2 90 555
2 348 522
2 39 661
2 573 606
2 160 172
2 256 115
2 274 718
2 585 228
0
0
2 275 440
2 412 407
2 571 128
2 5 250
2 294 532
2 67 52
2 288 642
1 763
2 99 501
2 372 65
2 292 672
2 137 292
2 315 652
2 746 392
2 444 556
2 696 463
2 596 46
2 752 455
2 91 261
2 350 335
2 742 586
2 635 380
2 488 216
2 48 57
2 359 664
2 637 271
2 13 644
2 395 48
1 520
2 385 632
2 514 83
2 542 608
2 155 254
2 14 333
2 322 82
2 298 503
2 553 697
2 236 344
0
1 29
1 334
2 85 509
2 211 102
1 551
2 123 679
2 706 584
2 280 183
2 759 720
2 31 15
0
2 499 709
2 570 8
2 119 332
2 72 374
2 396 182
2 291 171
2 679 305
2 463 623
1 30
2 438 386
2 653 615
1 307
0
1 94
0
2 538 571
2 94 199
2 229 607
2 108 136
2 355 263
2 609 762
2 606 315
2 81 165
2 671 357
2 714 367
2 233 486
2 249 302
2 207 687
1 533
2 159 618
1 740
2 754 579
2 745 297
1 87
2 129 610
2 55 680
2 447 296
2 369 170
2 95 603
2 210 746
0
2 180 387
2 128 363
2 311 218
2 278 129
2 389 233
2 728 270
2 166 530
2 340 158
2 639 689
2 393 628
2 380 180
1 29
2 284 758
1 220
2 584 197
1 71
2 167 723
2 361 163
0
2 656 356
2 131 422
1 683
2 3 58
2 704 202
2 325 89
2 669 763
2 374 111
2 529 377
1 668
2 290 650
1 205
2 734 237
2 188 734
0
2 57 97
2 146 241
0
0
2 624 385
2 528 154
0
0
1 370
2 190 150
2 634 479
2 400 58
1 71
2 708 658
2 576 495
2 93 84
2 408 567
2 502 104
2 316 568
2 331 402
2 690 326
2 545 76
2 282 633
2 654 376
2 80 403
2 628 467
2 75 634
2 554 717
2 520 321
2 665 488
2 343 317
1 80
2 684 444
2 257 342
2 572 484
2 603 36
2 449 157
2 546 647
2 600 23
2 178 121
2 729 10
2 482 423
2 7 605
2 344 159
2 347 390
2 537 523
2 377 198
2 437 124
2 251 395
2 441 295
2 323 447
2 299 300
2 158 575
2 240 715
2 266 382
2 669 205
2 125 317
2 490 12
1 599
2 743 558
0
2 101 384
2 659 749
2 720 220
2 549 499
2 517 593
2 300 655
2 351 613
2 610 505
2 2 660
2 387 196
2 523 364
2 134 209
2 225 354
2 598 690
2 510 226
2 459 667
2 178 244
2 613 759
2 455 235
2 551 112
2 53 179
2 457 601
2 575 20
2 420 213
2 555 649
2 536 750
2 548 253
2 559 320
2 636 322
0
2 753 195
2 165 418
2 40 417
1 506
2 194 9
2 561 657
2 293 414
2 254 330
2 597 16
2 213 756
2 142 712
2 428 744
2 19 17
2 731 341
2 367 564
2 735 521
2 263 99
1 384
2 392 413
2 569 308
2 327 604
0
2 215 473
2 719 153
2 184 622
2 169 397
2 37 376
2 176 370
2 356 510
2 567 26
2 328 112
2 255 492
2 222 702
2 302 742
2 702 461
2 764 185
2 362 246
2 454 716
2 727 287
2 379 519
2 666 432
2 64 378
2 276 288
2 643 105
2 127 267
2 478 516
2 305 457
2 399 557
2 173 409
2 375 45
2 524 677
2 484 494
2 629 529
1 361
2 50 635
2 142 741
0
2 68 175
2 147 741
2 221 166
2 41 181
2 619 283
2 745 724
2 400 337
2 38 6
2 358 303
2 160 252
2 51 375
2 633 524
0
2 144 736
2 509 565
2 527 629
2 686 60
2 421 583
0
2 479 725
2 116 43
1 366
2 401 191
1 20
2 156 222
2 394 675
2 25 681
2 530 651
2 195 156
2 756 272
2 22 636
2 667 458
2 149 257
2 44 700
2 109 600
2 413 368
2 303 22
2 522 452
2 489 696
2 364 32
2 245 393
2 148 637
2 565 404
2 391 323
2 425 753
2 115 145
2 436 518
2 206 215
0
2 8 109
2 622 113
2 113 517
2 161 28
2 508 541
2 440 259
2 236 23
2 439 187
2 187 399
2 49 140
2 655 290
2 733 507
2 76 5
0
2 435 701
2 757 448
2 712 230
1 6
2 541 114
1 30
2 623 210
2 681 343
2 670 701
2 458 73
2 223 537
2 492 757
2 319 547
2 481 640
1 592
1 318
2 12 646
2 310 501
2 378 698
2 267 645
2 700 180
2 676 837
2 463 438
2 516 496
2 304 413
2 767 321
2 285 169
2 728 395
2 189 157
2 228 334
2 420 381
2 424 300
2 734 267
2 748 196
2 35 813
2 664 595
2 68 190
2 608 398
2 620 56
2 7 390
2 702 806
2 293 109
2 780 225
2 590 686
2 318 468
2 391 582
2 153 497
2 359 404
2 834 20
2 630 144
2 227 192
2 44 570
2 184 323
2 508 829
2 827 753
2 190 655
1 222
2 331 531
2 544 76
2 51 787
2 373 694
2 345 79
2 58 545
2 357 356
2 812 713
2 260 232
2 30 219
2 367 331
2 214 525
2 554 572
2 846 105
2 231 646
2 218 693
2 65 522
2 194 640
2 680 782
2 37 486
2 667 410
2 549 41
2 750 237
2 386 757
2 417 508
2 444 721
2 662 461
2 663 456
2 564 134
2 763 248
2 561 55
2 761 234
2 28 213
2 740 683
2 573 342
2 788 142
1 52
2 2 514
2 560 786
2 130 785
2 339 90
2 41 651
2 787 482
2 10 116
2 526 483
2 699 615
2 825 87
2 594 417
2 416 167
2 66 6
2 307 8
2 650 736
2 605 61
2 11 457
2 3 835
2 294 373
2 271 561
2 29 746
2 482 326
2 258 118
2 213 704
2 794 714
2 547 160
2 441 524
1 740
2 440 383
2 445 388
2 380 760
2 627 547
2 383 682
2 473 292
2 507 152
2 287 181
2 431 42
2 316 724
2 726 304
2 166 540
2 247 230
2 54 412
2 577 226
2 437 779
2 498 603
2 144 559
2 406 739
2 203 338
2 647 783
2 364 78
2 467 695
2 238 488
2 268 106
2 215 32
2 132 398
2 79 805
2 399 295
2 593 136
2 490 376
2 681 768
2 202 804
2 301 215
2 168 94
2 136 459
2 200 130
2 152 699
2 262 336
2 556 193
2 131 826
2 442 172
2 397 287
2 70 814
2 216 820
2 842 727
2 759 739
2 656 797
2 821 507
2 60 526
2 381 298
2 534 28
2 253 705
2 477 637
2 138 566
2 816 626
2 651 378
2 125 162
2 351 475
2 217 262
2 687 606
2 225 558
2 91 120
2 50 379
2 10 567
2 579 175
2 263 114
2 439 245
2 277 541
2 327 379
2 137 633
2 460 422
2 487 815
2 806 676
2 45 815
2 532 528
2 553 352
2 313 439
2 407 765
2 355 401
2 47 518
2 336 103
2 14 113
2 511 447
2 157 395
2 836 35
2 850 643
2 469 272
2 139 121
2 475 485
2 697 100
2 298 552
2 453 735
2 464 732
2 251 691
2 675 116
2 272 67
2 631 852
2 443 158
2 425 365
2 488 523
2 491 90
2 5 533
2 465 384
2 174 348
2 599 537
2 56 34
2 790 311
2 521 840
2 622 346
2 155 845
2 596 62
2 700 798
2 563 139
2 767 269
2 448 833
2 575 573
2 545 63
2 811 183
2 353 318
2 86 31
2 853 513
2 489 223
2 823 188
2 438 719
2 98 610
2 102 773
2 639 368
2 745 596
2 240 440
2 257 283
2 782 374
1 527
2 757 580
2 87 761
2 840 119
2 319 512
2 495 789
2 689 7
2 100 314
2 480 82
2 435 62
2 819 259
2 128 96
2 322 221
2 665 110
2 447 335
2 350 93
2 15 617
2 321 418
2 613 310
2 210 692
2 560 254
2 167 551
2 265 264
2 85 745
2 514 432
2 428 81
2 612 454
2 248 89
2 572 309
2 404 385
2 198 43
2 564 387
2 377 351
2 764 276
2 229 270
2 449 652
2 132 605
2 602 405
2 337 17
2 552 781
2 701 161
2 466 581
2 427 202
2 4 369
2 600 484
2 529 289
2 841 27
2 141 486
2 766 159
2 671 602
2 122 273
2 29 818
2 481 701
2 426 819
2 660 848
1 180
2 617 648
2 749 668
2 584 467
2 540 672
2 603 495
2 604 303
2 703 166
2 823 209
2 125 366
2 721 809
2 499 774
2 121 429
2 186 337
2 33 290
2 31 44
2 37 305
2 623 457
2 221 673
2 614 747
2 513 191
2 474 845
2 753 544
2 588 725
2 479 355
2 276 328
2 169 257
2 717 543
2 126 320
2 349 641
2 585 622
2 487 151
2 666 808
2 129 228
2 388 498
2 396 649
2 305 480
2 220 613
2 247 111
2 415 493
2 382 147
2 375 770
2 472 731
2 82 764
2 399 77
2 555 239
2 709 3
2 117 788
2 170 369
2 743 629
2 84 711
2 623 432
2 550 780
2 188 683
2 199 490
2 754 763
2 704 434
2 461 23
2 818 307
2 308 246
2 795 563
2 470 484
2 716 341
2 32 153
2 581 244
2 413 811
2 727 554
2 443 134
2 39 431
2 765 587
2 775 122
2 837 748
2 570 553
2 725 656
2 509 645
2 155 4
2 493 543
2 646 469
2 328 359
2 800 843
2 813 424
2 261 372
2 97 129
2 142 612
2 333 189
2 163 57
2 196 423
2 708 478
2 348 529
2 53 400
2 419 268
2 341 790
2 539 193
2 408 227
2 390 389
2 19 506
2 809 685
2 625 194
2 473 822
2 707 664
2 77 516
2 828 363
2 634 145
2 239 206
1 252
2 773 722
2 150 674
2 446 499
2 574 409
2 208 696
2 733 371
2 46 854
2 759 204
2 719 220
2 501 492
2 684 754
2 317 502
2 195 357
2 81 778
2 76 586
2 803 816
2 546 108
2 5 114
2 269 847
2 771 66
2 820 280
2 435 567
2 518 407
2 352 538
2 371 451
2 774 690
2 171 366
2 95 450
2 710 275
2 633 667
2 731 597
2 478 358
2 598 557
2 290 738
2 500 555
2 358 205
2 84 769
2 738 179
2 109 382
2 669 354
2 181 568
2 26 158
2 471 391
2 73 297
2 652 470
2 758 236
2 361 403
2 538 462
2 644 481
2 682 13
2 653 186
2 230 453
2 288 654
2 140 104
2 772 589
2 597 199
2 793 496
2 91 494
2 658 812
2 34 588
2 406 124
2 242 839
2 736 135
2 848 313
2 274 830
2 53 288
2 162 97
2 183 325
2 606 319
2 103 396
2 551 101
2 712 716
2 600 343
2 177 140
2 43 476
2 310 621
2 362 96
2 119 777
2 241 717
2 135 47
2 104 51
2 831 827
2 127 271
2 94 294
2 131 137
2 817 277
2 670 308
2 273 732
2 378 802
2 175 212
2 244 178
2 389 285
2 822 832
2 828 527
2 405 578
2 789 532
2 705 821
2 393 120
2 74 88
2 275 75
2 191 95
2 576 133
2 123 681
2 365 322
2 334 253
2 678 85
2 634 762
2 542 78
2 451 766
2 315 171
2 325 315
2 535 750
2 12 661
2 16 427
2 24 718
2 445 27
2 696 291
2 528 293
2 420 402
2 18 380
2 59 720
2 173 397
2 755 784
2 641 33
2 25 203
2 714 509
2 571 755
2 6 226
2 72 345
2 485 702
2 494 442
2 376 601
2 525 428
2 592 670
2 854 444
2 814 460
2 636 156
2 769 421
2 324 415
2 384 807
2 234 607
2 138 412
2 115 791
2 246 591
2 582 394
1 360
2 455 630
2 245 333
2 258 254
2 143 666
2 206 185
2 637 663
2 558 752
2 61 511
2 531 242
2 591 737
2 718 729
2 52 356
2 768 800
2 631 647
2 154 502
2 635 145
2 323 209
2 454 69
2 779 576
2 751 640
2 101 660
2 728 510
2 314 107
2 557 575
2 832 535
2 403 370
2 724 625
2 295 48
2 332 216
2 339 642
2 58 668
2 367 30
2 282 604
2 583 679
2 375 825
2 149 108
2 235 802
2 611 80
2 674 426
2 176 419
2 627 208
2 110 148
2 278 12
1 506
2 1 243
2 133 474
2 610 265
2 385 611
2 693 332
2 67 697
2 741 503
2 106 491
2 423 658
2 824 723
2 720 1
2 224 329
2 838 638
2 742 284
2 394 168
1 433
2 317 446
2 329 306
2 402 252
2 673 83
2 300 70
2 19 758
2 372 589
2 267 624
2 546 260
2 21 364
2 752 408
2 344 458
2 584 510
2 756 416
2 286 69
2 834 632
2 577 801
2 197 393
2 784 500
2 281 536
2 456 608
2 360 192
2 338 72
2 259 771
2 207 846
1 559
2 54 614
2 662 798
2 201 165
2 587 715
2 847 747
2 691 585
2 464 680
2 805 150
2 448 164
2 616 118
2 11 659
2 492 831
2 810 650
2 283 9
2 643 519
2 785 548
2 772 562
2 723 842
2 568 201
2 93 689
2 616 698
2 374 173
2 706 324
2 711 421
2 410 16
2 452 174
2 159 792
2 148 240
2 141 521
2 512 471
2 688 541
2 628 569
2 89 198
2 672 214
2 117 219
2 156 282
2 13 362
2 849 505
2 462 524
2 401 734
2 343 571
2 629 733
2 744 176
2 835 211
2 838 197
2 692 349
2 17 477
2 556 292
1 632
2 760 677
2 791 387
2 808 479
2 476 635
2 801 619
2 309 68
2 236 742
2 586 143
2 22 795
2 211 609
2 468 71
2 80 593
2 237 653
2 243 684
2 505 411
2 735 377
2 829 850
2 57 810
2 392 274
2 280 414
2 628 218
2 71 455
2 291 231
2 583 648
2 205 163
2 504 534
1 807
2 626 182
2 212 726
2 241 710
2 20 49
2 685 749
2 520 592
2 746 229
2 430 40
2 370 550
2 830 45
2 235 762
2 311 102
2 264 14
2 172 251
2 601 15
2 695 703
2 182 279
2 255 330
2 843 386
2 222 465
0
2 48 472
2 335 639
2 107 542
2 537 195
2 661 517
2 450 466
2 400 301
2 223 42
2 99 65
2 179 497
2 781 112
2 621 353
2 644 306
2 803 797
2 83 392
2 164 594
2 786 21
2 522 347
2 657 796
2 642 18
2 796 533
2 346 238
2 523 184
2 686 463
2 154 36
2 722 286
2 342 449
2 326 233
2 422 678
2 694 200
2 63 530
1 23
2 737 504
2 266 425
2 429 713
2 74 92
2 302 210
2 792 437
2 515 344
2 49 793
2 204 59
2 255 569
2 770 489
2 232 361
2 836 111
2 161 741
2 434 284
2 778 549
2 149 687
2 281 327
1 36
2 261 187
2 115 599
2 501 418
2 519 302
2 580 124
2 783 574
2 607 776
2 147 515
2 669 590
2 777 73
2 730 715
2 165 26
2 409 98
2 38 536
2 303 598
2 38 775
2 146 657
2 804 217
2 615 312
2 503 127
2 40 146
2 279 177
2 250 520
2 414 618
2 151 452
2 297 707
2 340 688
2 517 170
2 187 250
2 178 316
2 690 24
2 411 671
2 817 824
2 645 25
2 776 712
2 655 744
2 113 430
2 578 441
2 459 128
2 368 99
2 751 841
2 185 340
2 112 851
2 851 22
2 350 207
2 289 436
2 75 579
2 636 619
2 839 296
2 296 266
1 458
2 609 756
2 595 86
2 9 123
2 354 649
2 709 224
2 256 2
2 330 708
2 88 363
2 436 620
2 263 833
2 729 278
2 312 706
2 548 675
2 618 665
2 55 849
2 347 256
2 8 853
2 794 826
2 92 566
2 659 50
2 677 46
2 483 320
2 233 60
2 530 743
2 594 417
2 750 237
2 826 675
2 511 447
2 9 123
2 506 38
2 20 834
2 206 185
2 311 102
2 89 198
2 754 763
2 760 677
2 794 714
2 214 525
2 245 333
2 695 703
2 395 732
2 7 390
2 514 635
2 252 41
2 125 162
2 187 250
2 688 541
2 420 381
2 699 615
2 164 594
2 480 82
2 23 562
2 30 421
2 236 258
2 439 245
2 411 671
2 431 496
2 78 569
2 516 284
2 148 240
2 644 281
2 114 144
2 390 389
2 274 830
2 704 434
2 402 192
2 409 98
2 73 297
2 700 90
2 765 587
2 200 130
2 571 755
2 625 194
2 759 204
2 501 223
2 334 253
2 358 205
2 29 154
2 150 674
2 407 765
2 755 784
2 635 277
2 247 230
2 669 590
2 85 745
2 606 319
2 118 562
2 482 326
2 451 766
2 837 748
2 228 334
2 260 232
2 671 602
2 471 391
2 96 580
2 225 558
2 618 665
2 44 570
2 181 568
2 283 9
2 470 484
2 446 499
2 544 76
2 249 105
2 361 403
2 592 670
2 485 702
2 805 150
2 761 234
2 709 3
2 454 634
2 240 440
2 546 260
2 579 175
2 532 528
2 37 802
2 79 805
2 807 577
2 665 110
2 262 336
2 784 500
2 416 167
2 107 542
2 322 221
2 408 227
2 457 815
2 534 28
2 50 249
2 694 200
2 753 544
2 276 328
2 608 730
2 185 340
2 811 183
2 752 408
2 516 502
2 112 851
2 436 620
2 405 578
2 574 409
2 474 845
2 813 424
2 477 637
2 51 787
2 333 189
2 171 366
2 308 246
2 401 734
2 616 577
2 767 360
2 545 63
2 576 133
2 385 611
2 658 812
2 424 300
2 77 54
2 359 404
2 453 735
2 798 566
2 717 801
2 183 325
2 104 51
2 213 704
2 421 496
2 803 816
2 255 740
2 767 263
2 647 783
2 578 441
2 357 431
2 836 122
2 509 645
2 487 151
2 527 215
2 271 561
2 593 136
2 617 648
2 259 771
2 490 376
2 40 146
2 141 521
2 106 491
2 156 282
2 323 321
2 350 84
2 417 508
2 20 769
2 105 569
2 403 370
2 161 741
2 317 114
2 620 56
2 310 621
2 627 208
2 531 242
2 402 632
2 121 429
2 554 572
2 232 361
2 803 616
2 680 782
2 628 826
2 205 163
2 720 1
2 434 284
2 61 511
2 587 324
2 552 781
2 346 238
2 479 355
2 839 296
2 749 668
2 725 656
2 299 142
2 303 598
2 619 36
2 220 613
2 790 311
2 430 40
2 243 684
2 394 168
2 11 454
2 323 197
2 35 813
2 396 730
2 267 624
2 603 495
2 487 209
2 224 659
2 639 368
2 58 556
2 82 764
2 735 377
2 729 278
2 306 717
2 660 848
2 626 182
2 29 818
2 368 99
2 173 397
2 427 202
2 610 265
2 684 754
2 145 461
2 701 161
2 146 657
2 561 55
2 169 257
2 508 829
2 392 274
2 721 809
2 705 821
2 551 101
2 330 708
2 555 239
2 28 213
2 693 332
2 510 19
2 291 231
2 636 623
2 170 369
2 58 545
2 186 337
2 210 692
2 103 223
2 327 649
2 588 725
2 628 218
2 817 92
2 523 184
2 736 135
2 131 683
2 339 828
2 123 681
2 600 343
2 21 235
2 207 96
2 376 601
2 65 522
2 602 405
2 151 452
2 563 139
2 75 579
2 84 88
2 528 293
2 102 773
2 314 107
2 703 166
2 377 351
2 337 17
2 63 530
2 168 94
2 290 738
2 67 697
2 25 203
2 279 177
2 644 481
2 495 789
2 710 275
2 460 422
2 463 438
2 404 385
2 174 348
2 775 769
2 514 254
2 850 643
2 778 549
2 415 462
2 238 488
2 56 34
2 418 193
2 422 678
2 198 43
2 609 756
2 331 531
2 325 315
2 442 172
2 425 365
2 629 733
2 176 419
2 580 108
2 46 854
2 3 835
2 835 211
2 162 97
2 339 642
2 261 187
2 763 248
2 591 737
2 177 140
2 838 457
2 450 466
2 383 682
2 398 369
2 98 610
2 68 190
2 33 290
2 507 152
2 832 535
2 277 527
2 706 324
2 122 288
2 307 8
2 685 749
2 126 834
2 520 592
2 655 744
2 36 263
2 546 565
2 810 650
2 738 179
2 235 179
2 650 736
2 601 15
2 501 492
2 637 663
2 525 428
2 126 547
2 273 649
2 799 679
2 614 306
2 833 823
2 727 554
2 268 106
2 270 432
2 452 174
2 312 706
2 636 156
2 848 313
2 45 815
2 682 13
2 581 244
2 294 373
2 420 219
2 318 468
2 764 276
2 663 456
2 829 850
2 100 314
2 673 83
2 724 625
2 261 69
2 349 641
2 653 186
2 396 207
2 488 523
2 133 474
2 505 411
2 26 158
2 412 269
2 295 48
2 517 170
2 627 406
2 189 458
2 353 318
2 371 451
2 825 87
2 558 752
2 619 560
2 785 548
2 344 458
2 326 233
2 773 722
2 59 720
2 518 407
2 17 477
2 570 553
2 638 506
2 338 72
2 768 800
2 1 243
2 109 382
2 218 693
2 13 362
2 190 655
2 12 661
2 817 824
2 202 804
2 343 571
2 605 61
2 621 353
2 702 806
2 296 266
2 53 846
2 604 303
2 492 831
2 155 418
2 776 712
2 91 623
2 707 664
2 191 95
2 448 117
2 429 713
2 132 77
2 853 513
2 513 191
2 661 517
2 172 251
2 526 483
2 676 837
2 830 45
2 370 550
2 397 287
2 816 626
2 119 777
2 300 70
2 672 214
2 838 356
2 14 113
2 549 41
2 217 262
2 800 843
2 428 81
2 719 220
2 585 622
2 342 449
2 780 225
2 847 484
2 709 180
2 136 459
2 355 401
2 681 768
2 242 839
2 275 75
2 743 629
2 476 596
2 97 129
2 410 16
2 697 100
2 795 563
2 744 176
2 256 2
2 141 66
2 127 271
2 305 480
2 178 316
2 445 388
2 590 686
2 696 291
2 575 573
2 737 504
2 414 618
2 820 280
2 367 331
2 796 533
2 539 559
2 24 718
2 199 490
2 646 469
2 2 360
2 723 842
2 444 721
2 142 762
2 139 121
2 726 304
2 689 7
2 99 65
2 87 761
2 438 719
2 473 548
2 328 359
2 4 566
2 201 165
2 413 811
2 794 583
2 540 672
2 478 358
2 159 792
2 388 498
2 332 216
2 584 467
2 374 173
2 774 690
2 380 760
2 733 371
2 522 347
2 613 310
2 792 437
2 464 680
2 521 840
2 712 716
2 553 352
2 586 143
2 788 226
2 542 78
2 115 39
2 854 444
2 500 555
2 80 593
2 43 476
2 595 86
2 529 289
2 234 607
2 83 392
2 748 196
2 351 475
2 125 19
2 475 485
2 466 581
2 833 435
2 851 22
2 459 128
2 722 286
2 49 327
2 335 639
2 244 178
2 849 505
2 519 302
2 583 23
2 499 774
2 382 147
2 819 259
2 515 344
2 741 503
2 131 137
2 365 322
2 367 433
2 818 307
2 304 413
2 241 713
2 55 849
2 437 779
2 745 596
2 152 699
2 289 436
2 91 494
2 787 482
2 426 819
2 257 283
2 319 512
2 8 853
2 771 66
2 76 586
2 94 294
2 42 539
2 69 845
2 70 814
2 350 93
2 175 212
2 16 427
2 266 425
2 808 479
2 809 685
2 538 462
2 265 264
2 313 439
2 716 341
2 48 472
2 607 776
2 336 103
2 448 164
2 656 797
2 95 450
2 239 206
2 779 576
2 766 159
2 473 822
2 708 478
2 21 54
2 464 329
2 836 35
2 840 119
2 375 825
2 821 507
2 345 79
2 341 790
2 777 73
2 582 394
2 253 705
2 18 380
2 31 44
2 386 757
2 135 47
2 440 383
2 293 109
2 630 6
2 22 795
2 827 753
2 652 470
2 445 614
2 467 695
2 163 57
2 465 292
2 340 688
2 504 534
2 348 529
2 110 148
2 395 793
2 567 461
2 822 832
2 101 660
2 494 442
2 598 557
2 611 80
2 597 199
2 137 633
2 468 71
2 381 298
2 631 647
2 759 747
2 132 605
2 282 604
2 81 778
2 567 288
2 286 52
2 781 112
2 718 729
2 203 338
2 231 646
2 352 538
2 550 780
2 824 723
2 147 515
2 472 731
2 687 606
2 72 345
2 643 519
2 568 201
2 204 59
2 250 520
2 645 25
2 285 169
2 196 423
2 128 537
2 634 120
2 678 85
2 373 694
2 714 509
2 530 743
2 677 46
2 512 471
2 831 827
2 212 726
2 756 416
2 503 127
2 535 750
2 631 456
2 130 785
2 211 609
2 221 673
2 264 14
2 691 585
2 572 309
2 237 653
2 389 285
2 215 366
2 633 667
2 641 33
2 782 374
2 573 342
2 280 414
2 584 160
2 559 160
2 236 273
2 316 724
2 315 171
2 287 181
2 406 747
2 804 217
2 498 603
2 302 210
2 612 74
2 246 591
2 674 426
2 615 312
2 166 540
2 683 812
2 667 410
2 6 648
2 669 4
2 356 50
2 449 652
2 423 658
2 57 810
2 399 158
2 34 588
2 481 701
2 247 138
2 167 551
2 690 24
2 814 460
2 233 60
2 230 453
2 297 707
2 11 502
2 657 796
2 209 799
2 734 267
2 129 228
2 391 582
2 60 526
2 251 691
2 143 666
2 74 364
2 37 305
2 255 330
2 140 104
2 399 295
2 692 349
2 686 463
2 93 689
2 789 532
2 788 384
2 455 630
2 806 676
2 842 727
2 317 446
2 149 687
2 165 26
2 47 518
2 775 154
2 272 67
2 248 89
2 144 802
2 700 828
2 419 268
2 664 595
2 698 116
2 447 335
2 783 574
2 86 31
2 15 617
2 556 195
2 533 770
2 49 441
2 642 18
2 666 808
2 843 386
2 149 42
2 278 12
2 469 272
2 670 308
2 309 68
2 241 710
2 292 486
2 208 696
2 113 430
2 375 117
2 108 227
2 182 279
2 347 256
2 772 728
2 71 455
2 600 252
2 216 820
2 557 575
2 638 372
2 622 346
2 731 597
2 298 552
