17 48
285920251 RED
816096611 BLACK
893609675 RED
427336531 RED
563260337 BLACK
950284979 BLACK
660413524 RED
380346005 BLACK
756205543 RED
699250271 BLACK
980631598 RED
713196 RED
207066922 BLACK
89433012 RED
126507978 BLACK
163237996 RED
46070175 BLACK
844884527 421944862 136072802 32435814 810568894 199123243 66610454 922347062 564735527 317773718 107644495 65260048 442437938 688169001 341340233 382590302 559073523 30045436 814953460 593176922 663204128 261588763 948950950 686617923 199606026 742501180 116934502 54841878 752538016 298849516 831614071 977183027 784344839 284165337 961977315 129146815 270182171 107377059 720604863 866959047 604460213 924623789 169526516 427261862 18318557 151351941 971550276 535140150
