20 46
238846592 BLACK
199923217 RED
526626128 BLACK
62308338 RED
523811748 RED
59432 BLACK
273113193 BLACK
730729301 BLACK
973259012 RED
225318015 BLACK
611574923 RED
234880345 RED
485448383 BLACK
405607946 BLACK
747693124 RED
794086621 BLACK
91585417 BLACK
466451303 RED
244184598 RED
334788273 RED
348625687 814302877 917634347 558035643 504118766 651809671 711974799 282740250 950624078 798686258 892331486 489765613 147339305 60578725 293713521 729492438 693405934 487153272 727010806 767399988 663205140 232891360 937001508 856896259 971118924 631700694 246122374 945971441 456825109 72208741 26498583 411741218 962793466 675364117 576147538 946595119 192847980 334857362 22173847 582503626 343615792 199325076 738184912 730015006 513888892 489641973
