13 49
107689803 BLACK
17641182 BLACK
719317410 RED
998074505 RED
629653125 BLACK
596623825 RED
302505396 BLACK
755371774 BLACK
894467843 BLACK
4346620 RED
67686851 RED
195025022 RED
843051518 RED
549024576 858137241 623250360 760797781 289351341 882742196 363095414 925898076 534873997 550178294 522009851 248787726 146995550 943679196 159065037 686628386 845616948 234508272 768327937 203847645 105059717 430712572 521438658 395764704 129554463 809139201 651198069 9921449 534069914 14212966 372839144 911546200 314628134 941140337 906828741 440762580 513646205 830352485 208673369 488733796 837976733 319805221 938759559 663440046 240858570 528568997 459801833 676938316 68671443
