16 47
57366995 RED
142257512 RED
269104096 BLACK
85386190 BLACK
947963705 RED
327042464 RED
249359510 RED
779101020 BLACK
572804408 RED
14976978 BLACK
994513563 BLACK
12270136 RED
832385903 BLACK
827404778 RED
349299284 BLACK
157782755 BLACK
194509365 275027783 635585542 141178577 746922135 281447218 807598289 96210524 61040153 890778624 304426045 909754944 323839067 887845296 924009784 836117815 523915756 221829268 59457720 708712405 474610335 915509778 727365408 451550808 846694299 492326253 511613502 598470177 748395089 489777201 278552858 92746576 290262376 870186246 263461038 834735009 731603798 546901878 465401557 721605833 407943457 406984414 780657834 563277032 464015433 103669359 733667745
