11 50
263365186 RED
473921873 BLACK
116141847 RED
973058580 BLACK
351009129 BLACK
626198532 RED
395664159 RED
213579423 BLACK
2216881 BLACK
734145681 BLACK
850147353 RED
454823767 60529149 481450455 215925204 73959831 176436522 876564502 37752828 617467809 533164492 175754632 224072016 593329683 295735625 282179304 717879253 221259033 137461365 768834201 959681188 384139605 118672412 354807860 275702341 961549695 747267253 677350498 817586427 884498223 432875986 685466158 353960234 688411244 194858717 442847151 301570584 914622502 80418064 403029456 560560249 254251362 329824443 389998032 844985576 782283983 421249250 237531158 647813133 110000857 355893790
