100 20
1801697 3287412 16019002 22702014 33686046 35688493 54104663 60203947 64930467 101780420 102563086 123579725 132469567 157160604 176361221 177691323 186499330 190872135 192146197 194726200 213033519 214539640 216662574 220395373 236644158 246606097 251271502 260130059 275817565 286524519 307905451 314471524 318823080 325727815 336987630 346154380 348619552 385735818 387422298 390170570 404739392 415267103 430312083 433751509 440179706 442574673 444144844 454428597 458713148 466387588 466432213 471384671 475035424 481063925 482500029 485026525 493925101 497226241 525875620 526506622 528351584 541525281 567233030 570576345 588817188 591004176 592828691 598989066 614810870 616747770 616908965 619412224 625282611 638133518 662282742 667028190 668732806 683167773 685522385 712149877 749775494 754802468 762719184 783985391 800845116 808617362 829891027 834935754 838317424 856270318 884414966 889623654 908214554 915773956 943354572 947854959 948694867 962787522 974394863 987531627
2 694796237 732022806
1 371750011
3 641850022 783329824 953687454
1 376693049
6 69220170 347246483 609156552 693225902 704423819 715058729
7 183890563 268434557 425493380 742638915 929765086 943366949 972172267
3 228889013 617203234 929967084
1 13630991
1 412716002
2 449320727 567045351
1 675996722
1 877501807
1 860559733
3 140655105 355110800 490771204
1 85045652
1 806775712
3 327957260 755969175 827261352
5 236739275 550290859 709078031 770534006 938941058
4 265052259 266876160 824162811 963274517
1 331100435
