24903167
24899501
24903256
24902920
24910444
24912950
24899443
24903503
24911729
24902159
24901847
24903047
24905512
24902040
24901238
24901843
24899996
24901082
24904284
24899743
24904876
24900670
24902832
24934947
24902506
24935520
24914177
24906661
24907064
24899094
24939087
24901731
24901647
24902564
24907507
24903193
24902432
24902674
24911892
24902373
24900453
24906444
24898868
24901160
24912874
24917367
24908904
24900116
24899064
24904058
24902159
24912232
24900235
24904210
24912155
24902029
24901288
24915395
24909315
24903663
24916887
24899316
24900140
24904170
24905273
24919056
24913414
24899501
24906011
24907200
24905441
24921841
24920353
24906886
24916948
24915617
24908085
24907457
24904845
24921968
24912125
24903430
24927117
24944763
24902530
24929422
24979101
24903557
24909497
24921521
24912506
24932235
24905845
24921373
24909043
24908099
24901333
24900099
24918550
24913517
24901672
24901540
24910568
24923272
24900142
24900305
24910064
24922036
24899360
24900813
24910231
24899151
24899051
24921491
24902474
24908195
24923020
24929417
24909385
24904601
24909340
24901709
24906396
24919447
24906718
24908264
24907735
24908509
24899855
24944604
24912506
24901375
24911735
24908501
24901055
24911323
24899088
24907395
24921970
24902608
24899350
24919455
24902402
24915098
24912221
24917017
24909514
24903657
24902695
24904738
24900438
24906798
24900984
24923917
24910427
24901060
24964756
24902957
24926301
24925661
24907772
24902923
24900474
24916520
24912155
24899451
24938280
24901796
24907833
24906341
24914392
24898931
24906834
24906379
24901987
24900497
24914658
24903095
24911686
24927841
24922478
24903545
24902338
24904834
24909130
24908555
24902130
24922585
24922544
24909841
24932261
24913038
24900785
24907630
24904347
24907423
24910803
24905141
24921743
24918813
24923083
24911871
24924977
24910331
24900734
24906098
24926401
24911946
24911895
24922987
24923690
24901749
24900605
24900473
24906581
24905509
24903053
24911540
24898930
24926846
24905623
24907960
24902412
24903235
24900211
24909832
24911356
24905477
24914795
24903628
24903462
24931108
24900813
24900913
24912587
24906711
24909841
24906690
24902464
24913725
24902919
24920540
24916027
24900868
24915727
24944661
24902936
24903978
24949072
24908480
24927688
24913337
24921255
24899970
24899424
24901325
24911248
24904839
24898782
24902211
24908527
24931501
24933003
24905552
24933683
24912539
24900521
24906453
24916764
24901823
24901422
24900156
24917273
24916829
24903547
24907714
24916858
24925205
24905967
24916585
24915451
24907753
24912878
24905586
24899415
24908516
24905603
24902131
24903493
24911420
24906558
24904886
24921343
24903754
24903336
24900806
24916913
24906154
24899622
24914961
24900667
24915594
24904660
24907080
24916322
24913741
24911799
24908558
24933225
24903070
24900569
24901634
24898792
24932618
24901629
24916620
24912647
24906104
24911107
24968632
24911562
24899737
24950844
24901687
24901850
24937167
24919722
24904203
24902796
24906977
24902589
24901619
24966959
24916835
24919581
24921628
24899047
24911883
24901157
24902681
24917407
24917978
24904573
24919914
24903540
24908292
24903285
24900321
24904620
24919061
24917166
24923275
24930284
24908870
24911678
24899871
24905855
24902445
24904099
24902631
24908166
24900330
24900219
24898689
24902443
24910520
24901355
24912331
24901091
24899206
24902325
24902615
24902443
24925592
24902504
24922507
24906492
24908518
24910069
24904480
24911487
24905129
24900922
24912010
24902129
24918915
24903769
24908202
24910737
24907622
24903608
24911248
24899395
24907937
24918983
24899231
24903547
24927109
24906259
24899958
24915021
24902348
24898721
24908922
24905045
24902579
24907327
24903080
24902822
24908925
24907562
24904788
24913060
24906471
24912984
24912572
24921025
24904583
24915451
24898960
24903602
24918653
24910270
24912478
24903433
24927633
24932742
24918737
24905230
24916254
24917754
24911800
24924264
24922148
24906412
24920721
24909430
24912973
24915431
24903367
24904248
24902738
24901797
24925112
24901843
24902829
24912865
24909475
24908512
24938693
24904065
24903476
24904959
24908216
24900043
24898754
24903116
24905582
24903386
24904489
24921903
24942795
24930461
24908582
24927844
24913067
24902093
24922273
24901201
24902414
24914112
24906061
24906634
24900963
24898883
24898769
24902555
24953265
24907051
24909339
24931037
24899367
24918035
24905719
24912357
24907987
24902188
24917789
24903165
24918375
24911278
24923919
24913073
24905708
24928115
24913648
24914013
24936441
24923118
24903489
24912394
24923455
24943272
24899880
24901470
24920795
24909209
24912081
24904349
24918452
24903041
24911198
24914665
24906362
24918092
24911910
24917796
24908462
24898694
24903537
24933670
24903696
24922045
24910432
24940924
24910548
24956709
24908393
24911898
24907893
24904877
24911142
24910628
24900927
24903532
24906423
24909633
24899818
24905520
24910202
24923622
24903653
24907094
24911561
24908502
24901418
24899209
24899861
24923503
24931854
24900563
24913787
24978639
24940874
24915520
24925267
24905378
24902147
24905719
24908447
24900909
24904036
24922142
24985752
24924941
24907614
24914645
24902358
24905253
24927901
24902608
24915896
24899472
24900708
24906847
24900552
24916064
24901926
24932713
24909670
24906130
24927842
24904074
24929715
24920198
24903106
24953330
24915695
24925871
24900246
24910944
24910152
24922623
24933993
24906989
24921664
24922223
24898945
24903749
24917076
24907949
24898744
24917684
24910973
24899938
24902412
24937557
24928286
24899411
24907325
24915503
24954577
24944662
24914767
24904819
24920182
24908622
24902183
24909583
24902170
24907848
24908003
24903613
24927863
24908404
24912693
24910380
24962599
24906363
24902861
24913135
24932183
24909370
24899153
24912318
24898947
24906207
24916426
24906351
24918535
24903438
24932437
24915160
24908403
24927913
24912951
24898783
24905185
24908947
24905151
24902973
24906192
24902579
24904127
24902202
24906752
24908789
24924206
24926407
24900393
24908037
24911603
24907296
24908313
24901355
24914347
24912036
24915512
24912602
24907942
24933466
24959559
24903298
24903673
24918182
24929167
24912710
24902627
24901390
24899336
24903313
24902707
24899342
24915332
24910350
24902799
24904317
24908590
24905379
24910108
24926854
24902902
24947348
24900049
24923596
24900857
24907899
24927378
24909771
24899835
24908887
24908738
24900375
24898738
24900503
24903950
24921571
24903330
24902113
24902882
24915484
24908642
24904175
24905059
24902218
24915738
24932046
24916477
24902801
24903040
24899881
24952684
24944635
24927214
24937492
24901746
24908672
24907862
24906641
24917262
24900295
24930899
24924635
24903148
24907926
24929729
24933623
24914303
24905932
24905637
24905288
24900887
24909623
24917705
24907669
24913131
24902119
24900197
24900497
24911729
24916470
24910537
24902501
24914617
24918334
24967294
24902046
24901985
24943721
24909875
24902762
24898909
24924505
24920048
24934734
24910691
24929084
24920206
24900073
24901988
24901386
24907604
24907277
24910569
24913587
24909760
24903446
24904390
24910239
24901652
25016762
24918280
24902904
24901351
24944433
24905212
24920622
24923305
24908434
24908117
24902028
24907638
24901846
24932451
24903561
24903589
24906471
24899310
24914633
24902978
24905620
24900073
24902229
24906218
24899457
24907422
24934317
24911866
24900677
24900649
24915949
24907123
24911091
24902590
24905119
24910525
24922477
24902925
24936628
24944196
24916552
24919511
24899863
24901060
24901138
24905589
24908402
24918153
24909770
24902139
24909920
24902646
24899126
24899726
24907860
24904599
24916297
24898794
24914337
24904002
24903551
24903675
24902264
24908618
24956811
24905293
24907797
24901362
24907517
24905820
24917794
24901181
24939328
24917131
24913388
24903090
24909513
24912962
24908388
24910344
24900042
24919367
24908787
24933487
24906136
24905544
24905004
24900139
24901590
24908118
24906583
24920339
24913055
24941603
24903408
24903638
24920969
24933913
24902831
24902230
24916912
24905168
24898990
24916696
24927331
24900704
24904279
24903441
24910189
24902364
24911718
24920243
24907926
24899022
24903234
24915580
24905361
24899822
24913374
24901823
24924495
24908363
24922236
24908177
24910761
24903539
24914850
24906068
24920982
24903187
24918413
24912689
24906977
24905634
24901741
24911966
24903098
24916390
24906555
24922515
24905178
24909843
24910639
24906007
24899440
24949175
24905779
24900153
24907060
24922046
24903081
24928240
24914766
24946957
24920032
24915173
24909650
24899245
24929447
24903014
24902761
24919932
24906786
24907514
24975583
24903908
24938966
24899639
24904793
24911771
24911405
24901047
24903166
24928034
24902885
24908046
24903249
24903427
24902245
24902050
24934863
24901275
24938457
24936615
24902997
24906451
24912853
24906254
24914919
24903264
24915123
24904830
24900355
24926460
24898727
24906846
24926819
24938750
24906294
24903114
24900811
24909355
24903509
24902251
24902677
24923663
24907496
24907439
24915043
24923055
24903639
24898946
24907709
24910436
24906454
24905699
24924042
24911971
24900337
24912721
24898871
24900925
24912014
24899358
24933785
24921278
24912287
24903320
24909784
24926253
24904941
24944660
24900925
24913306
24900938
24904565
24899130
24928845
24955682
24918844
24913259
24906081
24916498
24902661
24924636
24914322
24899241
24931591
24910686
24906319
24909546
24917632
24908315
24903027
24906808
24900876
24900487
24973238
24928385
24906402
24915197
24947102
24898692
24944701
24899153
24901105
24900127
24905473
24901236
24918382
24899367
24912954
24912046
24903080
24949156
24909236
24906366
24917171
24905601
24909103
24963693
24911840
24898736
24903316
24909737
24902189
24902905
24929556
24903388
24914330
24914056
24922303
24900250
24899157
24908144
24907990
24907419
24901334
24904729
24908292
24931851
24899267
24903418
24928106
24910828
24915440
24921546
24907963
24903516
24902163
24911345
24922017
24914304
24901400
24915078
24901047
24910732
24908555
24904431
24921126
24918252
24920927
24931716
24903501
24901513
24932210
24899000
24906404
24902394
24903956
24943235
24911933
24910585
24899965
24924823
24908358
24914802
24906388
24927244
24950842
24905804
24922641
24906603
24929359
24902665
24900641
24912096
24910207
24898978
24903680
24904809
24898706
24901595
24911090
24899882
24899681
24930413
24904648
24902814
24902456
24932476
24905811
24903146
24901979
24910963
24910736
24903615
24922447
24908376
24918076
24912954
24908969
24914471
24926763
24902734
24901956
24901114
24902441
24907636
24944979
24917464
24920330
24917592
24910946
24912504
24951111
24907505
24906761
24901639
24917654
24921932
24939830
24901187
24909973
24909191
24899956
24940536
24911318
24907653
24914500
24906720
24923014
24900484
24908845
24911309
24908129
24948000
24911472
24902827
24909917
24918453
24900851
24920540
24923917
24907674
24917075
24917734
24912925
24920957
24912021
24898731
24914657
24912873
24913677
24902035
24906655
24957550
24929829
24914049
24900886
24920293
24902332
24901532
24919837
24900289
24899502
24919673
24907786
24907057
24916931
24921242
24913026
24927872
24922053
24914578
24924161
24902931
24902447
24941783
24924996
24908893
24900010
24910824
24900816
