5009470071
5009168717
5009816216
5009197775
5009169737
5009256608
5009397233
5009319329
5009421016
5009489656
5009201558
5009250227
5008927293
5009222568
5009605042
5008960600
5009336631
5009433804
5009303746
5009519365
5009494829
5009551354
5009187768
5009540957
5008985884
5009370926
5009178952
5009273019
5009040713
5008949353
5009406649
5009455088
5009254377
5009712115
5009196452
5009326204
5009523163
5009286385
5008780888
5009210339
5009500103
5009138232
5008990413
5009853183
5009172599
5009461829
5009560380
5009413056
5009713641
5009458438
5009053057
5009443198
5009088889
5009572884
5009946573
5009538891
5008942246
5009365443
5009258532
5009307332
5009807748
5009522155
5009561669
5009415859
5009687775
5009204468
5009172349
5009118984
5008891302
5009369280
5009563113
5009372763
5009262817
5009404081
5009171915
5009387218
5009610857
5008850518
5009444266
5009673863
5009311310
5009450176
5009496565
5009428895
5009466078
5009217959
5009349318
5009364300
5008870631
5009314399
5009660596
5009354101
5008968786
5008917381
5009365884
5009345390
5009145053
5008673911
5009521629
5009592184
5009433309
5009166682
5009013531
5009410846
5009551195
5009301749
5009677322
5008595542
5009638366
5009471177
5009592508
5009190041
5009125998
5009116920
5009718765
5009324147
5009383213
5009351786
5009631334
5009674399
5009352589
5009308203
5009269090
5009621468
5009778151
5009310822
5009122624
5009473392
5009548763
5009738971
5009049635
5009179349
5008369862
5009652480
5009511920
5008610389
5009405747
5008678014
5009483898
5009444979
5009120881
5009591119
5009435058
5009260847
5009286304
5008893012
5009292854
5009314501
5009604422
5008755008
5009281774
5008828599
5009843040
5009690732
5009176630
5009468612
5009311711
5009617398
5009507731
5009086941
5008538512
5008884002
5008940410
5009790494
5009586395
5009238677
5009481170
5009401439
5009518291
5009314911
5009665085
5009450857
5009132578
5009221083
5009500816
5009470955
5009306529
5009249701
5009505318
5009028712
5009112308
5009697366
5008824732
5009533704
5009441931
5009308930
5009222066
5009168488
5009385096
5009680984
5009336217
5009046675
5009177389
5009678349
5009646410
5009353497
5009893396
5009570099
5009388866
5009350955
5008924183
5009727065
5009613619
5009459351
5009028083
5008933069
5009825560
5008979070
5009013130
5009463108
5009210614
5008541048
5009371598
5009500764
5009070366
5009145099
5009704459
5009010741
5008964914
5009251960
5009270900
5009012126
5009308001
5009328905
5009093646
5009062137
5009675552
5009571066
5009947045
5009268204
5009758874
5009103073
5008458599
5009501777
5009060267
5009003380
5009108361
5009691168
5009758447
5008813700
5008658938
5009329242
5009039216
5009102443
5009061612
5009527500
5009411865
5008909990
5009458065
5009222190
5009521599
5009109370
5009606726
5009494144
5009768160
5009542468
5009267495
5009455129
5009380645
5008623059
5009776595
5009371719
5009645814
5009655983
5009608018
5009359766
5009360762
5009700840
5009671582
5009253694
5009185310
5009898683
5009062715
5008968937
5009378891
5008563712
5009310636
5008691664
5009426245
5009237407
5009190020
5009855762
5009655486
5009552754
5009483792
5009076445
5009418219
5009345150
5008602579
5009286085
5009641130
5009382081
5009204186
5009116211
5009560648
5009587309
5009431843
5009246649
5009491931
5009097297
5009166469
5009565458
5009249144
5009476894
5009258660
5009172951
5009440015
5009294974
5009181629
5009370042
5009343579
5009213114
5009105059
5008777669
5009506163
5009232111
5009020440
5009409348
5009286173
5009683074
5008966200
5009612641
5009022620
5009448397
5009536981
5009331209
5008933171
5008824015
5009482502
5009841772
5009503601
5009645326
5009000849
5009393964
5009249343
5009942617
5009681870
5009924216
5009752497
5009601546
5009671525
5009549098
5009726939
5009965088
5009929740
5009928743
5009584776
5009548159
5009630967
5009836181
5009786446
5009901499
5009938018
5009650094
5009346078
5009505158
5009865447
5009195000
5009676406
5009672289
5009682912
5009901575
5009877129
5009437976
5009613698
5009746021
5009724094
5009839097
5009681947
5009568523
5009966032
5009870696
5009506298
5009938995
5009708652
5009569552
5009637898
5009802429
5009712223
5009640368
5009701359
5009625622
5009267489
5009650396
5009640088
5009555529
5009762052
5009796615
5009718655
5009909647
5009641202
5009485739
5009146068
5009813824
5009282936
5009679419
5009733741
5009854927
5009136078
5009479100
5009631589
5009702489
5009872440
5009939290
5009649407
5009202723
5009945336
5009903721
5009829048
5009437343
5009826392
5009641766
5009926035
5009608309
5009644045
5009526338
5009049650
5009198566
5009689428
5009844648
5009659621
5009629082
5009553645
5009808878
5009766939
5009860832
5009793037
5009696878
5009695142
5009818669
5009194193
5009765093
5009928091
5009655801
5009771809
5009915297
5009914048
5009748360
5009543117
5009966034
5009788600
5009710830
5009864377
5009768400
5009722219
5009739814
5009251581
5009643283
5009954913
5009962221
5009335277
5009839223
5009895014
5009197084
5009517758
5009505389
5009514990
5009830278
5009811860
5009665214
5009576295
5009513237
5009879891
5009489696
5009838101
5009581720
5009289977
5009869540
5009946998
5009751095
5009494742
5009335037
5009772521
5009400672
5009332920
5009598634
5009774047
5009853102
5009734816
5009205735
5009863864
5009870118
5009559371
5009443563
5009519016
5009400724
5009661266
5009876298
5009763413
5009844846
5009719153
5009581463
5009601307
5009442497
5009636217
5009626652
5009496518
5009766495
5009661933
5009333271
5009964376
5009833155
5009583511
5009380073
5009938145
5009717814
5009648134
5009418751
5009936131
5009724579
5009065832
5009831663
5009772321
5009383261
5009798476
5009861056
5009748227
5009868365
5009369638
5009784689
5009190999
5009480399
5009540196
5009808245
5009702629
5009834124
5009649667
5008962697
5009697124
5009572957
5009681008
5009492075
5009832076
5009496172
5009409878
5009907788
5009250148
5009784321
5009490572
5009627195
5009824251
5009788956
5009482780
5009566604
5009835352
5009935394
5009860082
5009231375
5009474959
5009778454
5009939100
5009431356
5009846232
5009866699
5009705952
5009595721
5009935057
5009207272
5009399002
5009873958
5009660996
5009554787
5009906726
5009919695
5009560906
5009326040
5009964089
5009900617
5009874297
5009551905
5009221516
5009759320
5009182602
5009587421
5009632896
5009646347
5009530148
5009440440
5009679575
5009593311
5009905142
5009026626
5009780436
5009872239
5009899439
5009788556
5009858229
5009737104
5009734379
5009351524
5009344326
5009940121
5009857975
5009273844
5009785071
5009266371
5009709928
5009871166
5009791823
5009718027
5009709279
5009437137
5009941208
5009334005
5009640459
5009692460
5009455567
5009739810
5009246373
5009651441
5009712388
5009763540
5009738771
5009878338
5009932084
5009953683
5009489816
5009366606
5009789658
5009746195
5009245722
5009265899
5009791668
5009666322
5009567744
5009916017
5009904486
5009748211
5009427145
5009922951
5009123384
5009467054
5009185122
5009928587
5009939066
5009670329
5009794515
5009796351
5009654806
5009563394
5009702776
5009919539
5009878663
5009256654
5009701900
5009823461
5009704350
5009491616
5009621518
5009234803
5008975178
5009430400
5009589289
5009404363
5009189912
5009535799
5009499573
5009750856
5009332324
5009863599
5009880511
5009894170
5009726707
5009681342
5009928994
5009602755
5009569920
5005253270
5004820532
5004970570
5004712557
5004889016
5005225144
5005135019
5004992583
5004788134
5004893030
5004892254
5005242338
5005203156
5004995546
5004879745
5005034584
5004648821
5004833957
5004926597
5005027177
5005093703
5004910712
5004847939
5004784340
5004924006
5004943715
5004844733
5004924808
5004969047
5004490589
5005147285
5004575145
5004999412
5004983582
5004689945
5004880569
5005089458
5005021153
5005430350
5004914329
5004780251
5004899774
5005591795
5005338331
5005037521
5005065032
5004923641
5004892676
5004929568
5005235315
5004734795
5004929614
5005245148
5004941722
5005090350
5005054139
5004776036
5005011777
5005176689
5004759267
5005164634
5004777582
5004761698
5004867405
5004446578
5005204600
5004496414
5005023737
5005079909
5004861188
5005096171
5005110731
5005245866
5005290840
5005433983
5004747335
5005220676
5004864034
5005282364
5004818977
5004989538
5004645930
5004751671
5004771691
5004770933
5004748285
5004956702
5005142563
5004660327
5005125123
5004794896
5004678572
5004624933
5004936889
5004793481
5004863925
5004897665
5005442506
5004594081
5004954338
5004766372
5005032778
5004567958
5004731293
5004885623
5005022897
5005030116
5005005307
5004928519
5004718163
5004756144
5005075885
5005216996
5004929421
5004942482
5005007570
5004994311
5004835670
5005068577
5004765903
5005129274
5004842453
5005512107
5004683909
5004944332
5005269609
5005218905
5004883343
5004664626
5004969408
5004736648
5005062144
5004815315
5004706629
5004822361
5004649516
5004905114
5004623489
5004703544
5005119509
5004557672
5005007005
5005344868
5004916133
5005089006
5005131239
5004890251
5004998463
5004975068
5004981088
5004907437
5005216179
5004982596
5004639779
5004897663
5004773403
5005000155
5005033035
5005010485
5004971005
5004982813
5004575074
5004658920
5005067504
5004990323
5005020089
5005015754
5005253783
5005157595
5004990467
5005297836
5005035719
5004879027
5004814916
5004935737
5004628639
5004977434
5004895460
5005079460
5005153473
5005040987
5004834660
5004762675
5005041272
5004555164
5004728572
5004678754
5004982764
5004830655
5004987335
5004930539
5004923403
5004980167
5004802269
5004867438
5004845773
5004942267
5004888955
5005168510
5004738280
5004872053
5004688519
5005062290
5004622987
5005037100
5004661579
5004746124
5004795686
5005075557
5004948856
5005305782
5005037682
5004806657
5004716983
5004671456
5005075310
5004755974
5004988322
5004894325
5005527338
5005050415
5005137494
5004652090
5005128281
5004949088
5004713659
5005008585
5004718244
5004650850
5004743409
5004921579
5004810087
5005469325
5004818044
5004784777
5005131357
5004896442
5005193871
5005255415
5004778874
5004951094
5004860320
5005195323
5004830742
5004732727
5004811611
5005082304
5004986679
5004735571
5005010181
5004866186
5004751394
5004996359
5005127612
5004892988
5005008820
5005222684
5004824296
5004525860
5005194651
5004763913
5004798246
5005253791
5005015070
5005127450
5005053442
5005108341
5004897085
5004904343
5004895352
5005144962
5005088835
5004762627
5005006428
5004766114
5004760646
5004706711
5004878485
5004875785
5005130324
5004921858
5004495135
5004559971
5004798067
5005130149
5005059388
5004881146
5005067942
5004809715
5004795948
5004889474
5004719323
5005024549
5004207402
5004985105
5005266216
5004749803
5004706772
5005053062
5004840307
5005192169
5004800616
5004752128
5004756549
5004963887
5004885335
5004999189
5005193266
5005115819
5004799750
5004633604
5004897503
5004950288
5004843805
5004488606
5005302277
5005171360
5004633474
5005466677
5005064132
5005377989
5004506617
5004634241
5004770980
5005245551
5004927792
5004794323
5005001341
5004928941
5004802941
5004937352
5004952037
5005185463
