433713
255669
363156
385303
312688
297205
260122
322488
344091
312835
254376
258451
261099
265100
264872
364342
283758
345543
266744
264616
455414
316863
807120
452719
345543
288204
267953
472792
337443
284251
281748
380589
474393
883719
323213
434646
405617
262673
417451
256298
267341
255066
520791
259451
287152
263395
273005
300201
353241
357191
331882
565008
306409
258375
269605
306080
270221
260647
332757
276044
461128
351727
397719
1516653
280796
418841
276898
291764
370033
665249
331687
557393
286206
463707
292974
286176
276281
261199
564861
373803
298379
439927
363861
502505
546201
289631
264947
375825
267248
309155
617834
422141
441361
271034
498226
388072
302019
302429
258884
320158
308063
259448
370543
287437
430771
296871
373434
297584
405767
368365
329490
504918
296221
266343
355964
281335
355807
381192
646660
287727
302654
407773
260609
878504
489011
289585
293892
259510
317804
377336
305381
299316
696459
266668
357358
268344
272222
305205
366169
802250
275268
326097
426727
304834
528817
774535
443314
332023
261691
255744
261194
312135
305667
317704
332412
496369
368519
358721
487984
438722
297086
298750
388217
256875
401608
574949
495211
350146
299959
412187
620770
283088
331606
258360
274579
284483
348347
287789
405019
264106
472445
352595
331647
464530
268478
299414
516028
287225
497846
310818
288741
286784
274956
495607
378874
291587
412988
279262
281461
297223
276998
441555
340373
343959
271543
320739
340576
295996
277671
398280
532434
366615
273857
273002
352616
255438
331024
333471
476935
297746
432617
407402
311642
293895
296658
353133
384747
285171
311548
294793
368840
305308
326370
272858
573311
398115
316967
264938
256411
490496
256991
616970
310798
723397
316958
543485
301838
260975
384493
340483
472433
379028
289204
264824
254226
349224
279988
292010
313639
278476
267705
271876
366310
382922
265024
266274
352035
723879
371270
266469
269818
339230
388136
404908
291926
261140
259927
413728
307585
904885
330576
355957
289498
261964
287455
752963
452047
307577
615672
276958
260259
260443
274538
368381
324578
282632
416101
272065
333300
279539
307678
273201
255451
284417
279420
287269
501181
354105
346180
256624
264683
391020
288543
281195
353358
690292
256001
437203
748594
369845
304617
442590
577491
384492
347353
312489
258974
266439
299161
479077
537860
262870
374672
254840
401573
265372
415523
656927
273206
260073
429806
687572
364649
411577
264087
367497
272142
456749
284272
303366
456846
346195
388833
472218
285784
407281
273606
578166
323464
364088
283635
281571
316365
908820
286479
433234
463716
347905
443627
331106
262627
336473
271069
266926
295301
312338
310051
483406
372153
259978
651384
643709
942459
435063
347279
403577
497281
256000
268486
282864
309941
283170
261072
530059
342901
338091
299656
318116
258703
355775
317898
369342
380601
400074
382747
365018
406884
378036
306208
257911
493827
645234
271229
668608
263939
281086
284821
290864
335822
270396
327226
524492
352121
259433
289169
278869
500080
437159
282625
354218
449333
347847
257815
255012
374374
546155
331671
420334
287996
309550
286881
473358
287909
409394
266701
416744
409122
359719
259047
275191
315793
523154
982784
425417
262207
261975
396554
784573
344649
257476
551077
334590
590566
255867
265675
273354
332172
362947
438664
303225
276893
255322
329258
258935
365316
319567
420479
264332
281748
395314
352067
304598
479902
405428
349609
311108
402535
280497
269870
270514
437643
418443
336972
397649
317283
281610
329897
309327
288045
366957
346497
602929
307645
286450
275219
275606
578538
329208
528551
517282
662707
258695
278593
307581
351466
271130
289849
505230
994263
340366
291821
762630
659685
281688
293207
266661
264585
275843
281856
271562
325726
363716
776047
499551
255633
371328
301047
340941
435543
256365
291275
255376
376529
403782
559854
254599
501336
288178
290821
292010
271590
275319
399392
400432
1277421
352032
301208
254808
333252
373070
353996
316935
298821
374102
350103
306529
268403
286573
476495
433057
282568
310073
287494
303330
310031
293124
490329
290532
317279
350818
271557
255683
259416
325053
319746
371044
498047
347828
465413
268191
663921
649365
334649
383856
346106
279002
310768
291374
1216679
267506
266009
344759
278713
411877
349739
377025
280930
317071
285074
343508
278747
299654
272659
325946
920664
393583
311852
399584
299210
292503
428584
324138
316279
273790
274065
494622
324906
277474
264696
273681
280234
517469
445873
355979
257257
270565
286881
864578
393300
267664
255310
334397
329054
424821
1097733
532164
300600
275706
269718
315047
266805
336031
320014
364622
336529
392810
257911
304472
266383
476946
300850
366567
445553
254434
282869
371589
405744
265802
283885
295546
267187
294052
619083
326329
372655
334613
265091
277385
259896
314643
551050
280771
342940
397041
355476
319399
540257
299006
286933
363981
271413
376035
310771
336597
274315
255061
358968
294602
284312
268687
313236
315271
278441
288843
261526
281589
308210
329900
410958
303754
386333
263332
282653
256984
262602
595570
323116
259790
467459
308496
329861
317406
303458
456004
273374
260765
859255
256324
265743
448062
802016
308009
376847
346255
494854
279432
569443
280412
329038
391960
703563
264905
644857
339078
318734
438298
262401
286122
322153
403015
384630
335475
561209
550627
350224
449663
388976
558411
446586
291787
265668
262301
402799
263199
538885
259096
255652
347848
331225
275753
266234
271213
301365
388000
443309
494268
414948
369048
330749
289312
413763
331202
284046
308328
488706
259973
414429
397050
474062
330736
310825
1310876
528157
544944
371213
283890
279711
356373
332678
532865
665792
408193
865908
322056
344946
273149
305145
295819
339630
428446
258035
262657
296699
410764
293688
430670
432674
482916
424522
434071
330376
279068
261176
647246
301605
261791
268407
274629
539996
333242
265505
316588
691870
359697
271746
707114
280744
263509
262521
260662
700438
374321
258229
409696
264686
519026
313927
535997
259876
356819
340090
269614
301309
364421
268692
469618
310273
255738
938535
304998
279461
858952
284621
358168
279297
358045
292622
412077
379777
383851
595875
358015
278968
264705
813385
287625
360929
542416
285505
413643
257186
357327
305977
277199
375143
363618
559033
287654
685552
311655
288689
266123
563030
289677
268722
296349
471201
594776
632114
363315
411217
360073
262578
508539
259531
258811
348550
460087
353148
296010
462534
274409
460555
290840
438192
270303
379303
270052
431579
341498
999405
292457
340116
331760
570553
397787
304589
379256
283473
274996
267477
294756
359234
359371
268901
272998
614102
258012
581073
478116
413910
381954
305031
406656
326733
274735
270974
316705
285360
255847
255211
311265
274757
273119
258527
277284
322777
329811
392773
269917
489744
270638
292914
358893
267055
334502
370445
646290
425569
271897
301805
254148
317281
383868
284794
589695
279192
278754
504719
467868
322649
312869
416796
365955
275702
339918
275338
254684
343621
321531
292147
353683
274201
496380
262675
301791
313057
256556
360615
271192
