100 20
113717427 445239870 508524582 284064425 200072832 831327091 791259869 489787694 232519176 610351305 145189409 20175393 348043754 663181070 160712162 657232778 238715771 662427838 414989381 969157730 732098971 483130123 386018671 658271880 469259487 968889409 749075793 106601466 64666603 715935305 701303770 720091934 183512771 225896556 384562965 138433559 806043105 338688612 652653209 390531470 349016804 612244127 41258987 470944790 681046579 109569778 700928268 224279712 681889278 173204769 701269722 624757038 271969787 444924884 500697380 509702566 262449977 669488879 170692294 362932916 118514404 724509790 704728534 340592781 148372813 835742098 211078699 395915633 711382808 881534770 14572440 104261697 668775901 899736493 723336522 103184873 942953057 503210393 547205003 59823197 649447930 484428518 793778227 21461600 42077569 474283491 303661661 129060079 385950560 317978118 516355503 127482913 739444319 341431833 945403792 444811497 985947832 68877855 232810993 743536277
1 279538944
8 865644208 576623538 755794614 480957067 107617801 106911491 987286939 378291766
1 766910755
8 503852462 903167338 160468896 971358120 932143260 40329083 174475457 545799559
1 660952053
7 179151159 132950694 836499662 910541901 928715052 866852134 441733870
1 611067272
5 150294417 437209737 35672266 74267491 748858443
1 400817894
2 486987745 451052492
24 775301303 54318573 930270940 392448449 17854147 918911843 247757703 12577900 821317682 386523498 783821398 805305561 184285964 364432073 559458793 525649175 58344969 363982498 214744635 192726208 19887626 183595457 852226419 497626697
1 240437298
19 939065568 370818542 996519701 653106544 756359203 640653872 34186785 841431605 176839005 536899145 667307359 54084439 619794475 750650846 255435466 286970961 659240922 729168000 575131337
7 928015133 633411016 806212872 783962557 334948389 595113285 427586616
12 228052566 225318016 238846593 199923218 234880346 611574924 794086622 485448384 526626129 244184599 730729302 273113194
1 91585418
2 62308339 60578726
6 466451304 523811749 334788274 945971442 747693125 405607947
8 663205141 192847981 582503627 26498584 917634348 72208742 798686259 729492439
2 513888893 487153273
