5009600979
5009922556
5009402273
5009853801
5009715320
5009682565
5009545567
5009896744
5009743602
5009945844
5009557136
5009209028
5009826234
5009957882
5009268244
5009262146
5009304373
5009929900
5009347848
5009224725
5009891191
5009796056
5009825839
5009722290
5009549903
5009697864
5009585578
5009963091
5009569956
5009548731
5009904131
5009781729
5009044056
5009592105
5009701598
5009952253
5009865320
5009376310
5009068784
5009657347
5009850829
5009536714
5009856907
5009748302
5009950238
5009926799
5009867232
5009940965
5009760008
5009536312
5009516204
5009899799
5009190243
5009935904
5009505617
5009886605
5009708194
5009891587
5009858457
5009353180
5009030473
5009910103
5009820335
5009829871
5009837915
5009945477
5009716461
5009794224
5009451432
5009667824
5009947715
5009758193
5009741685
5009631704
5009891975
5009948508
5009254661
5009716658
5009889811
5009872306
5009947047
5009861302
5009147989
5009894940
5009706284
5009536602
5009766846
5009721825
5009548682
5009184943
5009834638
5009920897
5009333328
5009933930
5009386371
5009372501
5009709403
5009836709
5009162391
5009669784
5009866575
5009701218
5009691514
5009857159
5009759420
5009898478
5009917152
5009396862
5009483376
5009897142
5009926637
5009712181
5008930175
5009364626
5009862489
5009459552
5009603640
5009350030
5009648932
5009378668
5009940396
5009266149
5009665126
5009846250
5009633401
5009818174
5009934817
5009787551
5009813134
5009721610
5009962439
5009220918
5009660624
5009309586
5009502205
5009837767
5009932088
5009876191
5009643568
5009965986
5009701847
5009706587
5009696253
5009952575
5009956078
5009798198
5009459228
5009622878
5009569579
5009871704
5009572871
5009936469
5009599626
5009509810
5009844958
5009354264
5009835326
5009852045
5009238036
5009335388
5009363457
5009826938
5009562883
5009594065
5009668164
5009642001
5009904805
5009901661
5009802173
5009732257
5009886152
5009387550
5009325453
5009628062
5009329807
5009779919
5009580222
5009670612
5009492379
5009660435
5009643810
5009860838
5009929918
5008906764
5009828582
5009277157
5009745134
5009501578
5009840478
5008922765
5009634684
5009674125
5009707674
5009910245
5009851529
5009669714
5009712986
5009781368
5009647228
5009586298
5009628840
5009452662
5008940484
5009899857
5009762393
5009812936
5009806855
5009382147
5009655268
5009312069
5009724157
5009111478
5009331432
5009375194
5009125304
5009824676
5009711596
5009817269
5009595233
5009921208
5009821288
5009818347
5009335853
5009199162
5009876474
5009419508
5009369132
5009309222
5009661456
5009597215
5009770731
5009960437
5009908126
5009818407
5009441265
5009688522
5009646896
5009814051
5009827601
5009526236
5009485616
5009919435
5009457532
5009366941
5009432519
5009718859
5009932199
5009390124
5009296816
5009645305
5009829071
5009708030
5009370449
5009155285
5009734225
5009879622
5009380217
5008906431
5009636859
5009586581
5009691598
5009803800
5009910741
5009329006
5009711990
5009845086
5009390454
5009673119
5009831747
5009519326
5009558244
5009647672
5009485471
5009689024
5009396962
5009462879
5009895523
5009466201
5009836470
5009370424
5009749573
5009432350
5009322311
5009574034
5009944744
5009792321
5009411060
5009797156
5009637975
5009953671
5009921738
5009901293
5009753402
5009901513
5009585655
5009580478
5009701261
5009350359
5009784459
5009717377
5009795768
5009926656
5009250413
5009469106
5009596356
5009839224
5009917913
5009939069
5009858966
5009715973
5009528194
5009539174
5009941013
5009556678
5009765303
5009245911
5009765232
5009687790
5009838600
5009598779
5009543286
5009493383
5009543267
5009902259
5009724972
5009809384
5009716695
5009848698
5009811332
5009722532
5009954478
5009637876
5009690217
5009311164
5009563042
5009769939
5009929606
5009685588
5009618346
5009232941
5009909899
5009500710
5009413613
5009831036
5009941419
5009740023
5009875508
5009581538
5009402387
5009609037
5009675466
5009795358
5009657106
5009247705
5009406123
5009969526
5009966769
5009107304
5009908816
5009722613
5009245406
5009625556
5009885680
5009079108
5009886582
5009454859
5009669309
5009920646
5009822893
5009734706
5009464716
5009702183
5009901406
5009350591
5009783681
5009400847
5009516568
5009940679
5009932688
5009664286
5009272970
5009614272
5009862180
5009918942
5009869736
5009142227
5009906520
5009655843
5009821077
5009710547
5009605504
5009074823
5009699167
5009241501
5009901574
5009895603
5009862197
5009535659
5009831124
5009395915
5009530659
5009236440
5009636429
5009712108
5009761917
5009365596
5009893804
5009944594
5009824032
5009854888
5009564137
5009583272
5009811269
5009934086
5009407002
5009164942
5009424780
5009824178
5009672182
5009741028
5009816640
5009471587
5009354506
5009437802
5009195838
5009782583
5009392560
5009475627
5009397505
5009399247
5009683079
5009582824
5009363688
5009100522
5009759844
5009331267
5009940478
5009724807
5009864385
5009158135
5009923178
5009403869
5009232042
5009384349
5009935819
5009259575
5009916215
5009372649
5009778110
5009614693
5009586301
5009539719
5009655897
5009933794
5009884485
5009765480
5009636309
5009767905
5009463389
5009655501
5009645037
5009365243
5009148931
5009839784
5009751018
5009856466
5009803643
5009391660
5009841195
5009558607
5009672734
5009711154
5009325552
5009892610
5009736938
5009918878
5009758710
5009820561
5009898323
5009583002
5009778915
5009630128
5009318127
5009675930
5009858087
5009949965
5009690052
5009797020
5009680999
5009336825
5009370976
5009966339
5009509391
5009766170
5009922645
5009940973
5009793950
5009668119
5009944073
5009489152
5009848608
5009446677
5009832557
5009744415
5009880933
5009748516
5009892096
5009736609
5009457322
5009501997
5009371734
5009738469
5009473540
5009637114
5009400786
5009947894
5009361354
5009614670
5009263716
5009527109
5009908189
5009775459
5009398390
5009963848
5009865996
5009926469
5009394950
5009930539
5009431966
5009799677
5009941263
5009328338
5009948937
5009526853
5009553455
5009791035
5008855282
5008847191
5009789273
5009967823
5009393751
5009604944
5009849524
5009013906
5009900545
5009456281
5009726713
5009905028
5009753260
5009864592
5009665155
5009787820
5009777025
5009719915
5009649238
5009555517
5009586561
5009893231
5009551159
5009822893
5009685928
5009454096
5009446243
5009087155
5009568990
5009902391
5009525151
5009428310
5009759886
5009205548
5009646013
5009320687
5009359582
5008976263
5009898819
5009928432
5009644758
5009785453
5009807057
5008974990
5009872512
5009874145
5009560444
5009714128
5009897382
5009739818
5009908001
5009791081
5009630936
5009492043
5009340455
5009727785
5009938164
5009539857
5009448987
5009844392
5009750655
5009496654
5009867777
5009748719
5009504154
5009912342
5009132802
5009475603
5009564646
5009810230
5009615443
5009899357
5009410740
5009913103
5009220064
5009691957
5009727421
5009516435
5009699954
5009912419
5009563300
5009278735
5009763470
5009494182
5009943289
5009743177
5009951991
5009637345
5009660760
5009869563
5009755474
5009350840
5009835665
5009960414
5009817082
5009658764
5009460184
5009756774
5009861340
5009202067
5009782198
5009902995
5009804892
5009927373
5009858749
5009659533
5009696391
5009632857
5009816493
5008963353
5009729256
5009705352
5009610334
5009903060
5009709021
5008993759
5009636482
5009695331
5009771543
5009252238
5009021551
5009631625
5009486968
5009925827
5009636417
5009813932
5009824767
5009726019
5009479098
5009952120
5009493283
5009299246
5009427428
5009946874
5009481044
5009743408
5009826242
5009807187
5009398612
5009554890
5009833842
5009068710
5009652025
5009581442
5009199689
5009570737
5009304976
5009909641
5009872981
5009847650
5009945098
5009616093
5009795563
5009700830
5009836819
5009408801
5009780322
5009913275
5009834569
5009928834
5009872764
5009129943
5009561195
5009305491
5009351125
5009729908
5009166694
5009865167
5009826254
5009848221
5009480563
5009741580
5009252418
5009575125
5009584461
5009963756
5009949136
5009576449
5009042520
5009661286
5009871108
5009433883
5009625826
5009630987
5009705905
5009807275
5009209534
5009640488
5009582906
5009856964
5009553690
5009817779
5009917601
5009008628
5009798954
5009913612
5009270536
5009833147
5009716599
5009749664
5009845643
5009138344
5009753435
5009647662
5009827843
5009896783
5009279852
5009741087
5009692474
5009630681
5009317972
5009639894
5009139171
5009522161
5009747311
5009849967
5009811557
5009663116
5009834204
5009921632
5009733581
5009636967
5009836266
5009549999
5009940813
5009804634
5009352616
5009514214
5009764542
5009461273
5009789421
5009916123
5009930922
5009568198
5009881035
5009941638
5009880314
5009343703
5009284699
5009769976
5009703541
5009874991
5009882530
5009678172
5009393553
5009963395
5009919125
5009915347
5009225661
5009826432
5009843190
5009423597
5009500482
5009847969
5009684157
5009574236
5009821670
5009367396
5009422207
5009607732
5009407918
5009417653
5009719401
5009643626
5009409741
5009738867
5009538857
5009878267
5009538146
5009870412
5009839837
5009870325
5009654844
5009240462
5009470438
5009490308
5009489441
5009706034
5009810579
5009577528
5009931637
5009575448
5009658908
5009953503
5009692235
5009875626
5009859353
5009649006
5009860547
5009774173
5009772577
5009875413
5009728361
5009364095
5009940487
5009407862
5009700404
5009913758
5009776091
5009817775
5008990879
5009471107
5009667194
5009918986
5009770679
5009814471
5009851381
5009833175
5009789303
5009509853
5009648322
5009761026
5009860105
5009932722
5009276886
5009703334
5009954266
5009768142
5009585336
5009539764
5009920519
5009346943
5009847111
5009498989
5009957217
5009306574
5009673461
5009844478
5009398008
5009524362
5009718946
5009656705
5009724559
5009922690
5009724337
5009865214
5009633096
5008953482
5009967666
5009505196
5009449883
5009959864
5009779576
5009348615
5009881137
5009455620
5009669991
5009632485
5009811849
5009186491
5009581988
5009768357
5009643090
5009547075
5009812198
5009711637
5009885410
5009657933
5009930115
5009040277
5009966972
5009889419
5009849817
5009931781
5008962748
5009964760
5009290845
5009778517
5009629099
5009420191
5009344836
5009441329
5009898869
5009836381
5009847457
5009838399
5009645060
5009862423
5009570058
5009873968
5009564283
5009834979
5009894585
5009840448
5009944362
5009792053
5009442870
5009529515
5009685651
5009495208
5009806333
5009251575
5009904257
5009480714
5009321472
5009355061
5009936387
5009055413
5009787975
5009776700
5009141412
5009905947
5009647316
5009832699
5009769563
5009738367
5009883702
5009707039
5009879575
5009890491
5009548745
5009564496
5009876603
5009261649
5009492748
5009479210
5009839670
5009861255
5009604306
5009934967
5009444293
5009417522
5009837754
5009840707
5009637964
5009673447
5009875837
5009964185
5009843356
5009608315
5009535952
5009881732
5009805217
5009479137
5009409066
5009783283
5009944656
5009741025
5009836324
5009874859
5009700929
5009840402
5009719109
5009830503
5009805102
5009957565
5009642816
5009773589
5009440593
5009751292
5009605765
5009218051
5009740908
5009766638
5009678065
5009708060
5009909141
5009035671
5009740399
5009445661
5009681516
5009913812
5009935615
5009950119
