1040068
1068948
1078610
1091617
1039665
1044792
1048084
1020172
1034738
1082591
1046189
1039054
1281927
1035831
1035850
1024287
1050038
1074780
1036010
1024049
1093994
1084417
1124691
1058822
1029581
1030603
1045604
1035559
1025153
1025998
1032211
1134755
1027152
1050781
1088676
1026204
1079438
1037411
1021442
1048339
1159290
1035834
1166559
1035597
1050130
1243081
1046089
1038282
1028563
1066999
1048505
1024450
1022715
1035311
1030154
1020075
1135461
1067265
1051713
1058984
1056862
1037797
1022298
1033917
1024805
1020332
1023033
1021249
1078347
1026333
1031516
1020763
1048126
1053108
1027926
1121937
1054669
1020741
1039070
1033605
1049994
1020082
1062790
1035466
1026638
1060209
1053483
1070649
1043891
1024613
1051779
1043372
1032660
1031756
1032108
1201435
1026098
1067308
1174563
1038721
1028602
1031384
1020295
1051632
1087421
1026643
1145677
1044122
1025793
1022685
1035517
1079583
1140273
1052698
1028803
1025574
1092430
1052788
1045939
1066429
1044767
1047501
1040343
1052105
1060502
1065342
1038974
1093236
1020704
1021760
1065180
1068076
1024915
1047790
1069122
1060735
1031502
1041712
1025152
1091392
1022022
1202100
1052431
1072534
1079230
1041879
1033583
1071967
1108433
1052618
1133508
1022344
1046801
1186416
1025016
1094681
1042035
1029392
1035510
1029231
1137468
1055177
1060201
1047789
1035725
1020165
1075659
1117016
1029739
1081640
1036687
1044957
1056675
1041324
1277091
1061610
1080003
1070772
1108515
1036051
1062576
1056234
1069154
1044196
1049921
1053971
1126070
1046295
1043729
1052545
1024025
1021689
1178617
1060451
1073208
1029805
1023673
1029376
1029242
1038653
1025388
1112837
1096240
1021093
1021878
1096289
1038169
1020673
1053045
1064454
1033843
1051821
1070433
1029436
1032422
1061517
1122006
1051538
1030504
1026623
1024086
1074461
1052870
1067269
1020436
1121861
1055423
1066151
1030985
1132978
1065016
1031706
1047377
1052878
1128487
1092190
1058871
1048392
1028061
1025509
1030236
1027883
1022549
1116026
1033427
1042130
1035644
1062288
1146367
1083163
1144446
1045555
1051401
1081436
1040771
1027923
1036138
1020756
1045208
1256134
1021350
1024066
1028118
1023770
1043397
1020230
1020295
1023304
1107323
1140557
1224668
1036262
1057810
1058365
1020737
1072149
1124718
1037450
1115434
1074485
1027750
1046180
1020386
1026419
1042003
1051569
1033777
1020821
1024164
1032675
1031982
1065747
1081252
1097413
1085952
1033893
1039910
1091087
1039000
1023358
1035629
1051697
1106273
1029030
1051845
1020653
1051815
1083753
1100029
1067753
1062739
1035781
1029732
1173262
1073030
1050043
1206324
1023312
1072838
1029045
1173428
1052318
1058857
1035143
1130972
1038040
1047877
1037897
1212098
1054868
1025302
1038738
1068688
1027412
1074864
1112586
1170523
1027599
1083371
1041831
1050281
1049204
1030395
1034577
1117216
1025835
1047155
1070105
1143392
1026828
1037819
1025250
1108686
1032684
1033687
1051185
1087070
1114326
1024884
1191918
1037122
1020646
1066764
1059101
1031071
1030543
1043451
1048785
1034244
1024305
1022204
1027863
1078168
1094933
1046439
1032517
1042744
1025530
1020711
1045028
1046652
1026041
1024508
1029778
1024583
1137774
1043735
1073470
1170994
1040436
1033573
1039159
1032222
1029681
1245828
1067274
1021834
1073890
1023366
1059928
1024523
1026163
1024551
1093707
1035686
1024819
1038382
1035104
1020348
1059645
1070760
1023291
1025929
1032782
1028890
1020041
1100019
1034654
1039392
1074904
1076592
1061452
1022107
1051550
1056048
1027044
1083821
1025855
1104040
1194342
1078478
1023752
1095481
1064255
1080530
1108312
1034541
1027046
1088597
1048335
1045406
1047874
1122996
1045053
1083543
1037283
1038763
1078479
1083490
1020261
1046120
1021518
1086429
1081426
1059527
1043575
1034981
1053610
1025564
1060255
1068158
1247900
1115711
1044977
1120539
1038904
1080793
1026290
1111737
1045864
1027910
1110196
1084744
1030224
1032979
1020878
1087854
1054075
1026501
1022933
1264300
1031358
1042179
1085739
1040363
1028177
1053394
1057267
1063379
1022196
1078680
1029629
1076948
1027155
1044003
1039405
1028187
1046969
1021545
1060959
1047148
1028434
1105856
1024157
1031723
1035374
1035345
1051599
1044139
1055168
1074888
1028652
1024832
1021996
1023476
1137964
1130039
1236927
1102534
1090617
1131155
1093775
1058055
1039175
1096021
1035228
1039634
1069126
1021480
1087154
1024124
1052359
1040074
1049546
1082959
1031394
1104551
1043037
1042055
1160486
1075904
1054127
1026101
1073724
1056731
1063064
1057678
1078338
1027931
1099082
1075771
1039504
1116815
1037251
1057992
1064614
1040764
1028355
1044846
1155656
1092223
1030815
1169249
1054305
1022955
1039241
1057154
1021782
1058986
1087839
1054262
1020607
1024066
1091727
1023576
1061582
1078498
1025489
1077665
1027613
1179811
1039899
1026362
1021601
1036513
1046100
1060149
1021751
1079734
1047606
1039423
1070227
1197988
1027882
1056676
1040076
1027253
1039343
1044742
1024445
1045659
1062498
1025738
1023587
1092096
1021190
1053067
1046157
1046442
1051674
1037398
1027296
1020501
1031338
1066426
1031415
1101677
1023517
1059696
1089304
1082676
1041787
1304475
1087284
1028446
1026265
1051666
1054594
1046089
1023822
1027919
1086989
1037353
1062334
1046625
1048727
1042156
1101020
1069825
1060584
1042389
1039687
1068905
1029866
1029651
1060876
1082200
1048008
1124839
1023893
1101272
1035089
1038154
1091780
1034629
1132676
1061096
1022819
1025605
1092897
1032365
1030847
1057654
1025468
1033266
1029044
1100125
1026729
1028183
1027722
1038946
1058572
1027893
1145831
1045411
1168108
1035862
1020788
1055206
1042021
1045757
1025209
1022668
1027254
1056189
1034241
1026966
1038074
1108319
1240509
1087353
1034942
1036940
1023944
1067935
1092017
1179166
1042639
1021785
1076921
1042622
1027200
1057904
1028803
1027841
1065957
1048378
1025222
1022283
1032765
1203783
1169461
1055337
1027993
1043721
1064670
1033737
1045185
1067125
1043214
1091106
1020494
1080299
1039112
1036296
1054223
1025164
1032759
1045108
1055867
1054119
1024480
1100512
1022880
1029763
1024727
1031212
1095339
1036990
1020147
1071797
1036999
1021538
1025070
1023317
1053541
1051698
1028331
1027872
1056336
1036375
1139870
1059941
1031815
1052756
1046521
1024270
1084381
1031784
1066972
1023725
1026754
1034787
1050903
1027910
1077403
1097467
1023633
1043401
1022011
1031920
1035091
1066798
1033697
1118264
1094859
1034729
1026354
1143938
1024390
1072250
1033302
1038218
1029202
1097416
1029685
1054206
1098849
1028870
1050942
1115119
1020682
1036332
1072682
1055079
1027550
1085837
1054697
1074122
1049463
1119381
1067676
1082760
1066156
1037998
1039650
1065545
1072015
1044279
1024864
1070054
1086335
1050341
1110575
1020846
1111610
1020193
1066158
1023456
1043354
1033949
1026216
1099711
1021045
1065027
1020776
1097641
1021043
1022426
1144250
1039167
1047178
1054148
1044803
1053373
1089821
1021768
1029847
1021170
1050938
1121554
1024427
1052880
1030387
1044595
1050465
1038636
1032946
1020669
1063400
1023293
1029850
1078689
1107466
1038929
1074400
1033475
1024741
1044496
1067912
1054945
1047416
1039578
1079602
1118686
1083628
1060354
1051948
1022347
1032353
1106193
1024987
1042502
1036028
1054622
1020369
1046312
1024281
1057767
1041223
1060886
1025863
1186942
1195964
1026578
1158811
1069498
1040214
1041935
1125936
1079615
1031044
1065163
1065224
1023544
1057381
1048582
1034181
1048337
1059634
1060189
1027774
1058198
1052804
1059302
1053962
1143032
1028197
1052685
1054216
1027797
1029376
1029409
1022661
1060139
1061827
1037524
1053105
1121378
1031704
1079717
1114113
1096377
1061843
1035333
1052868
1090189
1044857
1040959
1034866
1097089
1086568
1020921
1082144
1051237
1020246
1030971
1050267
1077045
1098678
1079512
1023242
1330889
1076900
1081435
1047941
1055587
1086753
1025462
1032386
1025040
1035543
1030500
1067851
1057792
1032992
1062344
1030916
1052763
1051156
1124980
1050087
1203492
1075471
1034391
1103237
1110014
1045077
1071691
1095093
1063859
1041630
1069733
1030402
1022023
1060888
1022198
1026338
1093101
1076886
1050348
1024371
1023033
1078063
1033337
1036247
1066278
1048341
1056339
1045054
1035298
1039932
1046291
1080804
1056040
1134140
1050128
1021441
1044717
1048747
1023430
1024394
1093106
1023911
1149847
1028679
1035944
1046095
1095919
1110634
1047989
1111221
1114013
1039227
1027598
1106973
1096845
1069407
1028795
1136782
1082474
1023020
1092597
1134956
1038432
1028332
1032555
1033634
1045204
1049962
1022810
1073976
1023567
1036276
1037213
1035228
1034023
1044545
1033472
1030605
1052389
1029678
1041544
1065661
1070011
1026455
1069195
1057391
1070443
1077501
1075746
1102276
1063102
1099860
1026781
1039489
1038808
1032490
1033485
1062326
1033459
1035709
1023957
1097240
1057023
1028172
1021338
1042243
1046783
1023442
1082522
1113526
1034011
1037450
1043040
1040222
1031487
1080554
1036460
1047478
1039416
1084902
1028976
1021708
1034431
1173862
1043121
1104998
1075365
1084231
1021905
1141532
1054244
1155358
1037968
1042394
1067609
1038559
1121450
1048820
1039567
1144278
1106039
1022986
1045179
1227829
1037560
1034570
1032688
1034652
1020422
1030387
1087189
1066473
1192200
1021875
1021969
1023345
1028253
1029349
1021645
1049388
1075691
1020479
1057854
1029288
1030144
1024170
1057743
1041449
1034023
1045297
1102550
1138027
1042801
1024260
1026204
1113877
1203692
1035089
1040032
1176983
1070546
1086556
1023253
1020165
1201262
1052191
1024268
1026719
1057665
1035449
1062476
1037184
1061883
1148929
1076084
1024464
1022376
1020066
1083408
1031513
1078646
1041706
1039726
1071394
1049001
1061718
1104837
1027402
1046066
1071945
1054993
1126849
1124332
1113775
1026842
1131095
1021645
1034441
1065689
1023120
1041500
1020761
1025353
1044253
1064089
1024808
1093198
1042643
1023710
1038168
1092806
1115579
1193389
1079935
1071899
1038426
1050315
1056686
1022600
1023734
1080323
1027733
1035509
1020182
1022405
1055642
1028020
1113825
1027120
1055642
1044636
1036477
1026963
1022890
1080593
1031700
1045496
1084447
1034387
1051079
1184323
1067927
1048766
1081797
1096974
1021622
1068031
1028014
1126730
1025551
1029460
1021892
1067566
1054381
1045688
1057500
1112814
1197189
1041763
1143046
1057777
1024052
1021090
1048480
1086798
1029775
1025980
1037134
1075788
1032667
1021875
1141749
1025641
1023925
1068732
1055197
1023421
1024938
1081474
1022408
1059422
1037580
1051956
1020608
1025656
1048716
1117082
1044684
1032717
1070361
1043613
1083725
1021138
1125564
1033564
1021968
1131789
1084814
1024153
1121032
1043337
1032305
1045891
1025560
1235723
1022613
1149689
1071827
1059246
1101187
1020191
1085153
1021900
1060181
1056965
1066634
1062900
1025171
1057450
1056440
1021011
1021759
1094537
1041465
1025098
1067555
1037763
1140552
1040877
1067785
1069376
1043019
1029559
1026173
1029561
1029082
1131067
1138709
1028573
1105817
1115646
1111272
1073476
1025907
1068888
1089325
1052529
1039011
1109254
1051083
1057789
1041424
1098021
1072545
1131620
1093780
1062807
1064109
1028294
1037198
1042527
1019952
1027568
1078592
1095242
1026226
1039800
1088896
1076149
1029373
1135628
1049521
1088365
1145592
1142260
1048584
1030417
1036070
1046182
1024267
1061104
1049856
1067317
1020382
1069701
1103757
1029441
1071299
1042107
1094721
1037766
1091717
1074272
1023517
1056749
1057687
1020040
1064865
1107394
1186884
1035288
1196539
1161867
1068511
1054816
1020157
1066328
1144156
1020644
1025324
1034109
1106084
1022585
1031803
1063451
1102441
1029304
1028738
1069589
1084320
1022520
1440446
1141870
1314830
1044437
1029145
1064050
1036573
1078729
1042365
1056680
1029143
1064713
1046377
1024393
1104136
1116853
1150589
1104354
1035775
1120008
1067165
1024715
1048605
1021142
1056510
1157140
1084993
1034173
1022965
1031152
1053527
1052798
1051868
1087083
1043632
1077545
1040860
1110996
1026055
1067668
1057337
1027613
1030148
1078867
1033382
1038479
1060394
1026463
1041712
1094311
1174115
1028362
1024571
1024869
1186944
1050556
1049922
1024781
1023684
1022338
1027112
1023846
1020180
1023273
1066564
1051489
1039897
1022792
1034129
1067539
1035045
1027761
1075072
1101807
1032051
1088033
1022728
1102283
1059600
1025505
1044202
1065242
1032551
1114555
1066848
1028973
1027368
1054771
1021122
1028298
1057968
1029813
1162732
1025013
1027489
1030159
1043079
1057439
1024737
1107528
1071477
1049254
1032155
1053415
1092012
1103884
1051150
1122421
1038226
1067523
1077964
1063034
1113233
1043478
1024420
1034187
1024861
1081743
1056053
1024951
1116473
1022112
1025124
1045792
1082161
1049489
1108108
1058104
1078412
1030878
1026625
1114837
1034666
1038230
1028719
1023687
1048643
1035835
1034882
1058692
1039925
1182687
1040924
1042083
1055445
1053236
1033892
1023552
1020216
1092422
1033405
1119563
1111287
1041391
1020225
1086430
1020268
1066729
1116186
1053225
1028247
1030074
1121532
1029308
1020405
1115221
1020062
1074840
1072184
1027656
1067571
1045747
1056689
1021676
1035147
1025348
1054801
1031668
1042780
1052596
1117752
1042767
1028994
1023797
1026570
1084494
1023835
1088469
1081003
1020019
1048621
1066542
1031841
1035402
1021225
1043211
1044598
1045483
1030775
1071929
1059245
1024091
1089032
1098312
1052016
1032450
1057467
1041145
1019956
1042989
1027618
1068163
1119902
1064037
1034618
1058135
1077360
1094910
1023238
1030231
1064805
1020487
1041855
1035136
1070085
1029330
1032586
1031384
1025963
1086407
1034098
1023206
1054616
1035214
1088434
1041492
1027737
1024900
1030608
1117817
1323273
1142015
1026758
1085919
1099478
1058251
1063913
1073833
1035385
1084398
1030481
1023182
1087308
1041124
1027470
1057664
1025067
1067145
1022429
1084943
1054094
1053998
1077887
1088404
1048985
1158111
1075369
1118695
1033213
1165662
1069360
1034354
1081790
1071323
1044288
1057142
1031874
1025474
1036029
1091864
1022254
1041646
1044566
1045306
1037052
1032013
1031779
1233297
1024222
1058111
1084777
1027386
1035995
1027483
1024112
1042853
1026954
1032613
1106664
1038136
1040058
1077422
1067533
1026521
1127642
1024687
1061117
1024709
1036429
1083859
1038279
1036072
1212833
1106212
1034564
1040920
1073536
1028379
1142314
1064783
1089446
1021498
1027927
1027519
1024465
1053470
1069118
1031610
1068181
1074268
1120723
1044552
1194412
1061945
1040555
1020144
1025258
1079830
1228759
1028641
1075675
1037485
1037602
1069183
1096023
1031989
1145435
1030964
1057512
1022470
1037533
1034730
1022849
1020445
1065702
1042465
1027036
1151786
1067180
1022342
1020468
1031125
1036409
1023435
1040948
1052438
1020801
1028562
1089457
1020347
1047906
1057820
1061798
1041118
1032501
1020715
1081179
1040036
1027447
1056809
1082158
1139975
1027245
1070999
1021642
1035870
1033585
1080273
1021642
1138167
1068835
1022752
1184280
1038249
1025385
1029914
1028659
1029422
1171580
1043233
1021505
1045962
1108271
1119599
1075737
1031992
1043802
1023562
1089255
1038442
1052066
1027538
1046790
1038723
1063261
1054436
1051189
1043738
1034917
1043527
1021347
1042304
1031902
1047847
1051916
1088169
1031828
1051996
1080311
1037135
1047395
1032810
1032988
1083941
1022488
1036062
1025847
1028869
1023281
1069485
1031692
1028510
1054220
1063857
1026801
1027605
1024758
1069020
1070669
1059819
1059965
1028926
1056676
1053275
1026769
1033502
1039857
1020095
1052750
1036137
1052871
1089786
1146687
1084566
1116508
1037551
1069456
1104916
1103267
1021701
1124171
1051001
1120035
1074366
1027482
1020013
1128707
1059769
1046782
1058533
1098388
1070414
1035012
1034671
1028769
1044630
1034911
1030985
1070795
1044958
1031612
1034234
1031515
1023415
1037880
1079990
1020485
1118324
1032884
1041976
1091466
1020902
1079616
1027276
1026919
1056223
1040663
1049430
1036570
1043514
1074094
1051523
1067062
1063907
1074276
1082347
1020860
1063774
1034409
1036732
1036800
1035530
1028285
1054829
1020385
1023663
1122112
1050582
1024653
1064463
1081832
1079125
1045048
1021575
1069323
1021513
1036649
1142458
1074684
1032080
1117152
1020846
1091746
1020267
1069510
1026144
1038873
1026092
1044382
1024268
1053160
1135526
1126379
1052755
1027514
1086437
1076819
1023597
1029567
1104536
1078191
1066754
1040450
1036380
1044154
1033134
1096166
1223619
1050415
1025942
1171521
1054713
1023115
1027238
1093485
1117270
1022582
1028801
1020819
1065208
1073005
1036768
1051826
1021136
1023245
1064604
1038269
1040732
1157336
1051836
1033003
1049503
1043585
1020540
1060845
1024546
1032272
