5004001968
5005515185
5014455444
5006347829
5003612267
5017110634
5004106513
4999985325
5006272426
5003762172
5002534713
5010004011
5010762472
5005845372
5009008354
5010681926
5001315264
5002231972
5020012924
5006535090
5001303943
5001161411
5004565781
5001450033
5001860444
5002514380
5008883095
5011826016
5007378719
5001441605
5001831202
5000032811
5000589015
5007349720
5010703124
5002533082
5011925638
5011165109
5010592772
5003514777
5002017615
5008285618
5023304468
5038963713
5003431722
5010865419
5003541290
5000126303
5002524286
5000366579
5007970886
5003132030
5017265278
5025646595
5001986937
5004797551
5001598515
5012715857
5031260140
5004798219
5022021279
5032570745
5004648931
5005840092
5009102043
5016734730
5003311853
5012384810
5002658974
5002625592
5004526993
5008203041
5000202223
5002826558
5041534050
5003480386
5015131157
5001132336
5012830785
5025763489
5003072961
5000037697
5014325234
5011925619
5022291618
5060623306
5004582920
5078587498
5024592292
5004628622
5017786141
5028560157
5014310172
5000324238
5011532635
5006247118
5015067935
5010357305
5019911042
5006205879
5013177426
5003383814
5005202283
5004467492
5003791114
5001600754
5010695718
5006598313
5014502110
5011344320
5012473022
5019119273
5004261144
5009447687
5015509535
5022945575
5008718187
5030676196
5000286881
5010871499
5000948336
5014663907
5005819713
5016617296
5000769617
5006596877
5011721949
5002407389
5025226157
5006352615
5002205055
5001945136
5002452819
5001976363
5007934159
5011070504
5027040055
5000760242
5004002812
5004812337
5015806516
5002216870
5000184036
5011345244
5008355703
5017168638
5023412191
5008702883
5028154077
5003400549
5004335179
5004224215
5001869524
5002855439
5052303792
5002920583
5001301941
4999961792
5000605149
5006107597
5020467648
5008643267
5002418803
5000789886
5014757481
5004745477
5003287561
5000668271
5013536515
5000850104
5008348761
5072291583
5005892512
5003811393
5004597596
5002855309
5000361000
5000602574
5006382315
5005175195
5003434642
5006299890
5007912688
5010396225
5012454914
5005605723
5018378711
5004942125
5024207162
5018466172
5018701194
5000940224
5001329896
5001532625
5042328356
5009772893
5011866639
5004789491
5001841781
5008091160
5055393506
5011160485
5059665835
5002405587
5000885293
5008690217
5013381905
5004447879
5000777811
5000295203
5004611407
5004909450
5008341378
5001313779
5000334794
5000254368
5003106757
5016562873
5000803669
5007686640
5006891390
5004143989
5001385820
5002266809
5000101938
5009456717
5002544948
5005608382
5007453035
5004105987
5002435919
5004203161
5003240500
5002407401
5000639591
5015789572
5016890349
5001878793
5017533848
5021725633
5000392572
5003313416
5031961297
5001502621
5000092013
5008599517
5008947926
5007290893
5020459794
5001808238
5014968843
5050874221
5004531767
5003910049
5009793500
5030112057
5017819649
5000593224
5028236613
5011593363
5002244961
5004206554
5011226364
4999995919
5005377013
5001518515
5001681654
5011052453
5004898712
5017748294
5018343951
5002792302
5013283700
5014585580
5002012622
5008345158
5002758314
5000860827
5006036232
5001323422
5025397130
5028355849
5005329919
5034159485
5014263961
5009799274
5018501955
5016092594
5002356542
5003440838
5013953668
5011819530
5000565524
5008754786
5003069249
5001043927
5016982237
5013137524
5011084002
5000924915
5005396975
5001791873
5003130055
5006869204
5009701249
5003659471
5005766026
5009684165
5005619084
5010455849
5000577684
5001717281
5002465875
5001640259
5013723446
5011361681
5001290953
5000557205
5005249184
5003747809
5006079242
5010826286
5001067798
5004619626
5001677914
5010024453
4999960734
5000740309
5009168966
5017176541
5038198978
5000345356
5000528990
5028194632
5047197569
5014338631
5003127707
5004462892
5000976785
5005466158
5000789907
5012718721
5002325160
5021862120
5008933893
5000673044
4999953966
5001117038
5020751553
5010870739
5015188035
5001347905
5006425099
5004074743
5038114495
5003678772
5000185896
5012359124
5019515207
5014154691
5060560748
5002328777
5006414717
5001831422
5000196228
5024375286
5020362493
5003375287
5031749768
5010329731
5002935512
5029352333
5001204345
5007978410
5000078877
5016278941
5017358490
5004158224
5003652343
5011725082
5002070712
5054849456
5028595718
5000258224
5010270195
5000721123
5025275318
5001727938
5000266753
5002219435
5006435216
5010639659
5017935297
5010010582
5004897171
5021787034
5012162460
5009623078
5005276694
5008345007
5018529077
5003397311
5008306964
5003969500
5007915982
5012306273
5001400425
5004048289
5000443296
5015425323
5015918320
5005032293
5000556058
5025663138
5008958828
5014242985
5007900495
5019494090
5001496659
5007893953
5019910943
5001503884
5012633969
5007786301
5005428602
5004640741
5011936674
5000436914
5020197586
5000823645
5003427630
5024485175
5006129932
5010221134
5005844463
5001200686
5018329107
5001584235
5002124508
5001159799
5003037043
4999970449
5016242348
5020746751
5004002492
5048496824
5001056456
5013702076
5005535306
5001625623
5008481442
5001613001
5002188462
4999994403
5035528053
5000461940
5004958338
5000317079
5022548916
5003458496
5012184208
5000614757
5006414665
5000917751
5001172466
5008319785
5013607365
5000310184
5011568770
5000729612
5001365917
5011258646
5007920442
5027511489
5004168965
5025030898
5000282167
5014072763
5030429086
5013357318
5015565057
5009686304
5004832758
5002700449
5005627200
5000425728
5011129063
5008133573
5007695400
5004122302
5016411924
5029829447
5012448163
5003834893
5003603455
5011905173
5000599966
5005609224
5024152871
5003484022
5005973491
5006942470
5010182349
5005910092
5001019530
5001739649
5002710274
5004449713
5036222209
5006972573
5001673703
5000648229
5019953798
5002489048
5010889588
5002995150
5000786210
5010523911
5001442822
5003426060
5023858910
5000812911
5009034376
5003163466
5023657313
5009201067
5002043657
5009376821
5000363221
5004981056
5002070151
5004377630
5000293236
5003196819
5013427736
5012400407
5009343172
5007812975
5007572938
5007628728
5011606367
4999978790
5002498673
5002072897
5004409184
5031036965
5001470508
5000933919
5022267676
5004011689
5005792320
5027276474
5022701723
5000601379
5017946882
5003620439
5010303205
5016833857
5030530550
5006808158
5003687535
5001041211
5007861640
5002938089
5001266089
5003372785
5000168985
5012155416
5017443209
5000270283
5003654312
5003969596
5025473667
5028678858
5001003357
5011053351
5016179067
5001283129
5007986295
5013049978
5006666965
5006122555
5017442582
5020566674
5006547049
5003193761
5030307364
5000399417
5014495968
5021852374
5006579403
5009163814
5001440131
5009278701
5006515163
5020212381
5013806120
5009611389
5018548125
5001042814
5025304395
5007583764
5015436164
5009577464
5001972107
5004517760
5011091558
5013745248
5011986478
5007110430
5015862854
5005315292
5000847881
5023877607
5000422567
5008996531
5001247859
5001910216
5006395451
5010117444
5005514249
5005217167
5013076808
5041674942
5013278830
5009740262
5005488384
5016689622
5002692892
5020327548
5013113371
5019727558
5012371043
5001963299
5000137548
5006912931
5012034344
5010359208
5020316006
5005736994
5000873872
5003407398
5001454653
5008866595
5010527099
5011823051
5002303202
5002406451
5023542978
5009645205
5004312672
5009570089
5005377466
5005570366
5002750894
5004598032
5002040789
5012554959
5001000477
5024809043
5000663727
5003383293
5007259245
5008345188
5002334102
5010335798
5003664506
5001348902
5017579967
5001160453
5000680414
5013583595
5004257834
5005564051
5003355530
5000668603
5024220511
5018344303
5001461620
5001130854
5006749925
5006914865
5004937702
5015754257
5001370675
5004479446
5022942373
5002019375
5000391731
5018455832
5012793139
5011735271
5002900282
5010007465
5004264501
5004784776
5006176314
5009051769
5006923575
5009779634
5007888641
5003211589
5018104544
4999984837
5000505343
5000604999
5012423508
5000837175
5008188047
5002523716
5013431661
5000178135
5010359301
5011633482
5006359511
5007394340
5001071038
5016511967
5004627505
5007782804
5011620376
5006898897
5016796993
5008318085
5017485245
5031183840
5005474336
5012182300
5014925311
5002397297
5023429622
5005854031
5023578148
5000508641
5007649363
5003873722
5015605666
5012977568
5005977611
5009956940
5033175471
5000327047
5005282375
5005186511
5006493538
5009719888
5001694521
5004696685
5007090742
5004525718
4999992852
5028283683
5001990015
5015717339
5009827842
5019504401
5021931571
5001534084
5007995041
5055503388
5031623075
5001741296
5017399093
5003119876
5005339479
5000678859
5061169593
5004342795
5025480187
5000708660
5016173579
5016107572
5023896276
5001277783
5007831091
5002440818
5000653317
5004060265
5002700124
5008153331
5012614743
5000483170
5001701655
5013516884
5017214932
5016820077
5007259532
5002033749
5036515876
5009703893
5005048053
5006372812
5013718008
5001542293
5006667370
5000189892
5027137228
5003526982
5004977897
5002786269
5001532781
5006304977
5005192271
5002891881
5001653593
5016475960
5005674190
5000635016
5002073252
5002011982
5017430961
5001121441
5004755743
5004230167
5009438993
5029041265
5012974635
5045180856
5016322157
5024176725
5018807338
5011613143
4999984282
5010909134
5005834135
5006002004
5004838883
5012344401
5011820464
5007636653
5007123124
5010281137
5017365242
5010605895
5002706604
5006124217
5005600526
5006890941
5033619583
5042364942
5017013061
5001679665
5001302356
5013437511
5004347159
5009814740
5007255847
5002359731
5012791786
5008710352
5052635275
5002867094
5000752518
5002614453
5004132852
5001252085
5009324532
5000164547
5036179541
5046598292
5038814349
5000045405
5000867030
5030811506
5000350253
5004949087
5003553540
5000027644
5007823624
5003983263
5000039197
5002280179
5005186143
5004902478
5013689557
5013977191
5036446801
5017739188
5017412648
5004311792
5016665507
5018634785
5002516477
5006695070
5004154328
5005133011
5005469849
5005186499
5001652775
5009807228
5011626438
5019899318
5005082566
5009168848
5013856286
5001738601
5036796311
5006999719
5004291011
5006640769
5010528608
5048088578
5012415880
5007167259
5016195500
5036876570
5011312707
5000151676
5031186149
5059298989
5013117266
5002541362
5004542453
5001569156
5003941395
5002067036
5006429429
5001092662
5009265359
5008576216
5000459725
5000921227
5003240693
5030223396
5008542639
5046662112
5001985348
5042562647
5001869398
5005999399
5000714809
5003046356
5009852261
5000665152
5004860624
5000339562
5001204065
5006810711
5001615409
5008623099
5003302898
5014071226
5018808650
5024828438
5011550785
5000663848
5013249502
5004357657
5021709322
5006596718
5004896539
5009781012
5040939828
5004194541
5015492976
5002849557
5015324883
5003019498
5000186980
5005548351
5000201322
5006352430
5032696341
5016160622
5009505571
5005711638
5025016942
5002629222
5004183747
5006139792
5002088081
5003564018
5005559849
5010019358
5018260761
5004357398
5006888950
5000006753
5003001718
5001799285
5002232797
5019110696
5000085561
5009434557
5002270040
5003848232
5018980210
5008044344
5002079125
5000591264
5001289962
5005964132
5020953519
5004145599
5010119289
5002543462
5010188678
5006341657
5001891023
5006003776
