5000532041
4999981289
5003479124
5017644585
5007834663
5010495847
5000087266
5013467764
5009205410
5013941489
5001123238
5011519803
5000028137
5006295729
5021728782
5003248125
5004413973
5003493474
5013076885
5004949756
5004389576
5010002662
5032122634
5014359201
5001479555
5006342344
5024369371
5006126738
5004897553
5002828049
5001640408
5006960682
5015647580
5002336735
5027147846
5002308627
5003680562
5000877194
5006849220
5005032726
5008125683
5010230712
5006543772
5007072215
5007093082
5010950757
5000644111
5005435498
5008427880
5019047565
5005564493
5000494986
5005139604
5003282931
5002743033
5008560463
5010775356
5021015005
5004168475
5004776533
5046341478
5001079336
5000482946
5008752414
5008891208
5009162224
5032562628
5014926740
5004421408
5002212726
5002496144
5013615922
5004586405
5023154196
5006403603
5000987091
5000780386
5020885708
5000877399
5039664201
5006732172
5001554702
5004210467
5013851812
5000291294
5007527176
5041089138
5012452782
5003495403
5008574599
5000294793
5022775132
5002755394
5003509054
5009775470
5008702795
5016933146
5005866028
5004594936
5001196149
5002101959
5000179580
5004606119
5009884128
5042024485
5006243133
5002129805
5005071160
5008722813
5001504298
5018646094
5003257259
5016466595
5000324631
5027822270
5004344818
5000169343
5003152904
5000440968
5002738769
5009472556
5005475817
5009852746
5008700117
5000178539
5002009607
5004031364
5007462490
5003820520
5002976444
5003773712
5006827986
5004453113
4999978349
5007814267
5022097700
5003079503
5007684325
5003023024
5021225788
5023774381
5005572894
5014939768
5031154660
5010246751
5004030213
5013717419
5018328863
5001770905
5016556105
5006344905
5051897545
5002906987
5000047700
5009414142
5000585899
5006697483
5000465191
5037265273
5023502125
5007445539
5001603062
5030867807
5018140916
5010316358
5032226257
5005920888
5003252980
5006970108
5013646365
5000589735
5004616798
5020383646
5006993885
5013663218
5001279968
5003986273
5007247084
5017666028
5003721641
5012703616
5010600457
5003168621
5001243990
5003659333
5018854536
5000010822
5001224817
5009208086
5005098852
5023782946
5000379071
5008895450
5006785240
5014145703
5005104695
5007256672
5007567851
5002081522
5015898753
5011663345
5000281949
5012387497
5000217532
5000314911
5010413509
5003349558
5008128720
5017193003
5044533489
5006418823
5001708340
5000456058
5003877950
5008473308
5022320373
5054467213
5012986111
5003778208
5003920618
5004249816
5008939009
5013842519
5011615510
5010725073
5001769753
5003995212
5005646280
5014218173
5001224842
5040842228
5000681887
5000624489
5002516049
5002651174
5008213798
5011572462
5012293714
5000278167
5004933904
5019990953
5007783045
5001672599
5004753576
5001679993
5007573555
5015920646
5006998218
5001233001
5008765026
5019883068
5011509667
5008725100
5008281271
5000953477
5004975570
5008411494
5003610045
5011423541
5006676456
5000709809
5001640154
5006264220
5003592311
5001550244
5000587918
5002713374
5003822162
5024825221
5004769958
5004330899
5001488213
5001458060
5000013186
5014029421
5014821608
5008449614
5019860432
5034981142
5005644205
5000563411
5005108975
5007223764
5001897387
5014489544
5007141522
5006770352
5002168851
5012883793
5010764415
5003764238
5003184253
5006115318
5003687242
5015246048
5009208821
5030967818
5014872051
5010488386
5000027950
5001818975
5042472573
5002344966
5022606897
5009961642
5008986224
5003334089
5006638827
5002114687
5000854712
5006993201
5001142413
5042149208
5001112455
5019824374
5017354257
5002032051
5015530528
5003619678
5008135672
5004151561
5005842310
5000525814
5014322147
5025760523
5003172840
5000653589
5004615545
5004507751
5001259689
5004805805
5000334930
5001542195
5015609738
5009923097
5012743758
5001432916
5002866305
5003151950
5016608446
5012060683
5006419757
5021203691
5007871261
5000440570
5006783679
5018342376
5006435037
5010494502
5012843133
5007994308
5005103617
5000162637
5007885615
5008361707
5006755130
5008858649
5003540427
5003002760
5017552800
5005674299
5000550637
5036161965
5003284932
5005257331
5015420574
5006846331
5009054558
5006547575
5004726633
5009297635
5013277082
5000178002
5007662478
5017826131
5030372714
5019465961
5001660908
5000394462
5004788632
5000129102
5003287476
5003033620
5000233077
5003899837
5021502028
5000174132
5005794076
5013207078
5002198532
5006262013
5003021947
5002365828
5035344255
5020326784
5014910039
5004197284
5001403692
5004686598
5012084697
5000321035
5043346600
5010199009
5010636986
5004965968
5003014543
5001511221
5005614970
5014973055
5003354113
5015242403
5007433147
5008208577
5006512737
5009794717
5035471734
5003574011
5011352390
5006431557
5003475179
5000349624
5004815541
5027068980
5014131711
5001711705
5041211039
5001633211
5006148494
5045858174
5040430571
5016963641
5006496153
5033647199
5001657495
5002167636
5003431545
5001543964
5017085458
5000697366
5007573390
5003831560
5004811076
5004044246
5000605252
5002650047
5017649560
5021605021
5002235544
5007793870
5002039669
5004963711
5004641594
5003902104
5018765648
5005677383
5005615814
5012379517
5025503712
5006975737
5017574296
5005204036
5014494233
5000508787
5003232353
5014296549
5003947652
5006667210
5038024996
5005232152
5040004705
5000080524
5017914017
5015036687
5002515480
5012653503
5013678434
5002041717
5008762950
5008841442
5006583202
5018873949
5001416988
5003932845
5000595036
5002571311
5006309766
5003102116
5001869889
5000585521
5000778427
5012898874
5002195957
5002020229
5005950085
5008789870
5007288385
5026191140
5034343788
5000950539
5016753555
5009166161
5004303262
5011253437
5005472984
5008957192
5009819606
5012601345
5001377127
5008397689
5011761128
5022997338
5014488470
5005352882
5013646890
5012959883
5008424162
5005028049
5022336140
5004686626
5006878715
5006164141
5000011140
5001000230
5016448260
5016337563
5008309204
5004863615
4999999661
5000273793
5006346686
5015558228
5003148120
5002378877
5017208413
5005422983
5003316076
5004303858
5003111595
5018361449
5022022250
5013337683
5006482610
5000948486
5001188116
5002619221
5001754096
5009043358
5020234999
5056828637
5012034505
5004615871
5005875160
5009797057
5008794133
5017805051
5003313308
5004014472
5013759636
5002094268
5001145360
5008475455
5003367061
5008327849
5031864480
5001490113
5017172394
5006196949
5001873739
5006211326
5007524293
5014380807
5001367026
5004712638
5004412983
5004403828
5012812910
5010194093
5010844379
5011343515
5007966887
5005861483
5015383857
5006871855
5005151212
5001730284
5000106062
5021656126
5013183547
5002460767
5014578618
5000623147
5016959516
5033055621
5000558227
5012208391
5006427547
5010995829
5013996638
5066924010
5024046701
5014668416
5009670404
5009662219
5002944038
5010228308
5003077921
5007716237
5000569367
5005851303
5006348268
5031651500
5012577013
5013698994
5005168421
5038896098
5035231597
5005246453
5001671083
5007876556
5005253453
5014001758
5014911804
5009022593
5000903997
5005005251
5012984292
5001226110
5002961549
5011721415
5017180293
5006104918
5006083994
5023309007
5004570834
5004054871
5004033638
5010669777
5008383245
5022945649
5014447794
5000060162
5006064391
5012461398
5004213058
5006888327
5034966766
5039434177
5010492846
5027458550
5014228083
5010084225
5036595166
5022673952
5010614041
5000332035
5014626131
5009876142
5008465835
5003902911
5015683211
5003468428
5007711572
5001980202
5016021210
5001494920
5014278434
5009839227
5001104099
5003050553
5002376558
5014891537
5004143957
5004261807
5011383760
5003011030
5001376833
5010414044
5009704636
5006614838
5002754242
5002481515
5003420279
5010755152
5004318334
5000235712
5000866410
5009949904
5002387753
5001279623
5002047184
5005287313
5000907840
5010442112
5000410148
5008769107
5003055034
5002902938
5001980846
5002479488
5000264918
5008708787
5000731022
5004838097
5004575582
5002310181
5000359393
5023999699
5000068540
5000100340
5005218495
5003392633
5000276557
5002835151
5001218378
5000997239
5010445747
5000259990
5005845855
5003338848
5013367653
5006438450
5002468407
5001303483
5001658630
5001441559
5000977315
5000415746
5001600489
5001922253
5005860470
5014878293
5001435021
5003349184
5007172314
5000872364
5004588064
5000825693
5003100927
5004150196
5000697892
5023174239
5006960644
5000906941
5003242675
5000348363
5003483018
5006691181
5001054359
5005243490
5003263177
5005267134
5003135101
5000070798
5004010442
5008874144
5008846783
5000066726
5005218978
5004003744
5002935071
5000750567
5005567722
5000488509
5000332575
5000911150
5002616777
5001641048
5013974281
5003104964
5001808616
5001413495
5005616880
5002558001
5000499251
5001958118
5013922139
5003125118
5001983061
5002365194
5018062700
5000310922
5019060165
5019226328
5016805482
5013150903
5004736424
5002486735
5016708295
5003560452
5001021775
5007362026
5010315207
5000142822
5005254322
5000183932
5007165878
5004696943
5000832974
5000174037
5000044152
5019297768
5002241089
5014135556
5001442281
5003418514
5000349643
5001321693
5000960936
5003275970
5012547335
5008035400
5000323983
5004838024
5001441096
5000680828
5011423423
5021875086
5011259908
5002774839
5004164230
5011315944
5000695947
5011765592
5000713665
5003008810
5000849154
5011814310
5006409512
5004609502
5007755117
5028600608
5004139392
5005105424
5001281390
5005984287
5002209254
5002709271
5002528867
4999979922
5002849774
5012074036
5011071761
5003882414
5001323226
5000578582
5005452358
5006879279
5006095319
5004221507
5003279719
5007117289
5007857969
5001386116
5002552974
5002344192
5000883101
5002979823
5004173628
5004718348
5002408269
5008104129
5003181231
5002103046
5003919760
5003308337
5011285633
5001520833
5005318873
5011438759
5005389589
5000232301
5004243041
5001512555
5008706357
5006721586
5008404326
5001780242
5011254034
5007162490
5000106252
5000675754
5005312928
5000046344
5002399602
5013669598
5007303422
5016708820
5005095274
5004590811
5022415529
5003676864
5000297423
5002808363
5004521477
5005578654
5000426674
5000397294
5003326958
5014224967
5000748198
5001299697
5001660350
5000357629
5011773408
4999998093
5022374360
5002134681
5005013422
5002192349
5002884685
5010845703
5014361931
5002399151
5005518099
5002420158
5000570158
5006577710
5001722509
5002395269
5015479233
5002957418
5007816416
5009180313
5003274117
5005459057
5005755310
5000207295
5007748398
5002204268
5004018070
5001153935
5001289556
5000439101
5002929178
5002203999
5006755731
5006208272
5000017417
5003736837
5001118449
5004080161
5003286116
5010016779
5001919957
5005526291
5000546591
5001274690
5007900888
5005927538
5003100487
5004887189
5000091697
5001417539
5012816196
5000337123
5003142873
5011190950
5004659143
5010478661
5005712044
5011759173
5006935206
4999966687
5002089980
5002819638
5001491356
5004912413
5000405518
5000350065
5009565968
5014699270
5000734777
5000418711
5000339799
5004886073
5000479546
5003756644
5013240864
5000097249
5004528075
5007007169
5004115206
5000553992
5000305280
5003273550
5009469288
5001159988
5000352124
5008032959
5018439031
5000885266
5001959573
5000993436
5000211572
5005268663
5007588125
5000240244
5013311974
5010814670
5012199093
