24802338
24830913
24857654
24813132
24846150
24785558
24857315
24805175
24862714
24785339
24804999
24780907
24808009
24798987
24958122
24781372
24772291
24846071
24953540
24778276
24778689
24979527
24770012
24892097
24776909
24865295
24821506
24772586
24800432
24891424
24864488
24820312
24801522
24821308
24787291
24818603
24768357
24816809
24805201
24813297
24784703
24905741
24825828
24850374
24879262
24878595
24775325
24770285
24785903
25082785
24969937
24769657
24768064
24805302
24778410
24797885
24806083
24937122
24798752
24889337
24791874
24797728
24810147
24768955
24772732
25091841
24811037
24864081
24777508
24801980
24777957
25035824
24799652
24825769
24804257
24784102
25032797
24927745
24907699
24844978
24816768
24906057
24775597
24780974
24771261
24951963
24929406
24833798
24997375
24770643
24777779
25069471
24793625
24865961
24946270
24882057
24853945
24851820
24795348
24773708
24798058
24812501
24815801
24849589
24927057
24769724
24847880
24896392
24771834
24859517
24997600
24983432
24847823
24780054
24795025
24891563
24903801
24794743
24786129
24772601
24791909
24820443
24772726
24777517
24786871
24793188
24886645
24806251
25022488
25001161
24814945
24863989
24779036
24997670
24771892
24797067
24801383
24817609
24771631
24802566
24794747
24770106
24997509
24775984
25099905
24781992
24774327
25056120
24787198
24831159
24787338
24775650
24951158
24781241
24981385
24835368
24944336
24859789
24801242
24935076
24779338
24924241
25155461
24795419
24846622
24778815
24854667
24788959
25047047
24823313
24789574
24799824
24791736
24831219
24854703
24811313
24804823
24813404
24889626
25093179
24778749
24771914
24773169
24838040
24776085
24853948
24799630
24998167
24791569
24905697
24817210
24800393
24851097
24804154
24827281
24838899
24981047
24855990
24810974
24778384
24787625
25092494
24785820
24898750
24840733
24795242
24783680
24789832
24793565
24850305
24808587
24770692
24782117
24797254
24794656
24803929
24784377
24774875
24915019
24780027
24964179
24792089
24778262
24804811
24808421
24811432
24813896
24800607
24778958
24928205
24772738
24846143
24818431
24843117
24790596
24782165
24770165
24818838
24769109
24836618
24865371
24798307
24775515
24805190
25024779
24881530
24805961
24820341
24861276
24850788
24963219
24774165
24872829
24828491
24913176
24777054
24782678
24804791
24808670
24812663
24908008
24896355
24769028
24834358
24831278
24791563
24793670
25053438
24796992
24781085
24890620
24855790
24835079
24786512
24822807
24894614
24904071
25115805
24905888
24851724
24845617
24895205
24901097
24826184
24774706
24877317
24780457
24820513
24831505
24786678
24796723
24834970
24784736
24803270
24863793
24790655
24772782
24824170
24810100
24925851
24795333
24877900
24787980
24804688
24796130
24932749
24791114
24832138
24969982
24998499
24788552
24899685
24775619
24877259
24922624
24803835
24825733
24772561
24954150
24802174
24883135
24939856
24829852
24832098
24780559
24778941
24798935
24956976
24822200
24903918
24823306
24789756
24841653
24897579
24887602
24793386
24885267
24889013
24971428
24903910
24799698
24817667
24798988
24981429
24770186
24924989
24810704
24777216
24771034
24787662
24828524
24776300
24820135
24786565
24769496
24891003
24984941
24795782
24830399
24842952
24913626
24776634
24924597
24771322
24837008
24781715
24792359
24787441
24947363
24912687
24887954
24897516
24789754
24811568
24776485
25030870
24971903
24780541
24795179
24970888
24784797
24779204
24843177
24768127
24807790
24769652
24891476
24769671
24797165
24790363
24886284
24828527
24835472
24789026
24782781
24800933
24792900
25193925
24831306
24832179
25052187
24771183
24880356
24789936
24826057
24937409
24815636
24780063
24956530
24791938
24780139
24789684
24773001
24813702
24947743
24772829
24833389
24926920
24826492
24785816
24807405
24980971
24815385
24870508
24989362
24868618
24882130
24827056
24848641
24771412
24803795
24812858
24828625
24785298
24860364
24768889
24913407
24847340
24812836
24883636
24834408
24845854
24850119
24819720
24918430
24935430
24777660
24792146
24804810
24773191
24777503
24932260
24810039
24891978
24821617
24790801
24817051
24786332
24794409
24776967
24820521
24801703
24793205
24820036
24845642
24883258
24845748
24852328
24784107
24768926
24784676
24864277
24778378
24870542
24806281
24790494
24930399
24772867
24865002
24849130
24840711
24779226
24879537
24921762
24877437
24843516
24829213
24952177
24777623
24908932
24777244
24879050
24972667
24796968
24784345
24814322
24772623
24770831
24785452
24917254
24771553
24776762
24894569
24849565
24836952
24877708
24936384
24839449
24793876
24905760
24797741
24829030
24769142
24803754
24781129
24977252
24771744
24866366
24908212
24860884
24789601
25284825
24883212
24813171
24998616
24906819
24839856
24885911
24839609
24815875
24809395
24813504
24773278
25033723
24799527
24855353
24811586
24857042
24785133
24778194
24840128
24815036
24795751
24824605
24770636
24856342
24923317
24779931
24929881
24794677
24800111
24774840
24828888
24790732
24845191
24810191
24777030
24838728
24953222
24911741
24825061
24815214
24801407
24960763
24795152
24804242
24896973
24793229
24822422
24769336
24803670
24824219
24840925
24776736
24837684
24807854
24877494
24802814
24785998
24779865
24891720
24846997
24793554
24774010
24796375
24946785
24840120
24799649
24783001
24787732
24812408
24788231
24859812
24769082
24817827
24811369
24809185
24803548
24875150
24838453
24955367
24785049
24780178
24776080
24828240
24795339
24772798
24946922
24787938
24891438
24781746
24802487
24863039
24800700
24817119
24794269
24769661
24919147
24777181
24910156
24801174
24775808
24791478
24872036
24819722
24796889
24837260
24782116
24864317
24782371
24786974
24774168
24788136
24850671
24961386
24861481
24913331
24800956
24789748
24819208
24779099
24815865
24809545
24818535
24922186
24834549
25062746
24785271
24768456
24771329
24956227
24803526
24955208
24814188
24772176
24799500
24783102
24904868
24857719
24795206
24813933
24781197
24871955
24773573
24779461
24932746
24872817
24833253
24777517
24840450
24770689
24775454
24828445
24781630
24816191
24834265
24842876
24896524
24797845
24779784
24799906
24780877
24810413
24838456
24849946
24910533
24872096
24772782
24841229
24936940
24798252
24850902
24799445
24868099
24831386
24796674
24780340
24807143
24820907
24784097
24769558
24799831
24811354
25038359
24813698
24786868
24847853
24980470
24818346
24772959
24796111
24952132
24798706
24810091
24779656
24812058
24778933
24828108
24775401
24852268
25026127
24786904
24838548
24811676
24778510
24824168
24771612
24788326
24793187
24789788
24823932
24824221
24942323
24839897
24803740
24810095
24773431
24776478
24874849
24791309
24871540
24812267
24835964
24839755
24786599
24896828
24807555
24822137
24813466
24778324
24771556
24858813
24784036
24812247
24951589
24810870
24811329
24805081
24807669
24776060
24899787
24829747
24829893
24898772
24838244
24807010
24775277
24900837
24820316
24979383
24817985
24809389
24783122
24853249
24993249
24770461
24912930
24869653
24804328
24801333
24826809
24945991
24849940
24855715
24917490
24992085
24800042
24879856
24890607
24915899
24789372
24792770
24827765
24808426
24776136
24804708
24838160
24842363
24774413
24802036
24769972
24786716
24861267
24804989
24769671
24816294
24799195
24795100
24771116
24769303
24824810
24917674
24830595
24867378
24896470
24994176
24868439
24861127
24791957
24799919
24805936
24793009
24776863
24815585
25039052
24890409
24778739
24849751
24782740
24811122
24768759
24813948
24805819
24917498
24796359
24796222
24814220
24811385
24816593
24787666
24791406
24828282
24769420
25014434
24829257
24798884
24768753
24801811
24778840
24936517
24965403
24789596
24806743
24946010
24784642
24852126
24963375
24857370
24789868
24780516
24781741
24820145
24768779
24833470
24790648
24826905
24813081
24770830
24809181
24809005
24788067
24830216
24920018
24769693
24863755
24772599
24848907
24813228
24791744
24787354
24786060
25274153
24782255
24772835
24925319
24792609
24859744
24812037
24917805
24843102
24829403
24884790
24783581
24802686
24788268
24787941
24793263
24782099
24879059
24938513
24800894
24822622
24847603
24801726
24817332
24994341
24774532
24842681
24772884
24827931
24771156
24802283
24820553
24791732
24788742
24849486
24869570
24770015
24876210
24796034
24838134
24785119
24833551
24832414
24790310
24829320
24823745
24805943
24778592
24784304
24870616
24851257
25098554
24790989
24784720
24858789
24787397
24836727
24844739
24796531
24925361
24831045
25016453
24769792
24798593
24825689
24846747
24769406
24818397
24786171
24824968
24823531
24776296
24797887
24805952
24773530
24771898
24809631
24790952
24886841
24942097
24772870
24779768
24877723
24788937
24883199
24797794
24771318
25118361
24776554
24823842
24991109
24805993
24787153
24812802
24917712
24783464
24787490
24776016
24849284
24789748
24916448
24863487
24803412
24909663
24775137
24784593
24785288
24772774
24902266
24857818
24816513
24885951
24804889
24775161
24872061
24961211
24819278
25038922
24772340
24802654
24871939
24771704
24782941
24826228
24867711
24773194
24896469
24790686
24892321
24782769
24888630
24784005
24871572
24796372
24771755
24942330
24816280
24914229
24770173
24892548
24909306
24772167
24780845
25021728
24826060
24822335
24811047
24862032
24922670
24787079
24931959
25068408
24785145
25070422
24861168
24793817
24832742
24819243
24845952
24805009
24893857
24799846
24855243
24879607
24816319
24769584
24769426
24969569
24903865
24942567
24982398
24835414
24776020
24785597
24851294
24788660
24806865
24772406
24877905
24855529
24806580
24780992
24773625
24785988
24877274
24851650
25199132
24780637
24776100
24790841
24785998
24779845
24816983
24841210
24808120
24865211
24836383
24916384
24852199
24939034
24772622
25193693
25007330
24892799
24770666
24784959
24809048
24840927
24769071
24771275
24776935
24833185
24769737
24956523
24976317
24831555
24789712
24787512
24802459
24788992
24848134
24807266
24797203
24887094
24800185
24898037
24793925
24820886
24819748
24882434
24944489
24829184
24847621
24790489
24791027
24772081
24865044
24797389
24906789
25082050
24802534
24794117
25030136
24886194
24813072
24813109
24786536
24775346
24926089
24777283
24776133
24796738
24775183
25129167
24944828
24806748
24800308
24936859
24837535
24815841
24835724
24775602
24923605
24953046
24818251
24786114
24913186
24799187
24780643
24816744
24776480
24796651
24860401
24803985
24840373
24773729
24878330
24944323
24803891
24793128
24886934
24864506
24915001
24772829
24832671
25086713
24773640
24857371
24820364
24845792
24797603
24781908
24882561
24782761
24775166
24774527
24926979
24821572
24775173
24832949
24828684
25031716
24789090
24781813
24833944
24775717
24854830
24820669
24802132
24820607
24802939
24813656
24862044
24793005
24784287
24944093
24835196
24772099
24777399
24811284
24776845
24799357
24807436
25122248
24802335
25094598
24784852
24876252
24824690
24773225
24803097
24950084
24970655
24789257
24886626
24800007
24794959
25171765
24873759
25007940
24807253
24780435
24917573
24930266
24809062
24792892
24786799
24795016
24780661
24791351
24937818
25018744
25004583
24779582
24992077
24848969
24771227
24838645
24947328
24783142
24788368
24787405
24771008
24771336
24799878
24891784
24826830
24803316
24784153
24854130
24797772
24818267
24808838
24961661
24985281
24842362
24771775
24822648
24895443
24881663
24772624
24904410
24823645
24815486
24822227
24810552
24885445
24894647
24806192
25060824
24881622
24910573
24787901
24781092
24791260
24852454
24820958
24806946
24771979
24824247
24863075
24812882
24780844
24849666
24781022
24790752
24930862
24772852
24833427
24822378
25032786
25051980
24802838
24797947
24867789
24834057
24793824
24832454
24784281
24778261
24803207
24925845
24816621
25131481
24840954
24879994
24835985
24823618
24827676
24812900
24914689
24908079
24786784
24888686
24827505
24875260
24767930
24770396
24893586
24890418
24866738
24852495
24789676
24860102
24815808
24786092
24968881
24795575
24810084
24937371
24780734
24795773
24792032
24816889
24782790
24853402
24826043
24818946
24780761
24826526
24797683
24959698
24807610
24788733
24777197
24844733
24872323
24780517
25008130
24776150
24780894
24865987
24841799
24908473
24922984
24777805
24977626
24781162
24795255
24774861
24790709
24780887
24817724
24769625
24775610
24881537
24788275
24820853
24923938
24813169
24838471
24779284
24970836
24819536
24785143
24839892
24883137
25094451
24821486
24833736
25063811
24786468
25035704
24911997
24784328
24799502
24772705
24975661
24836581
24879396
24862065
24838066
24787088
24819136
24784259
25132077
24840772
24799929
24769486
24793200
24828739
24836157
24912067
24867588
24814995
24798621
24798086
24828340
24953118
24770652
24770894
24776206
25107641
24772419
24799673
24872575
24957347
25036331
24960115
24803559
24870356
24789778
24813896
24834278
24829157
24777463
24768024
24813549
24779705
24878409
24788050
24786857
24896424
24786800
24874875
24770263
25103289
24880343
24871565
24821201
24805377
24785953
24825808
24768029
24853394
24797670
24821892
24796912
24948504
24843094
24849187
24796788
25166204
24867288
24804694
24844854
24893934
24947641
24787234
24826888
24905281
24856645
24831853
24841353
24769295
24792474
24795839
24826255
24844212
24795323
24805278
24804765
25013032
24776535
24783389
24837746
24824900
24820205
24828065
24859695
24774865
24795658
24860810
24775212
24857544
24839267
24799578
24804151
24780640
24821596
24782620
24807165
24945445
24780417
25132314
24819016
24782281
24821633
24899614
24815394
24810608
24777405
24827417
24852481
24797264
24778238
24780020
24806067
24994101
24792777
24814948
24958452
24787637
24819604
24914436
24771702
24978318
24908037
24794420
24851036
24857144
24870662
24871279
24790816
24982961
24871815
24902249
24869587
24798106
24792463
24821859
24822553
24896608
24934742
24769711
24781787
24848961
24804397
24780848
24781969
24987250
24796143
24924087
24774848
24793528
24823592
24780563
24772559
24822739
24816974
24846935
24815156
24769099
24876571
24788343
24889000
24779795
24781233
24822177
24806087
24918192
24988015
24965718
24886653
24850735
24877692
24826312
24865109
24799106
24792300
24812167
24790504
24830084
24889436
24784065
24864169
24994589
24790319
24921870
24794988
24864018
24779507
24810504
24822697
24769173
24877232
24866505
24783016
24814526
24849989
24924538
24789797
25042311
24771891
24797784
24986757
24807095
24782488
24773878
24768396
24840110
24817577
24845603
24835050
24786573
24805355
24873102
24808957
24771805
24865830
24944275
24780666
24809674
24789189
24827189
24776206
24790854
24791168
24777924
24860116
24811814
24832057
24910659
24799591
24867926
24817864
24780311
24830915
24968760
24863030
24783200
24788873
24772586
24807833
24861213
24792599
24884904
24782525
24841547
24907214
24856813
24886014
24767991
24839785
24980314
24948080
25348411
24801306
24828095
24815544
24866561
24796743
24836140
24866451
24921969
24862633
24833170
24791956
24863796
25101518
24839133
24780901
24787960
24923693
24784151
24945612
25008090
24903050
24778943
24994848
24775282
24788611
24803036
24829540
25025199
24780913
24779744
24791565
24779346
24794967
24987583
24847284
24840716
24782609
24832468
24777105
24839338
24853982
24951439
24778679
24863358
24779559
24810319
24816743
24913845
24856665
24947991
24836457
24830644
24888745
24807669
24979130
24780473
24794024
24787561
24823448
24801597
24824400
24864396
24795007
24783637
24801701
24882458
24871817
24973781
24778256
24774117
24777481
24773154
24818691
24775502
24839147
24813991
24798975
24836743
24806990
24774050
24794185
24837008
24785410
24771288
24770439
24772847
24810633
24973065
24795668
24839468
24963153
24782447
24772827
24778024
24835258
24794433
24796618
24835899
24792752
24879474
24768068
24830555
24804784
24993892
24851940
24771903
24910187
24783458
24918800
24768991
24778883
24822351
24805373
24803889
24769559
24803601
24772831
24782945
24785266
24825313
24779131
24807201
24813332
24800575
24839813
24774960
24786497
24777022
24783334
24910778
24851316
24786668
24819375
24802118
24995603
25043848
24827001
24934204
24854007
24772557
24859043
24790186
24904123
25255787
24776068
24771821
24773487
24810446
24834882
25102718
24839949
24854021
24806281
24844488
24892670
24816141
24807602
24846283
24777794
24810257
24882794
24782345
24788297
24864262
24780884
24940422
24877747
24855181
24788926
24925179
24941329
24872600
24828106
24771705
24860155
24795078
24774875
24781243
24812676
24768273
24772247
24845215
24800833
24784530
24799047
24913559
24779566
24806287
24936033
24769360
25102359
24806117
24892468
24779917
24820433
24887767
24897077
24899668
24862250
25097217
24779710
24772527
24770308
24845254
24769377
24837238
24783043
25030935
24811996
24818637
24908345
24833519
24831741
24830429
24772580
24827542
24847176
24780858
24833781
24772126
24812669
24921406
24813102
24885144
24869713
24923501
24823570
24773724
24768090
24817357
24830820
24768507
24867865
25044758
24789530
24842809
24776499
24801702
25077605
24786549
24950816
24772012
24784348
24867807
24798177
24784762
24837799
24894893
24803189
24912771
24848193
24771254
24881417
24781058
24919232
24894202
24771337
24923660
25060107
24790346
24778550
24775261
24817830
24832618
24860231
24832042
24783636
24859362
24884970
24791455
24859534
24937114
24819083
24839289
24805708
24806149
24879331
24885989
24840504
24851032
24784450
24830447
24995457
24873518
24777149
24836181
24874456
24777573
24788782
24784298
24771057
24844018
24917831
24845960
24845839
24799951
24791255
24787092
24786078
24804884
24816420
24799304
24821708
24805566
24926913
24852552
24813920
24790557
24771077
24798294
24969974
24952599
24783588
24778201
24819104
24815409
24778232
24768389
24828489
24779972
24810494
24998736
24826998
24953663
24804213
24811070
24780286
24772896
24810836
24771066
24846909
24794445
24827500
24772900
24859141
24791787
24842749
24823584
24878568
24776311
24777056
24869601
24870788
24857420
24769507
24792904
24816398
25046415
24780200
24796645
24773917
24914803
24809383
24776624
24890992
24769473
24876089
24830889
24916873
24775288
24833228
24798850
24798506
24771621
24776345
24855517
24794523
24777413
24784701
24794007
24956163
24802828
24794255
24789176
24789606
24790861
24859019
24785093
24798398
24851107
24789218
24790798
24786053
24907086
24905224
24786825
24885938
24905165
24776558
24858969
24824345
24798016
24870709
24777286
24998251
24841089
24775258
24981222
24809679
24857442
24772154
24798563
24793897
24784690
24819760
24812759
24797575
24815397
24800581
24887334
24784908
24776591
24789234
24852732
24792317
24917953
24884107
24923786
24833389
24803068
24785772
24932016
24805525
24793324
24776415
24788179
24875344
24831422
24768953
24915825
24846883
24777505
24803442
24860762
24818376
24793651
24800378
24782664
24928413
24797337
24824612
24808473
24826974
24781176
24828798
24789202
24802719
24870255
24769228
24785119
24804853
24782809
24794347
24819514
24889364
24853038
24774158
24948848
24829863
24786697
24785562
24782514
24777923
24822262
24772609
24808901
24911362
24821001
24785467
24845376
24863120
24776111
24915473
24816234
24787329
24844430
24779205
24781689
24814066
24822662
24784623
24801360
24907366
24771069
24796987
24788212
24777072
24798063
24874768
24837356
24857023
24808573
24801417
24782897
24854496
24914264
24847941
24817246
24872027
24783286
24893929
24893061
24772269
24912446
25204301
24790169
24769179
24770940
24770063
24869107
24810516
24777797
24904691
24770975
24776592
24824087
24806418
24777255
24784749
24782301
24858845
24877893
25010880
24780659
24824180
24786843
24777016
25091141
24855213
24773736
24777872
24826391
24858507
24769039
24859124
24913876
24847655
24849653
24938413
24842845
24992624
24797999
24788681
24803747
24768686
24770251
24800224
24769351
24777681
24773932
24801354
24831425
24794213
24784612
24800390
24875460
24790353
24776653
24846505
24852257
24805814
24787325
24788663
24850855
24782917
24978694
24867069
24911503
24783739
24851153
24780272
24821440
24818301
24777721
24795836
24771921
24775358
24775132
24878576
24782454
24789621
24840002
24859779
24928984
24823781
24865868
24821146
24829685
24926361
24782678
24865316
24787195
24835462
24873375
24803397
24771114
24813694
24825390
24827685
24812681
24792238
24874933
24924714
24790488
24777340
24785086
24835888
24788296
24850748
25027721
24816086
24771358
24817266
24853498
25077296
24861822
24802557
24782245
24838440
24835061
24774821
24775885
24851070
24888581
24814858
24821809
24770461
25131971
24805309
24812378
24777246
24983584
24791315
24779922
24843866
24824690
24834569
24786323
24820867
24796256
24800972
24770048
24814213
24773992
24840239
24835591
24881976
24834069
24839796
24809731
24902771
24789842
24792202
24845552
24787580
24925113
24785089
24776749
24778717
24836269
24785195
24800537
24789924
24837846
24913748
24981817
24772069
24772648
24771346
24810969
24800120
24844179
24781142
24777429
24832876
24825498
25009294
24935431
24811050
24891053
24867253
24808274
24806852
24804287
24825609
24842671
24803646
24865077
24819427
24847046
24826377
24817496
24787679
24843698
24771598
24804048
24780100
24839723
24837498
24795883
24792774
24782697
24893911
24849343
24827384
24868673
24909415
24802451
24800000
24779804
24785497
24843305
24770635
24991191
24979731
24828579
25033713
24787310
24780506
24927390
24783230
24771026
24782371
24957066
24804413
24792395
24816899
24822252
24779582
24790718
24789242
24823551
24889291
24785603
24918361
24875005
24868855
24858096
24776404
24787163
24883106
24783649
24781304
24802448
24819429
24865105
24771855
24772605
24779755
24773288
24772945
24889470
24800177
24787690
24822168
24807177
24780396
24838216
24800339
24963844
24772240
24815648
24944872
24915459
24871131
25103434
24802263
24772178
24797615
24795052
24777697
24772962
24871340
24952602
24770491
24790481
24898865
24782301
24908526
24919832
24769544
24782339
24771815
24773702
24897292
24782840
24827030
24768960
24834761
24796021
24832624
24769360
24773775
24767909
24838683
24776582
24807553
24786677
24799170
24781932
24867319
24880777
24934790
24937613
24773074
24774399
24868850
24775687
24816752
24843298
24809559
24782375
24812066
25072684
24845282
24858555
24992520
24769659
24774558
24862271
24788287
24969575
24870178
24816371
24772999
24805600
24838683
24786693
24970183
24815967
24831774
24844762
24812397
24920539
25035331
24774856
24878478
24837519
24887968
24772643
24871957
24771685
24823662
24782272
24789510
24772661
24787077
24826735
24923247
24868135
24786086
25030643
25206255
24789171
24770583
24980281
24790233
24847996
24782096
24777691
24797859
24783873
24769614
24856982
24839305
25545107
24801770
24892621
24814125
24990173
24772055
24779724
24831030
24797720
24813482
24819439
24779719
24859637
24788502
24905694
24780439
24915256
24804896
24774981
24786436
24841896
24998866
24816616
24822148
24938016
24799105
25082130
24768780
24787383
24874531
24781936
24772783
24772377
24956865
24794518
24841321
24853025
24844793
24862374
24791619
24873905
24776636
24817002
24769961
24870880
24796787
24849938
24801965
24869432
24797034
24874966
25006218
24866754
24873520
24818320
24819136
24922060
24833153
24814474
24778817
24785307
24769679
24803890
24895954
24772319
24966243
24774173
24873126
24787506
24778666
24921102
24795731
24819715
24784910
24794520
24816287
24775024
24829491
24844943
24778523
24835775
24885444
24996937
24827790
24783167
24778121
24911045
24837682
24923583
24829566
24911756
24866953
24811102
24821041
24831415
24883823
24788855
24975562
24991556
24856996
24790213
24938396
24803644
24861560
24771645
24986723
24781182
24794058
24803659
24801637
24799302
24856719
24799179
24793071
24922636
24775325
24813946
24937626
25031884
24909372
24788390
24867608
24819571
24790259
24779322
24879417
25002783
24776764
24806232
24777383
24815175
24771421
24837933
24834935
24787383
24900535
24836575
24877657
25011417
24793079
24818944
24847108
24858386
24789221
24803505
24981400
24800447
24912069
24817143
24852144
24783474
24771723
24829946
24850082
24771853
24878167
24840211
24824920
24872727
24783370
25015758
24918764
24899996
24894265
24771337
24832379
24822245
24814855
24780531
24833847
24772677
24783621
24885661
24784973
24802381
24769524
24867936
24786273
24806258
24891871
24797808
24769142
24843556
24779343
24782146
24867290
24782853
24771702
24877003
24782956
24810573
24890632
24789023
24784802
24769274
24778958
24777182
24963880
24889196
24957899
24793107
24780170
24937179
24768990
24895062
24832451
24781009
25036932
24779574
24816601
24801756
24966009
24771067
24771103
24824771
24838607
24911209
24778780
25042036
24780611
24919969
24918619
24768195
24770549
24787124
25028678
24781270
24810745
24816646
24850462
24770919
24788916
24771644
24768302
24839202
24871282
24800101
24829142
24985637
24790278
24861629
24972576
24771349
24774965
24769611
24809615
24825819
24772792
24772557
24779203
24810889
25056699
24832322
24920923
24837336
24787830
24780192
24811002
24844803
24792811
24778035
24830336
24877190
24773276
24852506
24846713
24898431
24784226
24786629
24824672
24818258
24800310
24984179
24820929
24795832
24772324
24860486
24796147
24986351
24774866
24783162
24779125
24873962
24809719
24783063
24776507
24781452
24907516
25121530
24831840
24851022
24907313
24801921
24772364
24771893
24872691
24774808
24782001
24980865
24812728
24782408
24800581
24772131
24777590
24950769
24923037
24815468
24772784
24889377
24775089
24902546
24773851
24852766
24948913
24791754
25158507
24783372
24789813
24813963
24788644
24908334
24798007
24803137
24772945
25047764
24794161
25020565
24784290
24793936
24789526
24838616
24776477
24777433
24794390
24820359
24788777
24805574
24822789
24777374
24828852
24814856
24796349
24850501
24802254
24780805
24913044
24822467
24792411
24817640
24833168
24787414
24779109
24808403
24827579
24794122
24783719
24838802
24777272
24788400
24776868
24777093
24779197
24789093
24781210
24780191
24995974
24795952
24776119
24839132
25055438
24787297
24778930
24905513
24879716
24932309
24825144
24838898
24778113
24769181
24849490
24770369
24772551
24804646
24855711
24903431
24788879
24886640
24781551
24807628
24816346
24835797
24920460
24828214
24774232
24798828
24884959
24892611
24780192
24790057
24775454
24919226
24780080
25114884
24826953
24902688
24772313
24773811
24948877
24848655
24811346
24820905
24824785
24799183
24769269
24798037
24807605
25021344
24953473
24792474
24822262
24829114
24770262
24918005
24780490
24769310
24771156
24859027
24794057
24794823
24817090
24895887
24775979
24789254
24779016
24930650
24843792
24773682
24792980
24786200
24770815
24771937
25083301
24802493
24844854
24785065
24846581
24896458
24773829
24824812
24862662
24772942
24919497
24784214
24779967
24833364
24791222
24912406
24818634
25027683
24990391
24830919
24992527
24770568
24804843
24780848
24789941
24770041
24864464
24772960
24776079
24794840
25044710
24880142
24909329
24927557
25017691
24824260
24834866
24811530
24806124
24774894
24881165
24788389
24804795
24775183
24851572
24772671
24786237
24884523
24793909
24853739
24882029
24840800
24827996
24943142
24921641
24799688
24950152
24814200
24874805
24890579
24794593
24938178
24852920
24768427
24779166
24855753
24825700
24843548
24777387
24768280
24825875
24825348
24854215
24778008
24849591
24823923
24849645
24797617
24806267
24769566
25014157
24940182
24801851
24877655
24812796
24860551
24820887
24811665
24842316
24847599
24804396
24798233
24768955
24801093
24836923
24873242
24772789
24833680
24945981
24811233
24776651
24955233
24783492
24946146
24778292
24872776
24772814
24784921
24807926
24837887
24861564
24772015
24846659
24875604
24785001
24776210
24794167
24918870
24950998
24888156
24775825
24781048
24828105
25016263
24909550
24859043
24886105
24927554
24878148
24985111
24793358
24786917
24782521
24922980
24853619
24952363
24778202
24828686
25002668
24789989
24930910
24778292
24772336
24908861
25020608
24821250
24929418
24827766
24861664
24804563
24771696
24833551
24838735
24797070
24830776
24839537
24855164
25093073
24856015
24799653
24773426
24903383
24791593
24922187
24832166
24778194
24777745
24824967
24857959
24788470
24853145
24770169
24811587
24771551
24931589
24887437
24798809
24936131
24811020
24863311
24822713
24948264
25241807
24839483
24768319
24888905
24918542
24774241
24839182
25019390
24827750
24770761
24852150
24830940
24940969
24770571
24937682
24783143
24796542
24961300
24771066
24787931
24775640
24799265
24803661
24832918
24788417
24993825
24915624
24805547
24856430
24785505
24813651
24786240
24888050
24865573
24797986
24786531
24798283
24829145
24813625
24776134
24817575
24847949
24958666
24814341
24822402
24846150
24771485
24869332
24810935
24773141
24773405
24789090
24774983
24853828
24824070
25055511
24797258
24837419
24825994
24802603
24845140
24857981
24947420
24780628
24768381
24771529
24787159
24789408
24794842
24770738
24803034
24818267
24832561
24785909
24809675
24839391
24768992
24785536
24781783
24798870
24872142
24777198
24848948
24848938
24797432
24793056
24801823
24790607
24815626
24939915
24788020
24897113
24793250
24797129
24778177
24835999
24802506
24815143
24783683
24773979
24867509
24853298
24769737
24802142
24777074
24829787
24883069
24775113
24784279
24784662
24776251
24785899
24783849
24854400
24772440
24770061
24812359
24800657
24853041
24783612
24831243
24791839
24790872
24839297
24823504
24783887
24779256
24770117
24774421
24769892
24803257
24774582
24922192
24768361
24799625
24777284
24875699
24792449
24992155
24882650
24775684
25033166
24911679
24790180
24802979
24854615
24800270
24771358
24793366
24780617
24775610
24793469
24783271
24793720
24770012
24823975
24998065
24775987
24827277
24848528
24781625
24769817
24810051
25443757
24861100
24777204
24800502
24844025
24869010
25018086
24847571
24772285
24768422
24782646
24844153
24788839
24824060
24831924
24781942
24774357
24772971
24803008
24871088
24791912
25043577
24850581
24957301
24788277
24826385
25042914
24791363
24776509
24780587
25044340
24798723
24775307
24791825
24787847
25140215
24797911
25229680
24768991
24869905
24982580
24824854
24773016
24818799
24801515
24854042
24857949
24978283
25038955
24842354
24769881
24809803
24782368
24849846
24874241
24803515
24790199
24769736
24782272
24776419
24798469
24799539
24811726
24813821
24787043
24774385
24788069
24789722
24992036
24936724
24894777
24825447
24903106
24864162
24852608
24850810
24781816
24772817
24774947
24771218
24771442
24813523
24771366
24815191
24787226
24797036
24854559
25095734
24800331
24769873
24836479
24792131
24853094
24806506
24773304
24834163
24788936
24768500
24772107
24812601
24792356
24772269
24807523
24898530
24870004
24782952
24785358
24867124
24791802
24821837
24991693
24805990
24877346
24834627
24857692
24802142
24787893
24879852
24892998
24899647
24856196
24967171
24782104
24838051
24831819
24832411
24775643
24784286
24817935
24860681
24800862
24814557
24782559
24893925
24791840
24794721
24796587
24813167
24789446
24938222
24788193
24821258
24844952
24777517
24778985
24782137
24860294
24956699
24800851
24804273
24972715
24860740
24833855
25045196
24859374
24934701
24802084
24856854
24797790
24772099
24914550
24769137
24773212
25088991
24817161
24970475
24806180
24824688
24855889
24775501
24770230
24926446
24770937
24841231
24824882
24840525
24782029
24770979
24811676
24773318
24797380
24777127
24877452
24777051
24870702
24782433
24991709
24776638
24849227
24903045
24929996
24789518
24777084
24772400
24854217
24790249
25159931
24788055
24792061
24771664
24917492
24798452
24846797
24782647
24835492
24788283
24816098
24767993
24769433
24784363
24770359
24901862
24775506
24813786
24961468
24795360
24991618
24846989
24802165
24871141
24858536
24781533
24773593
24893637
24778546
24828033
24814275
24786236
24828872
24797706
24848276
24938220
24901215
24850796
24784880
24828244
24793618
24831508
24851410
24850994
24810382
24804986
24783855
24875747
24926222
24801677
24830294
24811073
24799287
24784418
24861583
24783568
24798129
24839557
24781577
24847388
24834731
24797233
24769718
24809605
24771862
24776586
24812312
24796206
24786692
24804925
24832130
24893325
24777014
24790088
24831706
24782552
24795544
24970104
24809634
24836085
24799385
24806293
24881036
24804942
24777437
24844461
24830186
24782964
24893322
24842662
24771685
24770136
24813742
24783557
25058096
25052294
24914161
24773656
24787843
24898851
24804264
24777863
24937162
25028344
24811408
24836197
24777258
24814502
24825593
24981834
24845612
25280486
24819515
24832645
24770867
24961065
24775237
24783224
25049285
24786955
24832459
24809079
24949840
25040827
24810298
24838125
24890248
24771302
24777802
24818297
24771702
24774990
24798638
24872597
24770583
24884628
24782511
24776782
24883819
24804165
24780712
24923167
24775210
24788748
24775521
24958108
24825372
24836665
24819226
24773568
24887207
24795672
24871633
24781995
24965373
24928426
24787952
24839427
24867190
24864384
24985242
24921840
24777311
24947225
24843160
24771881
24783772
24984025
24773704
24840052
24819401
24870511
25114883
24775708
24850685
24856489
24803165
24781657
24782755
24797504
24884455
24953000
24958083
24821286
24772302
24828205
24864279
24848662
24806161
24775637
24770803
24769611
24775136
24841766
24780797
24784588
24772886
24837918
24812972
24790228
24780704
24857299
24775509
24963761
24781197
24879788
24825066
24825653
24770994
25240458
24787945
24970206
24778762
24846617
24888770
24792313
24776779
24806972
24800688
24795785
24797575
24880183
24788343
24888430
24823926
24837639
24775013
24863027
24771331
24805898
24835145
24798236
24871092
24829946
24780520
24793015
24837527
24769968
24881914
24782599
24780700
24819281
24772229
24782797
24784647
24837774
24871841
24940294
24806428
24772617
24824723
24787752
24835678
24771248
24775316
24787320
24799954
24839042
24976603
24773025
25022602
24833041
24784062
24794930
24833811
24793418
24795990
24986894
24789019
24870552
24843108
24840212
24811031
24784787
24808781
24936195
24891240
24794090
24786333
24776290
24774693
24891362
24773691
24907699
24843857
24776953
24828228
24815692
24876464
24811792
24823153
24769801
24812463
24868381
24934624
24776920
24767971
24973363
24844799
24876913
24791958
24795353
24949007
24842034
24789689
24769665
24894962
24771786
24803702
24793533
24834611
24789987
24956500
25019539
24795064
24988831
24775250
24855953
24820304
24798373
24914537
25036719
24776490
24780136
24781534
24878030
24770933
24796074
24784646
24772586
24894903
24919065
24772000
24900957
24804588
24800554
24778618
24858574
24816178
24814342
24802041
24810390
24775184
24811554
25006045
24788233
25146292
25184778
24941753
24821566
24869053
24785466
25211659
24818604
24807665
24975500
24772840
24777489
24770516
24873039
24794359
24855113
24777944
24811483
24779818
24854147
24848808
24781594
24850017
24773295
24787166
24865102
24789150
24850943
25015530
24895346
24773765
24807272
24938813
24830642
24792444
24806633
24902836
24801569
24769349
24964291
24782394
24797729
24790913
24799272
24769357
24851498
24888403
24796488
24792811
24774833
24797941
24864915
24803388
24834096
24847673
24825708
24791690
24773663
24808857
24793118
24803950
24792720
24804057
24838843
24822296
24992967
24817335
24772849
24782428
24785063
24779358
24946222
24784494
24904355
24774912
25017005
24846337
24797802
24953056
24902239
24812325
24950847
24801617
24905174
24779857
24774741
24780597
24801255
24852334
24848802
24803321
24904852
24833075
24793850
24840162
24962635
24787783
24845588
24835683
24830107
24780216
24772091
24996740
24777321
24857519
24771590
24784727
24828426
24780061
24822754
24802027
24787075
24820313
25016407
24778871
24827365
24777709
24811599
24773188
24782585
24959615
24768801
24772223
24806678
24845106
24938020
24774745
24908184
24783244
24771435
24864198
24809111
24805129
24835291
24921997
24775911
24782292
24789022
24809653
24773902
24775459
24768319
25012889
24795928
25047917
24800834
24820135
24891584
24774637
24997470
24823525
24802749
24886254
24868993
24781698
24769443
24804579
24775758
24773811
24772247
24777774
24779145
24878527
24897535
24795109
24812700
24797451
24769656
24777448
24851432
25152824
24776260
24768037
24844711
24945574
24827621
25038592
24961298
24911838
24885708
24886166
24792115
24844795
24779647
24919328
25152629
24814461
24848238
24824735
24770105
24825576
24778596
24774277
24829772
24786470
24781188
24779964
24800863
24973878
24775904
24788538
24783715
24776495
24854951
24809509
24779182
24791522
24796507
24850496
24834384
24796913
24824494
24780977
24910543
24817297
24858261
24804468
24898967
24804246
24787792
24905362
24821174
24806756
24772691
24782907
25009901
24869928
24892589
24790579
24813801
24830500
24903631
24769728
24806119
24810870
24809831
24797920
24906620
24775374
24771085
25001827
24838819
24768192
24789540
24773015
24781627
24773866
24827234
24770565
24827970
25014697
24824689
24790961
24770060
24789209
24775268
24842842
24807372
24856255
24796396
24898696
24768213
24810777
24814189
24825282
25022491
24872972
24816706
24835651
24893911
25009958
24771400
25182969
24822567
24864157
24792211
24796794
24855510
24819577
24834412
24788519
24853460
24772161
24915311
24797263
24825434
25084568
24772394
24885359
24806480
24787656
24777810
24828143
24820379
24977095
24949254
24788959
24803649
24775766
24881198
24783644
24821635
24806387
25138882
24893251
24793685
24772835
24793750
24776595
24787521
24773866
24818979
25047066
24826112
24769687
24835409
24795589
24902999
24782887
24798104
24770286
25084650
24790027
24831270
24807298
24771721
24864489
24794787
24774132
24799366
24806079
24787933
24877472
24814658
24803031
24795029
24796894
24873435
24771571
24794342
24781005
24803033
24777574
24785915
24852380
24793022
24811797
24771955
24772367
24832320
24802328
24771498
24779526
24780773
24787700
24843933
24785562
24825394
24997345
24801192
25020221
24818390
24957344
24826121
24778968
24800496
24792801
24835427
24914291
24774686
24799532
24773521
24795279
24813113
24907560
24791660
24854410
24812273
24819695
24917950
24896590
24834216
24783901
24883955
24787969
24828528
24825416
24785929
24794041
24773424
24824481
25019680
24781904
25025672
24839749
24829352
24817006
24777606
24847339
24828240
24812972
24830191
24930573
25069298
24992727
24784119
24812512
24800042
24792904
24804280
24775834
24862007
24778080
24989743
24968078
25071391
24768930
24791040
24772221
24777610
24875259
24785438
24770320
24802032
24802648
24770151
24797936
25016649
24811045
24843149
24803831
24882174
24854221
24856810
24793680
24845982
24771539
24811485
24835219
24968817
24909338
24851615
24842814
24803619
24848000
24794992
24790566
24793753
24783902
24795135
24847525
24824679
24775361
24779609
24774484
24802536
24782017
24771256
24784424
24822876
24953055
24806089
25036587
24921024
24788294
24770909
24803067
24981372
24884032
24843473
24779711
24778698
24885904
24793445
24902659
24770330
25016215
24788673
24824618
24861066
24893154
24869532
24852745
25021548
24796168
24784249
24804891
24811245
24798751
24806351
24802475
24983344
24786332
24780791
24946276
24873955
24807660
24772670
24789648
24790221
25101857
24782620
24905902
24780484
24790325
24959108
24871538
24839664
24796405
24842240
24789039
24811985
24979431
24793482
24818436
24936970
24828171
24832271
24832408
24883789
24783290
24774400
24822928
24803816
24817274
24852748
24868384
24770803
24886031
24771042
24788346
25179537
24920223
24896215
24809770
24795016
24946419
24784735
24810856
24770936
24811654
24797884
24781731
24804179
24840743
24838643
24783875
24898760
24777258
24802955
24829091
24784253
24782491
24810501
24793836
24775809
24952077
24970691
24782754
24850300
24802113
24783365
24847253
24875761
24768690
24793802
24847796
24782253
24793982
24798749
24866112
24792013
24793226
24774885
24792362
24789661
24888817
24886047
24824309
24891616
24812707
24833321
24776605
24795832
24782142
24859961
24843212
24799826
24803060
24860365
24782856
24865163
24770359
24812259
24776253
25020770
24813579
24803847
24788730
24861449
24791886
24801704
24857182
24841664
24777980
24866286
24776416
24784817
24880359
24833618
24799842
24805879
24800956
24784989
24849254
24819319
24814246
24879210
24768078
24768830
24791448
24837954
24778397
24866860
24826772
24807204
24798114
24854129
24833261
24864705
24779516
24990499
24816232
24776004
24807272
24810172
24920336
24858594
24887502
24970785
24770591
24797792
24840435
24771074
24772188
24787598
24838449
24783123
24946939
24875886
24946582
24852163
25132080
24802160
24800170
24777557
24785993
25086607
24839000
24791130
24772048
24991836
24813814
25084873
24770187
24834531
24775084
24832660
24809836
24795292
24789914
24809243
24813315
24781807
24880018
24837696
24951482
24917792
25057921
24788586
24790200
24816096
24781342
24776463
24775277
24916373
24771836
24940513
24905086
24768672
25034797
24810796
24866445
24800221
24793962
24806695
24932629
24826803
25031109
24981763
24786357
24800329
24793548
24867222
24815154
24796447
24836968
24781667
24789545
24813127
24857882
24773935
24799337
24865913
24783786
24996012
24865910
24787147
24795937
24774963
24802272
24861066
24769876
24781626
24786455
24862629
24861036
24851125
24922545
24790306
24810434
24808583
24802705
24775885
24788096
24850634
24839845
24834359
24772730
24808374
24921065
24796137
24900095
24944090
24783772
24830999
24830930
24781472
24819890
24774841
24780771
24970756
24855702
24782692
24777621
24869195
24880677
24847116
25104661
24774025
24863844
24880134
24813852
24768105
24768143
24790714
24790891
24785542
24780450
25020241
24781873
24889165
24949893
24775522
24842408
24811836
24810704
24789390
24822617
24785795
24837146
24954517
24779383
24958030
24935334
24864690
25002456
24768293
24804271
24816260
24848499
24823887
24769055
25050955
25067288
24782906
24840155
24803402
24831298
24784132
24799014
24797929
24881161
24831769
24783105
24810716
24769939
24815884
24780172
24843114
24903867
24858753
24795153
24775082
24770695
24866070
24790838
24796652
24800205
24921306
24795928
24830338
24903084
24902629
24786873
24853367
25163991
24849906
24830720
24918386
24857435
24816080
24770379
24777323
24788943
24776594
24772654
24793854
24802351
24907593
24775594
24785719
24796874
24781184
24772055
24846105
24795948
24781721
24955518
24779221
24832297
24777382
24888232
24782843
24824781
24794211
25016182
24815911
24881332
24787967
24768302
24774248
24792864
24880847
24874210
24871965
24836804
24850558
24885749
24819094
24841011
24846490
24834349
24801325
24774281
24776023
24784486
24998501
24826970
24953826
24923501
24898458
24855552
24804685
24783519
24807223
24788388
24855758
24773741
24942444
25030639
24775601
24820897
24772703
24781104
24774144
24809308
24849036
24889922
24824684
24809891
24770628
24769149
24793871
24793943
24769780
25089009
24781219
24783272
24811266
24888104
24786157
24775586
24807042
24821386
24793241
24818730
24784909
24835895
24804795
24770999
24919321
24768121
24884500
24907562
24814390
24772458
24772467
24794590
24891617
24862856
24805937
24798705
24855790
24798646
24771806
24784375
24811536
24784863
24823862
24893061
24779806
24768835
24977964
24784636
24819750
24838407
24798290
25091249
24828746
24834947
24820840
24799944
24775620
24839478
24926436
24800895
24815345
24808095
24928209
24885719
25030397
24823981
24932017
24779664
24876233
24829927
24834193
24796063
24774412
24888224
24792660
24783545
24806775
24781633
24972478
24846688
24803004
25029315
24833342
24770198
24775695
24799565
24776576
24884468
24819533
25051547
24786442
24795591
24820401
24822767
24860987
24810390
24867938
24912764
24782197
24985042
24837022
24771340
24789112
24798955
24900519
24783320
24912789
24773119
24955486
24786591
24790252
24856591
24782415
24803407
24809417
24779921
24817108
24784739
24780046
24769146
24952207
24946147
24779463
24831963
24805969
24838955
24894747
24775750
24900744
24860652
24780790
24797442
24938811
24829421
24771281
24810763
24806973
24823083
24841204
24920729
24804258
24825531
24786050
24769582
24808849
24929710
24775875
24803570
24857385
24814593
24878251
24841299
24807112
24781000
24779967
24944996
24775868
24821479
24829550
24849594
24811004
24787979
24771777
24819734
24803933
24829970
24813819
24776297
24806897
24769953
25012504
24825959
24920640
24885783
24790252
25126524
24884737
24829195
24771325
24790396
24781674
24879734
24805819
24777431
24769359
24816078
24794979
24879541
24781534
24866985
24809200
24830676
24777302
24774244
24786398
24777335
24823765
24797775
24806805
24822375
24794039
24862323
24770368
24787850
24837122
24923775
24770661
24925136
24829430
24817514
24787512
24829891
24893397
24781217
24771035
24770926
24850246
24853330
24826117
24975271
24787877
24834915
24804064
24854545
24840344
24799174
24789426
24793145
24811802
24918382
24771801
24801144
24778925
24791510
24786728
24850512
24853027
24797705
24772910
24771279
24808756
24864646
24780330
24781568
24896735
24878282
24783503
24820468
24824394
24801823
24843589
24836419
24856225
24813638
24904601
24795710
24915461
24802928
24782507
24897693
25205013
24821698
24862881
24824616
24806854
24929830
24779500
24906156
25125812
24770850
24961293
24798873
24771815
24847822
24775305
24793270
24871480
24815252
24872319
24778009
24932154
25007769
24771328
24832160
24772447
24856516
24800261
24784647
25128167
24810939
24829824
24795453
24782674
24831927
24835360
24796496
24773835
24804983
24825271
24815556
24781601
25043771
24779352
24868712
24772097
24806114
24851489
24806387
24808895
24786997
24836421
24836765
25111212
24798667
24794092
24840420
24769408
24794430
24777328
24784991
24795836
24815610
24871418
24799282
24820043
24772617
24887429
24768070
24863503
24798916
24812442
24791626
24790402
24836879
25095720
24905310
24850112
24771836
24852543
24794878
24859142
24875880
24804385
24818906
24772635
24909778
24789144
24797675
24782527
24819674
24786702
25092177
24779607
24839945
24769089
24819956
24947380
24804700
24829278
24780473
24771118
24819818
24868061
24793035
24840006
24797992
25003736
24789972
24832051
24838646
24812329
24811763
24842201
24824960
24784280
24829033
24771800
24837846
24801779
24798956
24824083
24889512
24774575
24817933
24781606
24975162
24778398
24799885
24804358
25045197
24834158
24825628
24845845
24985400
24797765
24834557
24813922
24847269
24858407
24809615
24813320
24806156
24994891
24940322
24774519
24916764
24788457
24867854
24773466
24774412
24770702
24796932
24804206
24906519
24790898
24803355
24940752
24865274
24802328
24801723
24838264
24769646
24774657
24819321
24776813
24770283
25037358
24810282
24792544
24773878
24992712
24810848
24768387
24770525
24817974
24828934
24770342
24780684
24804701
24918275
24863116
24841000
24790125
24883544
24831732
24795061
24865968
24834952
24929813
24774382
24803204
24798830
24776859
24879445
24797655
24914436
24776725
24786609
24864931
24780832
24776629
24899547
24776612
24793698
24790177
24788329
24866233
24775019
24779324
24947422
24856479
25148502
24803053
24770875
24770551
24820744
24771561
24890391
24807061
24785025
24772005
24786894
24842299
24772122
24784955
24777345
24781771
24880858
24772092
24768085
24841424
24924936
24786117
24839000
24941483
24810332
24825963
24778313
24898820
24778617
24831838
24853457
24781643
24796090
24814089
24883183
24768354
24917749
24947982
25009420
24921913
24770583
24792530
24784990
24792133
24774077
24832848
24774554
24801157
24949304
24812026
24822043
24907542
24825159
24807232
24777196
24819898
24884901
24768378
24780369
24810649
24774095
24770124
24813330
24844485
24772191
24825754
24786109
24936346
24823087
24789966
24780553
24820828
24880279
24829554
24809012
24777136
24845818
25008645
24892574
24882715
24769663
25015604
24778857
24788338
24791887
24806889
24779480
24827670
24817972
24795565
24777049
24809410
24829615
24805523
24823906
24853912
24811781
24794115
24814880
24828745
24796929
24788851
24906404
24922258
24814472
24769393
24989221
24893950
24805499
24806923
24807488
24792860
24844004
24942146
24863309
24776847
24845857
24782736
24834913
24812150
24777387
24879127
24857021
24887976
24788139
24777048
24795219
24863720
24768512
24974684
24779411
24772564
24785394
24858016
24912395
24796869
24768494
24806815
24783269
24810415
25007271
24776648
24822225
24881742
24863414
24869789
24771426
24920708
24800737
25177509
24828834
24916377
24813938
24900333
24800532
24844814
24779021
24792050
24861428
24846856
24780778
24979057
24812910
24775428
24813308
24790236
24997244
24777301
24783498
24781279
24784638
24876196
24800220
24952832
24877549
24818286
24949924
24808668
24792921
24799039
24839617
24835564
24771356
24794850
24768422
24864149
24771808
24848456
24787718
24799171
24768161
24914546
24823777
24821759
24786367
24794273
24863592
24854300
24913547
24776365
24774857
24775700
24768753
24788123
24793337
24831458
24807073
24834907
24790534
24770761
24799895
24838586
24989408
24896210
24913281
24811283
24846112
24769472
24944728
24774743
24802820
24804602
24778283
24949366
24799887
24788975
24778205
24808747
24790002
24983533
24834438
24779950
24772711
24806908
24808208
24841271
24813396
24775580
24836853
24818494
24778334
24845221
24777371
24794049
24801500
24776707
24787463
24796302
24782537
24836231
24921380
24781321
24963041
24923652
24947812
24806978
24837216
24888773
24792074
25191393
24804097
24814331
24845737
24770774
24813916
25050993
24776836
24770191
24929763
24789187
24794510
24770100
24829179
24777686
24864554
24838443
24818746
24809201
24778564
24854883
24808735
24823805
24922057
24775553
24781840
24838753
24838884
24791188
24825492
24799457
24787571
24777875
24801929
24924072
24819658
24777477
24843218
24802802
24810462
24832601
24797764
24843352
24920252
24965682
24844761
24854426
24798258
24818029
24800227
24780099
24819185
24892299
24806704
24853116
24800075
24802645
24933172
24770761
24832914
24814751
24790380
24773006
24787706
24787250
24895655
24809526
24834852
24947405
24804927
24808472
24782395
24771591
24869505
24799411
24839026
24810374
24800896
24799408
24849679
24770539
24885552
24795813
24807494
24771429
24794177
24924336
24857111
24833526
25115290
24787532
24828208
24782937
24780129
25016928
24823816
24770046
24792843
25155507
24775259
24819207
24933468
24944352
24773233
24892335
24847686
24822170
24775652
24852043
24867601
24847114
24770330
24811048
24793928
24830139
24976034
24777928
24768814
24876415
24796296
24790515
24783926
24979534
24773308
24806275
24801201
24924653
24818025
24957123
24948077
24829703
24873330
24794135
24831216
24859269
24932841
24842118
24866072
24792413
24775297
24911198
24803262
24806942
24789286
24863186
24873714
24775886
24858347
24796143
24782666
24861119
24797176
24808170
24935998
24783044
24780004
24841913
24787573
24898747
24850531
24792647
24908057
24859966
24899889
24878333
24801750
24778817
24791067
24941888
25029556
24816414
24813081
24778856
24774462
24781012
24799620
24770625
24846876
24800673
24777969
24914522
24775881
24775103
24818704
25032932
24830644
24776819
24868106
24802308
24788999
24775378
24787512
24770206
24807200
24859826
24859316
24855998
24807198
24786396
24771347
24794911
24958839
24792875
24782258
24898102
24918850
24919834
24805489
24812818
24804984
24769857
24813332
24781905
24792136
24804211
24772534
24803366
24943851
24785389
24851932
24786565
24839459
24782481
24808227
24787627
24922235
24962301
24926599
24771481
24800312
24771965
24838918
24769464
24813549
24802149
24807730
24827035
24768953
24862833
24983529
24877907
24858967
24864643
25049959
24892841
24803157
24784118
24865864
24782744
24779788
24773403
24853179
24777288
24774423
24787291
24917466
24778432
24802283
24964250
24813914
24794003
24859813
24769034
24769923
24880094
24772352
24798515
24775092
24810957
24779616
24952823
24807708
24778041
24778852
24935806
24938327
24851694
24885424
24783840
24781628
24782823
24779565
24770140
24774069
24841538
24820683
24801438
24776775
24804176
24816185
24794393
24842170
24768824
24822835
24805710
24806628
24843414
25028595
24804025
24804036
24854628
24893638
24901440
24871949
24886826
24908256
24871440
24820294
24795816
24861390
24783702
24825596
24777118
24861601
24811345
24770004
24806375
24801416
24771547
24812279
24802378
24773035
24788030
24823648
24829951
24907590
24842464
25265842
24792985
24785659
24889290
25058912
24836440
24931008
24820520
24769446
24914025
24811100
24850771
24823908
24815372
24855975
24921409
24822099
24771721
24816871
24827047
24850829
24795501
24771434
24859568
24871350
24792705
24814441
24794901
24816216
24848929
24769299
24787440
24849904
24905725
24782817
24770366
24817469
24776212
24791015
24816299
25087897
24775073
24810147
24772728
24807454
24772136
24925278
24835069
24809282
24783689
24890779
24772479
24845136
24776229
24809294
24789515
24853720
24812752
24859075
25046257
24810457
24920963
24779685
24814692
24827018
24933614
24782173
24778814
24815079
24883744
24796726
24794181
24774542
24785508
24783474
24985004
24812089
24773772
24789792
24924914
24948532
24789730
25053999
24874504
24959768
24797003
24878168
24797947
24772999
24787910
24817759
24862571
24779196
24791369
24776869
24956769
24786249
24828260
24925485
24941824
24815763
25016833
24901691
24910426
24786818
24899249
24838747
24771110
24902925
24789406
24860528
24927173
24795147
24941961
24973692
24846241
24802226
24859732
24881859
25056385
24779998
24789734
24798744
24880041
24822738
24805665
24798898
24775668
24810865
24836926
24826145
24821962
25012480
24781920
24948752
24781572
24769887
24801704
24845085
24910481
24946426
24776394
24789592
24791050
24772693
24788399
24871746
24841602
24883119
24922140
24787608
24828114
24781120
24798594
24789733
24830828
24773706
24811305
24799136
24838256
24848873
24771346
24994457
24777139
24772025
24785959
24859234
24795813
24880994
24833204
24798985
24788401
24878484
24842590
24802821
24819437
24922870
24775788
24779687
24989593
24795358
24775111
25156142
24799508
24818676
24822760
24808297
24836559
24875207
25069160
24768620
24812658
24986402
24904497
24783564
24818863
24819797
24797169
24831423
25061447
24893478
24943034
24884693
24806466
24773633
24828229
24968641
25090377
24780616
24823631
24855530
24776165
24791194
24828532
24784424
24770417
24813278
24790966
24832796
24810682
24769005
24792806
24882608
24897079
24796201
24919942
24833369
24921625
24776698
24786503
24777301
24771104
24933100
24887164
24826520
24770171
24819641
24802923
25012920
24848366
24771198
24792842
24860674
24890439
24844679
24778393
24777192
24840808
24786928
24769312
25077666
24899641
24838850
24826345
24821384
24830651
24779255
24944056
24845457
24978404
24817558
24792375
24811088
24825290
24850241
24811837
24842808
24815190
24776337
24784022
24790955
24903091
24810992
24846056
24790823
24811199
24774252
24862298
24870476
24850959
24777749
24904406
24833625
24789820
24806026
24846134
24809886
24817825
24833980
24832516
24825104
24888538
24774132
24807835
24800921
24773629
24869613
24840100
24924944
24833419
24773367
24902010
24878610
24798216
24779337
24818719
24772783
24783478
24800286
24788638
24778539
24772661
24892636
24805925
24826249
24769279
24902860
24784453
24880942
25085165
24921620
24769845
24822090
24827649
24773406
24797108
24955293
24800242
24801262
24859086
24770654
24800736
24790846
24772378
25015542
24772792
24848894
24772629
24771438
24797650
24942682
24851046
24799057
24786762
24778766
24927602
24777483
24805248
24787818
24982536
25064850
24775138
24853619
24822286
24918429
24807526
24915738
24916318
24968884
24921754
24800651
24850040
24881501
24811011
25181127
24842045
24957179
24864669
24778619
24842310
24782101
24790710
24779362
24904393
25010069
24783457
24823963
24882213
24786308
24827662
24801428
25081604
24804675
24839069
24806362
24861246
24821349
24841443
24821774
24777784
24906870
24854377
24791626
24882521
24818259
24849991
24844493
24907890
24839638
24897504
24769976
24930538
24838207
24860312
24859275
24850803
24838307
24847511
25008351
24860686
24815389
24861323
24776229
24861515
24781280
24807536
24770280
24963795
24772611
24900573
24833048
24905675
24835103
24768260
24786959
24781781
24835376
24775084
24896324
24891197
24785361
24854402
24774527
24850758
24805465
24812993
24794369
24809340
24881266
24914512
24805585
24815500
24809146
24861203
24773769
24836615
24813395
24881628
24845132
24809528
24823846
24845970
24863864
24944449
24891657
24772181
24797120
24776578
24768167
24908503
24830384
24878210
24786222
24931480
24796615
24827264
24783312
24806118
24849676
24845472
24877231
24842266
24861153
24881590
24860406
25021761
24786842
24835148
24813945
24785704
24999711
24895576
24977178
24774619
24863805
24847736
24875319
24800568
24780365
24773868
24935170
24810690
24775520
24840385
25031603
24809165
24821858
24781437
24793547
24805843
24784172
24901038
24937587
24831716
24772687
24907794
24772353
24823780
24874557
24788801
24822461
24825374
24772572
24782639
24781860
24801474
24885723
24772206
24799948
24795463
24861994
24889810
24900032
24793429
24860098
24843194
24786528
24824088
24861295
24806204
24795530
24795078
24817774
24856586
24788190
24842052
24785578
24789295
24834840
24840285
24781965
24849483
24806791
24855698
24772965
24829110
24983131
24896435
24800749
24825674
24871074
24887771
24834886
24812407
24934273
24886827
24872511
24803004
24780338
24778370
24798552
24791002
24807026
24893264
24816240
24877782
24780323
24930889
24883206
24825482
24916059
25048151
24955706
24829611
24795120
24791111
24776633
24817814
24795867
24832703
24844065
24785388
24914407
24869131
24962452
24928100
24909406
24791913
24888164
24776500
24826381
24772552
24791494
24843825
24798305
24782350
24812312
24802957
24834313
24843821
24826026
24930859
24922363
24800832
24776138
24898422
24875175
24983304
24785705
24811058
24995506
24779746
24798616
24858568
24810842
24911483
24874813
24825010
24775304
24832611
24818719
24849976
24782032
24781669
24832384
24996717
24872982
24792945
24834428
24883957
24890557
24776471
24788661
24788730
24782935
24778654
24834052
24832995
24780419
24787546
24774120
24875615
24808725
24823132
24797853
24772947
24905574
24912865
24861031
24836313
24911855
24775569
24776536
24833066
24923242
24773944
24806354
24789599
24896462
24901744
24851274
24937177
24798470
24832624
24849370
24950111
24803515
24827452
24932600
24783871
24767960
24907607
24875869
24893792
24985935
24836356
24851412
24914523
24776261
24840164
24780150
24816896
24808277
24779685
24801729
24783036
24788765
24838334
24804436
24844709
24889857
24792472
24821896
24774205
24852738
24875492
24805183
24807680
24792009
24865559
24778840
24972309
24782090
24901983
24912589
25062033
24783358
24955289
24792343
24790853
24888596
24786916
24824855
24783075
24971628
24796743
24793722
24847555
24903672
24774237
24909544
24829367
24868363
24772447
24780718
24919938
24794331
24841471
24817780
24780538
24771071
24803491
24770619
24772348
24839937
24801918
24786790
24771545
24829466
24806071
24787465
24786968
24870906
24820916
24834093
24813475
25002665
24891131
24784505
24768686
24784669
24916487
24802189
24784387
24788670
24796056
24916547
24775188
24864905
24899965
24783461
24835301
24780136
25036512
24886761
24912193
24797157
24785862
24788540
24897026
24832315
24782159
24796759
24798589
24801042
24803314
24770757
24790869
24776505
24944110
24778627
24850169
24909763
24816219
24835318
24814440
24804876
24853002
24786151
24792956
24781626
24828701
24775832
24831326
24794489
24893603
24816629
24887327
25007836
24793051
24836489
24807621
24825631
24814752
24777113
24778935
24805721
24800043
24795276
24803107
24889619
24849576
24832656
24770669
24948873
24769861
24808261
24802787
24788598
24806488
24977636
24953317
24919430
24792132
24819663
24849394
24824547
24850028
24846114
24772649
24911005
24779291
24770308
24772731
25007532
24779921
24781349
24785404
24797456
24779476
24892088
24842445
24824232
24850174
24775157
24865585
24888102
24840834
24852184
24770028
24829668
24945252
24794078
24777355
24836318
24769100
24836211
24785163
24780828
24994465
24877289
24888543
24804142
24802922
24774879
24803302
24813083
24779689
24807211
24769092
24825763
24939724
24774447
24781588
24861616
24772660
24783781
25133343
24806901
24948540
24781360
24847965
24771791
24921734
24849125
24892795
24907679
24801935
24809429
24906073
24897786
24923308
24879947
24785204
24776340
24781494
24801506
24839117
25139446
25016989
24845940
24810957
24772184
24922385
25055885
24911310
24781873
24822186
24828727
24774372
24771368
24775749
24785894
24799482
24815207
24875861
24967395
24828440
24785874
24816670
24785759
24768739
25011269
24804819
24877184
24798505
24778034
24869850
24816449
24800962
24852309
24792506
24805505
24790654
24777604
24852047
24772202
24827040
24768343
24806935
24809711
24813056
24801556
24818521
24802228
24789163
24795194
24876461
24824407
24854203
24805866
24768903
24837874
24783955
24781523
24794009
24840822
25053914
24783109
24770527
24901196
24916978
24839689
24797198
24821196
24770419
24916713
24781318
24879514
24774753
24777553
24797811
24790507
24793559
24939127
24857221
24803744
24802064
24781256
24793280
24812814
24876124
24858182
24770256
24832311
24778436
24888806
24818922
24836189
24817499
25015615
24772730
25057387
24774509
24769415
24877329
24777036
24790694
24913856
24776216
24829927
24798360
24976616
24877155
24783173
24806699
24849233
24906034
24797614
24781487
24841666
24988451
24954862
24853083
24782125
24806482
24853281
25054253
25128934
24776292
24823735
24772628
24832584
24839278
24778501
24800690
24776179
24791719
24786461
24822839
24769291
24786528
24834474
24799228
24780544
24820830
24773965
24777575
24791052
24779613
24779096
24772171
24932573
24814355
24782939
24798448
24813243
24791393
25048902
24770769
24819605
24786227
24830891
24815792
24828210
24775456
24841766
24841006
24777447
24775323
24835050
24778802
24771355
24792047
25120445
24847275
24840022
24790212
24778837
24802542
24860981
24825218
24834234
24782753
24812003
24833446
24779202
24794512
25101052
24783818
24816051
24811735
24788410
24816422
24789406
24822617
24850880
24769090
24828633
24788201
24793685
24770576
24780804
24913964
24773187
24775696
24850156
24835303
24783802
24815528
24845727
24771630
24816028
25213539
24859061
24983092
24783935
24808784
24775400
24849892
24810201
24785780
24771855
24791894
24857671
24936050
24804973
24803165
24775193
24778726
24781449
24951878
24769647
24815218
24923006
24864746
24775475
24829593
24818340
24955833
24797748
24905191
24784343
24784455
24772235
24884304
24790173
24776092
24774677
24799865
24835578
24776823
24789358
24790563
24800119
24902841
24810758
24868896
25021573
24772819
25012523
24818923
24781960
24770875
24775442
24798273
24797885
24935865
24788124
24786348
24814313
24846846
24782092
24777065
24782238
24772670
24794025
24865019
24784185
24875981
24792613
24801534
24821210
24787020
24771232
25118359
24769941
24904760
24806001
24770389
24830725
24834563
24776578
24807905
24785733
24775954
24797417
24826118
24805328
24978180
24774663
24891030
24769029
24790421
25009570
24805680
24882944
24890924
24819458
24789841
24812230
24903134
24781696
24850186
24884498
24775736
24922813
24828107
24776141
25019112
24832986
24831227
24771791
24842529
24830414
24775885
24861751
24775259
24862865
24830184
24784856
24900449
24876094
24786944
24773286
24835284
24803206
24778520
24867851
24973938
24775080
24783962
24816811
25016429
24782997
25142723
24804124
24789132
24768891
24814385
24842150
24797125
24804444
24786564
24876145
24812018
24775688
24768378
24878830
24782534
24837587
24822140
24805213
24784599
24770712
24848185
24775483
24851521
24865355
24830822
24817892
24827184
24845302
24846332
24930037
24797105
24832221
24828368
24780692
24791510
24779930
24917074
24777961
24789840
24779270
24812383
24843066
24787424
24804907
24771959
24813095
24880923
25030462
24814308
24789216
24869019
24814828
24964353
24834338
24961376
24949921
24789481
24952924
24770947
24902406
24859937
24775709
25069677
24780656
25041801
24790722
24789125
24859932
24833138
24791541
24793961
24800087
24924642
24780383
24795508
24790099
24855508
24880911
24801645
24791632
24816176
25077981
24853106
24800791
24807720
24986124
24780538
24812253
24977756
24824465
24813544
24814020
24769113
24802652
24823027
24773656
24776015
24902211
25098477
24944823
24781418
24776135
24926792
24770594
24770165
24803680
24788055
25028216
24806177
24860966
24781045
24773530
24876755
24882350
24775374
24838317
24927505
24804054
24793471
24771391
24992160
24948702
24797402
24791639
24813920
24880099
24819700
24834546
24777626
24813664
24780550
24788771
24779472
24886495
25067735
24800214
24785479
25008337
24837513
24865104
24797718
24820032
25010435
24809589
24774951
24785278
24786892
24784119
25033619
24784932
24773986
24777499
24783160
24780336
24774396
24774935
24912511
24987983
24781497
24788963
24839605
24840029
24808616
24811999
24824263
24784226
24923223
24891423
24847578
24771209
24768838
24796858
24783746
24895701
24855593
24914244
24781632
24957839
24801153
24967614
24895611
25177131
24813111
24801935
24948498
24775012
24770629
24781198
24826998
24974242
24961927
24980633
24770828
24769220
24781560
24942700
24902052
24805975
24878782
24856088
24774145
24804138
24767926
24781167
24918266
24778335
24877075
24784994
24908673
24772336
24814688
24785920
24773571
24868104
24821489
24847007
25019163
24772317
24802830
24771587
24863767
24784481
24814463
24830266
24783225
24779738
24903206
24912974
24888349
24911405
24774134
24772487
24789874
24855249
24804651
24849668
24788234
24883518
25007188
24828626
24778453
24845432
24822215
24774097
24846893
24777089
24857174
24847749
25085104
24772627
24768594
24788180
24785798
24772058
24768389
24882420
24810028
24771412
24800519
25003070
24870173
24905283
24786629
24867285
24784625
24964972
24783432
24777667
24787367
24809767
24843939
24882723
24854100
24771618
24778911
24794134
24799765
25023242
24797398
24797500
24879663
24807143
24775461
24803199
24770615
24788365
24818370
24831282
24798805
24770850
24791300
24891109
24953728
24782441
24852762
24828481
24794177
24769978
24789006
24923418
24808454
24832631
24833053
24770936
24778919
24791588
25004421
24782736
24853101
24798212
24771326
24814227
24778672
24787552
24823382
24815516
24827200
24775775
24772625
25067897
24804689
24771633
24772762
24807941
24877430
24817107
24852263
24841672
24834036
24788384
24787432
24777537
24789350
25095300
25005276
24786408
24868396
24776391
24769691
24825474
24792148
24798198
24821346
24885034
24784485
24787516
24784436
24790812
24792045
24808930
25028110
24811607
24796781
24792167
24802324
24788445
24957253
24808230
24777675
24770503
24835304
24784933
24787669
24875304
24879590
24953666
24786804
24769696
24782070
24942027
24867264
24852070
24868224
24849596
24795096
24773910
24780204
24797391
25001362
24790901
25001583
24774999
25194888
24811890
24795404
24807126
24783221
24816554
24793707
24789997
24774146
25129920
24775406
24775329
24931886
24836648
24826817
24852056
24769868
24814721
24773456
24823203
24782386
24781804
24812005
24840153
24865245
24785083
24977217
24788463
24783141
25063244
24777782
24808035
24768827
24805071
24814161
24799502
24808189
24954189
24820193
24915646
24833338
24809624
24774777
24846599
24841374
24779377
24896080
24792889
24965095
24768686
24806409
24820447
24826275
24778684
24790167
24866722
24781277
24783754
24815705
24771180
24798648
24791249
24803033
24768539
24786174
24784053
24841602
24821419
24811935
24770729
24796030
24796111
24823272
25029459
24793985
24806485
24802734
24851015
24854956
24887754
25015212
24791825
24813175
24837974
24962929
24773805
24777963
24770091
24818955
24797513
24795485
24855568
24825108
24927783
24875103
24807582
24830711
24800484
24812001
24913231
24798973
24812633
24769181
24807083
24963065
24855042
24922247
24788739
24794810
24841275
24796382
24979603
24788767
24806113
24861134
24828880
24832661
24777464
24944858
24768807
25003054
24790122
24939714
24770346
24794787
24944143
24861327
24768685
24793519
25100446
24790578
24821451
24970584
24771170
24772393
24930115
24772454
24842428
24769537
24854739
24870629
24810198
24894060
24860052
24769378
25279960
24802789
24776864
24778545
24779884
24807238
24807819
24772245
24857700
24783736
24775718
24825242
24798100
24997476
24772141
24954848
24868472
24820878
24784439
24771710
24781415
24938915
24784220
24883379
24776025
24912408
24838659
24803553
24797774
24793699
24896972
24867921
24960896
24827628
24796457
24770455
24832981
24814330
24863205
24785122
24793002
24875176
24826324
24819236
24805328
24769115
24829359
24882668
24832891
24856746
24770405
24780953
24780553
24769940
24775581
24804103
24830411
24801388
24854783
24797010
24814499
24804586
25008707
25027294
24794222
24843038
24901356
24957144
25016862
24852932
24769587
24770956
24833826
24785210
24799475
24771234
24919713
24799696
24782678
24812610
24810281
24776064
24866676
24805681
24840270
24794750
24831588
24906272
24794062
24780844
24867089
24772013
24785720
24789156
24820121
24769099
24770135
24770720
24873135
24798254
24829959
24795033
24820221
24852070
24845030
24820207
24786691
24797023
24836982
24886283
24774511
24824997
24776263
24900774
24787263
24783024
24812169
24786059
24769762
24772390
24796416
24850513
24799952
24828675
24840655
24768917
24974189
24800469
24774855
24788526
24788502
24801698
24772799
24814435
25236729
24886155
24799202
25160239
24812427
24777525
25018043
24809305
24836676
24830058
24870503
24837340
24778149
24802538
24864593
24772863
24771626
24918216
24776456
24822805
24899253
24853593
24778106
24862698
24775126
24782712
24773825
24840625
24824143
24803063
24772254
24783517
24861933
24826258
24937415
24780698
24814525
24773598
24831922
24779507
24773222
24785194
24862053
24973900
24775667
24789193
24859354
24772398
24783603
24952662
24876182
25330832
24780481
24900414
24776340
24821899
24787731
24784236
24797904
24902530
24912793
24948804
24861963
24798239
24875061
25021067
24795171
24777092
24831114
24838823
24884685
24806831
24801190
24772094
24910558
24798377
24821262
24897057
24878807
24795732
24790919
24893193
24926295
24772184
24835372
24831740
24875255
24768924
24821601
24795964
24787852
24865031
24791933
24772628
25202995
24776432
24838863
24794059
24848004
24788182
24858312
24781926
24857421
24810382
24771928
24869370
24776742
24900120
24799207
24813957
25041572
24860420
24789408
24844821
24987224
24897157
24780887
24827849
24794845
24961277
24900928
24836924
24838105
24794693
24776598
24887993
24821243
24797783
24992447
24789130
24772117
24876631
24769983
24789338
24884380
24786890
24805139
24817448
24782974
24823539
24808023
24848093
24803718
24821929
24829022
24808682
24901250
24783343
24771500
24952150
24937139
24809567
24853366
24789853
24774404
24828622
24769474
24963685
24780178
24790799
24844509
24904422
25018104
24977782
24816459
24768073
24802221
24829898
24789225
24824898
24811526
24827479
24769181
24829041
24809565
24900969
24792536
24899318
24800442
24873314
24909712
24854630
24783095
24956463
24885922
24809382
24834956
24785655
24892010
24838387
24816177
24856354
24776319
24822393
24813778
24806098
25178539
24801069
24821276
24774295
24823214
24897032
24791301
24843124
24899356
24779408
24809152
24838740
24791430
24778179
24827947
24794231
25260331
24823702
24775392
25086706
24835003
24775263
24773592
24900395
24780133
24830640
24918968
24826644
24808777
24835022
24801316
24801120
24876854
24842464
24902894
24849915
24770096
24952724
24880582
24817214
24815523
24811306
24998055
24858059
24792089
24797025
24862420
24772780
24795921
24884327
24782551
24800491
24797075
24769813
24839985
24769874
24776209
24788761
24807851
24768553
24852857
24851503
24800161
24782428
24811386
24825365
25171858
24793944
24796763
24937683
24806705
24827014
24775735
24910772
24954574
24772822
24780329
24786617
24871268
24843036
24900698
24936747
24883528
24884221
24797786
24807846
24768900
24770037
24777112
24773849
24774244
24821941
24799861
24797441
24809751
24781110
24772049
24771109
24772737
24810145
24790576
24827136
25283098
24843477
24825417
24775171
24872610
24769306
24897906
24863703
24769493
24770190
24829490
25088321
24791163
24812936
24777400
24866478
24785245
24777727
24786438
24857213
25088107
24805787
24847658
24789595
24922177
24913993
24782659
25067507
24782399
24838843
24777636
24817521
24821258
24785806
24808656
24868674
24769924
24863890
24877797
24873835
24807122
24792173
24821555
24870323
24918992
24788810
24790533
24870974
24922593
24822507
24775674
24768846
24805457
24785819
24770359
24789790
24853135
24782284
24781262
24790239
24872787
24859171
24837170
24785363
24978668
24825036
24812684
24813374
24818661
24773675
24805249
24784430
24818713
24797511
24895533
24924850
24898837
24771309
24906904
24862791
24789710
24817545
24914198
24944508
24823385
24878545
24797968
24773529
24775712
24927138
24818857
24869628
24884740
24781117
24770239
24777722
24847728
24775214
24804709
24909172
24871883
24836357
24806433
24832896
24771741
24771868
24888320
24778676
24886599
24929003
24970876
24796434
24818883
24867926
24786443
24802485
24791751
24869700
24812526
24780577
24874170
24881201
24785202
24838260
24772902
24797758
24774240
24847794
24858742
24806933
24902820
24785706
24800817
25269500
24818156
24821025
24899036
24797748
24781635
24874980
24768411
24817389
24899448
24891788
24821808
24775849
24792007
24889691
24811834
24776250
24832464
24892315
24781179
24863214
24806833
24951751
24885627
24792805
24835315
24769015
24807838
24821570
24967967
24833296
24780948
24814063
24807714
24804956
24816833
24780501
24809651
24770856
24808656
24790210
24779320
24881756
24777137
24870039
24775063
24836492
24769961
25014526
24886556
24947236
24855717
24917123
24856726
24816215
24776017
24856104
24973940
24769027
24886783
24805080
24959754
24974601
24768198
24934038
24777423
25051393
24770735
24811823
24783044
24798637
24805300
25088220
24769314
24865346
24834376
24854110
24772660
24900078
24819351
24956733
24775267
24789087
24796629
24877269
24781207
24818696
24898275
24851984
24787044
24786873
24968545
24875064
24838198
24774399
24991158
24819546
24793764
24854465
24780822
24787953
24772009
24770403
24771672
24810344
24776472
24837919
24808207
24773023
24807400
24826489
24971790
24858001
24790546
24796413
24803249
24831279
24778391
24844270
24856855
24786261
24876036
24941709
24811372
24826850
24965486
24920828
24848867
24800611
24887126
24828347
24776143
24958687
24815986
24902132
24811382
24784556
24786161
24822819
24784493
24802983
24777684
24798514
24990083
24793699
24817192
24838965
24801039
24886603
24840520
24775038
24770063
24835848
24854489
24841655
25074834
24815027
24826767
24944214
24823081
24774221
25100545
24892111
24843575
24905656
24821142
24996345
24778533
24819178
24820372
24813394
24783433
24771511
24797902
24799867
24858560
24772551
24924233
24857570
24818916
24779159
24781746
24784627
24943967
24791141
25005112
24795567
24897837
24794186
24774536
24901759
24823444
24805581
24939589
24787283
24770858
24925077
24836666
25003758
24818203
25008373
24770142
24836031
24973475
24795612
24813437
24806844
24773308
24772377
24816261
24805417
24941559
24785288
24918422
24788153
24782719
24770714
24803131
24843501
24848151
24992438
24885615
24877323
24803638
24777070
24902870
24787340
24828478
24775256
24788297
24768924
24852384
24777263
24859899
24767995
24795635
24812809
24776251
24864656
24845533
24896990
24789282
24925406
24788419
24871666
24886196
24774750
25027670
24949332
24772011
24789403
24791707
24881144
24807300
24774841
25056794
24770690
24815931
24775994
24833608
24787658
24777581
24838905
24934889
24769881
24864498
24880477
24842126
24807980
24870225
25044366
24848494
24814619
24935044
25081294
24811332
24919385
24863572
24856046
24812480
24902593
24804085
24811710
24843036
24894306
24775465
24822482
24786474
24769586
24824835
24783391
24914855
24817351
24794285
24897522
24843992
24924336
24840718
24793749
24883402
24815599
24941794
24780932
24855225
24777547
24780519
24779793
24776470
24913935
24777107
24809500
24947484
24811189
24838410
24768618
24786574
24776584
24954758
24776872
24779473
24786688
24823524
24784767
24907440
24830448
24781801
24797638
24800613
24777854
25034274
24877599
24775765
24774681
24782904
24866626
24798255
24803246
24806669
24864332
24775084
24795216
24864493
24770165
24992553
24988626
24784537
24805244
24892088
24778436
24804111
24772576
24773765
24822185
24806349
24885191
24805098
24985869
24768052
24786809
24780327
24773019
24798327
24824220
24960133
24836109
24792302
24917817
24775856
24780906
24952081
24772573
24840978
24781372
24924527
24990980
24787207
24819902
24873814
24800258
24802643
24913629
24795134
25004313
24840784
24902956
24780567
24829340
24854365
24870960
24774629
24785504
24916289
24789764
24854161
24921860
24789255
24784553
24968783
24856734
24793996
24772109
24777462
24794822
24823870
24897512
24773429
24777567
24780751
24811058
24772771
24768598
24785555
24787996
24807589
24784901
24776174
24856134
24773283
24777699
24873230
24784434
24792059
24837662
24778136
24892123
24769340
24809979
24781866
24808855
24768166
24797285
25015130
24925629
24792813
24914109
24998001
24807047
24815727
24888255
24909517
24824642
24961139
24963357
24770972
25055098
24891193
24880761
24846382
24851070
24768366
24828613
24820452
24882513
24843275
24774870
24829205
24940423
24965905
24974178
24850321
24876279
24792117
24858319
24786648
24772008
24838937
24859271
25038957
24806013
24882252
24811838
24768921
24858402
24876332
24845198
24769132
24857004
24779504
24780817
24805595
24780778
24877656
24805837
24796060
24991614
24820716
24889651
24835675
24857510
24769286
24777349
24909958
24774855
24811117
24771279
24769414
24787699
24770599
24925748
24801935
24771563
25006960
24785916
24811711
24796124
24877982
24793018
24831501
25105381
24813574
24990252
24774835
24841345
24773414
24811896
24826667
24838596
24797304
24771439
24800172
24783183
24805979
24899798
24777184
24962838
24799571
24819098
24826390
24806988
24818090
24792974
24789440
24840306
24776817
24876304
24870305
24779178
24770846
24832610
24804477
24815077
24780814
24831381
24815367
24770112
24933696
24778012
24920421
24824971
24893941
24785425
24997794
24785563
24772541
24859009
24775269
24860208
24924511
24809930
24839072
24780380
24777769
24805241
24825231
24924045
25045631
24800567
24771166
24861362
24858569
24801720
24840858
24851124
24773953
24948617
24791243
24801690
24833805
24809527
24821850
24768880
24851492
24846326
24775650
24803746
24873870
24772140
24772463
24902431
24867662
24772843
24989115
24901723
24815576
24870088
24843512
24778717
24897447
24897529
24788506
24804234
24779804
24790788
24782570
24814838
25087129
24825625
25004544
24804932
24776578
24885501
24817569
24786847
24771286
24826627
24871466
24792111
24799840
24789745
24822599
24784698
24819481
24951130
24892420
25129804
24820669
24941471
24795355
24847201
24785499
24858554
24842819
24813658
24785904
24838969
24777038
24777776
24806202
24783993
24824395
24794939
24787441
24956626
24849835
24831041
24790850
24824194
24991422
24793446
24852280
24802732
24787225
24787692
24799415
24818299
24779182
24777859
24795013
24773469
24798330
24821632
24859501
24782526
24884399
24788286
24810631
24790414
24821174
24803811
24864810
24786799
24828465
25019937
24953579
24876940
25059043
24882075
24888574
24804198
24770278
24791782
24861976
24784039
24804593
24973253
24812477
24906245
24890398
24837959
24843582
24939888
24808972
24788305
24872970
24854174
24794704
25063366
24905099
24830650
24786534
25014329
24809642
24806071
24817816
24790147
24830477
24852285
24768751
24788209
24789863
24780917
24795261
24780231
24778405
24799049
24772806
24869519
25110958
24770141
24790952
24808877
24776697
24800079
24816548
24979865
24859523
24849670
24769454
24847654
24814106
24959400
24975600
24925660
24778340
24890934
24791735
24772726
24877755
24784690
25046230
24811191
24846843
24796789
24797766
24845076
24793084
24832106
24885674
24776486
24935623
24788257
24805556
24858669
24807829
24833047
24829776
24794806
24799494
24817403
24908798
24882505
24800868
24830515
24821678
24847157
24910422
24778183
24838373
24803703
24769063
24829394
24781305
25001042
24770344
24821140
24828620
24976128
24788663
24830403
24835718
24982081
24785430
24904817
24768573
24838841
24834862
24811000
24793025
24779471
24990483
24786604
24775627
24798590
24859218
24803890
24810575
24775297
24777527
24897871
24769124
24775658
24780884
24985799
24842022
24773249
24873517
24827997
24782379
24773724
24842102
24774028
24785630
24794322
24921780
24850989
24801410
24840880
24894413
24788965
24926956
24809105
24769482
24779413
24768157
24769777
24777384
24773273
24776466
24777105
24931473
24808915
24801175
24828310
24776636
24784361
24841505
24829635
24825059
24900651
24792745
24894906
24798648
24775748
24779147
25093521
24820474
24769163
24770573
24825792
24786735
24807326
24829627
24863360
24793686
24858083
24838278
24780401
24964765
24776816
24812152
24905617
24772882
24790256
24774797
24771976
24887792
24786812
24777079
24902878
24802907
24816566
24864496
24843202
24790955
25165635
24769925
24824213
24815299
24805872
24831369
24809538
24823480
24803773
24781749
24848965
25037099
24934606
24819375
24811300
24772271
24773733
24770286
24822343
24871356
24769235
24773732
24792801
24788018
24909383
24770471
24806167
24771288
24845090
24787034
24774375
24807902
24796059
24791082
24768051
24995226
24775231
24919818
24804619
24948363
24776713
24803236
24800045
24797968
24797607
24879117
24807030
24916039
24827359
24770190
24769292
24876018
24783775
24849889
24786701
24770134
24992963
24895586
24801601
24778389
24786537
24778964
24886888
24796468
24845371
24792388
24773236
24915530
24776891
24976938
24833440
24776364
24818189
24769281
24840970
24774549
24796686
24827935
24777960
24771328
24862658
24792316
24845005
24775597
24868323
24775288
24787474
24830764
24876680
24812194
24855940
24773445
24834546
24979401
24797209
24857154
24837670
24928524
24871123
24796380
24786513
24879309
24799380
24802330
24836065
24837010
25062145
24937010
25012898
24885674
24808413
24790954
24783289
24844469
24871707
24947092
24929683
25090619
24787791
24803641
24855230
24892366
24825647
24984097
24790202
24772382
24797519
24822432
24780784
24801285
24804024
24784107
24859446
24855531
24868585
24810192
24781315
24964865
24800918
24804602
24885201
24845277
24782849
24767911
24822885
24818830
24770790
24771076
24806816
24873361
24769283
24796837
24813143
24782321
24794355
24828955
24905510
24792495
24804943
24811437
24866151
24775348
24883844
24873791
24827337
24811281
24813366
24769247
24890529
24835585
24910074
24817056
24954548
24818510
24793899
24805846
24804819
24865499
24930471
24782439
24892128
24833028
24882018
24788364
24855356
24804366
24829674
24805404
24792101
24845112
24772557
24804555
24890381
24798596
24806410
24776266
24777029
24809523
24801649
24789900
24797879
24794558
24772492
24833645
24905899
24833431
24840513
24801967
24844802
24909533
24988104
24837455
24831979
24900626
25052366
24789281
24806181
24793844
24778339
24818759
24981772
24905294
24906324
24877978
25042205
24788830
24796904
24909703
24781853
24776342
24948401
24855275
24846758
24813058
24815612
24817948
24794208
24789215
24832779
24886230
24849435
24817359
24793429
25040768
24798941
24805955
24836620
24769925
24792891
24864381
24826421
25030957
25064601
24915967
24893885
24810818
24799947
24769496
24781187
24785161
24805076
24787905
24773975
24818242
24783771
24960681
24779488
24871242
24811282
24857838
24927432
24874160
24827864
24871733
24887445
24813570
24919706
24800116
24796554
24876565
24774380
25127631
24774349
24814729
24819193
24770024
24775019
24838155
24825320
24909875
24792281
24791186
24831973
24804620
24888097
24781892
24977746
24809573
24975655
24850362
24770979
24770148
24808439
24826883
24886149
24769185
24804640
24779687
24783567
24913551
24838281
24893841
24769573
24799299
24970070
24779412
24828657
24842041
24956250
24931250
24830691
24792111
25019068
24793515
24856440
24786018
24935333
24770494
24810490
24787924
24782850
24845871
24814901
24832158
24777264
24788477
24863997
24831955
24847836
24768461
24786713
24792227
24805877
24790941
24841151
24882530
24807084
24849735
24771994
24797101
24823970
24782730
24842101
24942813
24854998
24823424
25171761
24939134
24879744
24780735
24929555
24968571
24772254
24912506
25202272
24808005
24813138
24782874
24938265
24840196
24878062
24932296
24783984
24814111
24903719
24791253
24935066
24893603
25001390
24852913
24768991
24778843
24804459
24979421
24794692
24776357
24908135
24839613
24769962
24809614
24780969
24890315
24783999
24775701
24773374
24804912
24934365
24769874
24898564
24773231
24844046
24838284
24969422
24841279
24842760
24819226
24771130
24859293
24768530
24860283
24921806
24854692
24780748
25039900
24832120
24769836
24830143
24781381
24813147
24769112
24926090
24779648
24876808
24824756
24805370
24792991
24822302
24775825
24835054
24826503
24843333
24907992
24768045
24786396
24876787
24780283
24985258
24817457
24797036
24868880
24794095
24778456
24828687
24883307
24826248
24785080
24768648
24861585
24831668
24781191
24769074
24820303
24822288
24769933
24824513
24872186
24769577
24793404
24813104
24914592
24842252
24901455
24924214
24772305
24799887
24884970
24841405
24775862
24799469
24795252
24842848
24853968
24777439
24768008
24799582
24778012
24863856
24890145
24878542
24918265
24787866
25087073
24798461
24791498
24837664
24826242
24820511
25018360
24793398
24779442
24785286
24784752
24780026
24814325
24817914
24770961
24819982
24824196
24789370
24856479
24780336
24789197
24809848
24797310
24827791
24791104
24860712
24787694
25111553
24838908
24825907
24816310
24850857
24870435
24795546
25280439
24800765
24954231
24831756
24918172
24793251
24790899
24851486
24818063
24831619
24770731
24796861
24770747
24841719
24898730
24838035
24794263
24833061
24831246
25004892
24797513
24789273
24771110
24769894
25058582
24810415
24840699
24777699
24804650
24975862
24928500
24873741
24782527
24877641
24812838
24867962
24785535
24791614
24803509
24874943
24775271
24790321
24774972
24814523
24798473
24776013
25099242
24800751
24816808
24784965
24816432
24897569
25050980
24816976
24936871
24956436
24774598
24801798
24806041
24832618
24841904
24784793
24832623
24791915
24784831
24836504
24780039
24786489
24853026
24771270
24779855
24775264
24848294
24808003
24777180
24816099
24817324
24772138
24774341
24825391
24819103
24791598
24813795
25047841
24884172
24776971
24831909
24807676
24839362
24785866
24891246
25100889
24934419
24778247
24834944
24794896
24802152
24787280
24844537
24870269
24833667
24887558
24831518
24771860
24779402
24777864
24900607
24840593
24806932
24860563
25029923
24784252
24775660
24808406
24779504
24770993
24772927
24838825
24779274
24854703
24796179
24954631
24789921
24821732
24813253
24803957
24812313
24882013
24796462
24892700
24890620
24859183
24769397
24805033
24801549
24801461
24776408
24803396
24804887
24850141
24815037
24844860
24829400
24978734
24886454
24810979
24768261
24946620
24826358
24776321
24792972
24817087
24852455
24771924
24775577
24809047
24903008
24787694
24786067
24774712
24800984
24792098
24872263
24881453
24788140
24780558
24793347
24847367
24863875
24773190
24809078
24793856
24928991
24871364
24794965
24776496
24805657
24790772
24841644
24800103
24813078
24807363
24820768
24792382
24802223
24776363
24829520
24804164
24798450
24810818
24774082
24782412
24773357
24965260
24874671
24769629
24821195
24801112
24781578
24981408
24840543
24780141
24787099
24770889
24774215
24830505
24775655
24912239
24773465
24813359
24893470
24961801
24903903
24798671
24889805
24771590
24798737
24859529
24773143
24814087
24841447
24823834
24938214
24782756
24821686
24801914
24913552
24774618
24835418
24780211
24773742
24783646
24791434
24803348
24783745
24771151
24843295
24835032
24783124
24896283
24772086
24799732
24830298
24790049
24794255
24783463
24782239
24928194
24773147
24844226
24794779
24786821
24957564
24826610
24789070
24769278
24838175
24786318
24933455
24996913
24920899
24773963
24947557
24771067
24909952
24827605
24794343
24788936
24786037
24771985
24833235
24790368
24966261
24777789
24901325
24931479
24918504
24785621
24815987
24837734
24776372
24786461
24798109
25003682
24860956
24827601
24917176
24804944
24794455
24778091
24854185
24869424
24864828
24822751
24846788
24795482
24808335
24790643
24785237
24793222
24809593
24856607
24770443
24833547
24830115
24819841
24796620
24791305
24779312
24775037
24844129
24807375
24847481
24781473
24820272
24772833
24808881
24885446
24776426
24784384
25031649
24816484
24830577
24788112
24841922
24828824
24821230
24826742
24842066
24786658
24871370
24780489
24792180
24820177
24816479
24821895
24771535
24873369
24914745
24802516
24782765
24776269
24774260
25052805
24944848
24779342
24769853
24953339
24815449
24795550
24976529
24773029
24768260
24863403
24784432
24938754
24772648
24897743
24792194
24782256
24792102
24974786
24795109
24888008
24778295
24897358
24844739
24774884
24887553
24878112
24787107
24771460
24861696
24795555
24916621
24878435
24839805
24774592
24792735
24900323
24794448
24774273
24787465
24787187
24771840
24858160
24978973
24894974
24807476
24978323
24924166
24997583
24776399
24901472
24814051
24779739
24787565
24821654
24814030
24854985
24770952
24882330
24825404
24880943
24957929
24781811
25001284
24783381
24783811
24890626
24836600
24778990
24771918
24795488
24777537
24772930
24940331
24769462
24815096
24815999
24817685
24777078
24775388
24782161
24819978
24881252
25083294
24775878
24977589
24892030
24780856
24771767
24776372
24812503
24801457
24852134
24768335
24819778
24796524
24852352
24781511
24782376
24907746
24780847
24785981
24780206
24795966
24770457
24890547
24776504
24768686
24856649
24787401
24792664
24815054
24846362
25007613
24771333
24768297
24784151
24944505
24849178
24794390
24800001
24838944
24814417
24816307
24814906
24809508
24777075
24810821
24770889
24856760
24851096
24837873
24797046
24891048
24845928
24943257
24864535
24814554
24883213
25075257
24827664
24802422
24968373
24824280
24858755
