100 20
997066724 992718602 990418647 982708996 973347794 970964324 952774795 941780669 936163639 928686704 920417257 905481891 904156911 902061541 897717576 897479441 892002971 882185406 878269129 866398863 863912656 862997257 859524837 857655910 821044998 816269235 807873247 801170156 798073625 769355226 754940619 750716951 746609485 743096321 739292040 733755416 720038781 685835207 675931244 671691518 642709844 641552206 632539473 630442067 618706435 614306360 607886990 605098496 597859599 593485150 537425322 516620495 501002513 497688818 493330683 485602707 485107612 479745057 468737843 455687907 448536869 442747133 420707555 406918719 405401263 389603552 378843176 331192934 327604064 290116486 284647900 280744018 277565482 263455921 230923712 224555156 193343992 191180772 170435003 168555704 160009539 154821391 143041678 141734137 137188690 132622665 123366000 120822854 119687352 114734449 112891308 93154093 83663765 78673349 59987734 50725769 17929553 11551959 4243437 729671
5 916331516 844967944 703456022 93824313 36128947
4 855359066 712366445 478954852 379596757
1 1755705
6 915316653 755778565 723307896 602752945 589469927 563241825
2 921595788 353325092
2 989729180 512803268
2 172231692 83817333
6 923817169 556295008 461700077 400227855 317052834 241055950
1 33225359
1 526522252
1 464777863
1 444951018
2 955765907 747814912
1 690866598
1 500024837
2 552112240 22472117
7 780753423 442506091 402058291 365617945 225682764 178544922 129351479
1 730830898
1 690831953
3 633724122 234438868 26191936
