500 500 92
596423239 295663345
126269009 295663345
392209845 295663345
946086763 295663345
-587440099 295663345
609944971 295663345
541149279 295663345
76239547 295663345
355877801 295663345
-909476583 295663345
-684641161 295663345
911167557 295663345
-751247183 295663345
386126075 295663345
-974946813 295663345
843099837 295663345
222793787 295663345
287193759 295663345
-372169169 295663345
152960219 295663345
-730845725 295663345
-971678961 295663345
83059927 295663345
324650521 295663345
-422135211 295663345
-412268991 295663345
-821260861 295663345
-666471443 295663345
416686535 295663345
-92938259 295663345
-344348047 295663345
-918816529 295663345
250987911 295663345
319949993 295663345
160594867 295663345
-128062201 295663345
459545645 295663345
-12779005 295663345
-745384389 295663345
-472464917 295663345
265557025 295663345
-255920477 295663345
-187386067 295663345
-544237303 295663345
-48444131 295663345
-136659937 295663345
165401865 295663345
623701735 295663345
-175229727 295663345
384059577 295663345
-239496839 295663345
56957025 295663345
-68744733 295663345
280285081 295663345
-947619331 295663345
14667715 295663345
872788727 295663345
792149511 295663345
844453413 295663345
-681698753 295663345
397034119 295663345
890432493 295663345
578634195 295663345
-90079655 295663345
-709482523 295663345
597919923 295663345
-166958835 295663345
-918274351 295663345
-410211397 295663345
-508114419 295663345
664765121 295663345
-784173853 295663345
19844299 295663345
-889484163 295663345
-956665935 295663345
210852263 295663345
-544638767 295663345
-444242093 295663345
-100928059 295663345
978277089 295663345
852665365 295663345
-503734141 295663345
-508065153 295663345
-633946601 295663345
-206150477 295663345
606472243 295663345
953105089 295663345
-722902279 295663345
206708711 295663345
8125333 295663345
718285049 295663345
571248733 295663345
639891923 295663345
-885503249 295663345
-487179225 295663345
322415407 295663345
465677561 295663345
794946991 295663345
-616212157 295663345
298309535 295663345
992618255 295663345
40391511 295663345
-481728969 295663345
87099445 295663345
731328023 295663345
-436900633 295663345
681977771 295663345
-241229829 295663345
493473399 295663345
910344455 295663345
-206592625 295663345
741330099 295663345
339171559 295663345
-248611665 295663345
-517502357 295663345
536240767 295663345
374090513 295663345
403817441 295663345
-663964729 295663345
132263263 295663345
-960030877 295663345
372484475 295663345
-592055283 295663345
340703229 295663345
152135815 295663345
852079619 295663345
-918823207 295663345
-750089971 295663345
32288633 295663345
-40829279 295663345
-92531405 295663345
-700248277 295663345
702959739 295663345
-295779233 295663345
-478837493 295663345
411221397 295663345
621862499 295663345
-443057441 295663345
-652853139 295663345
117754839 295663345
833313445 295663345
-621562915 295663345
287650901 295663345
-524425567 295663345
972775691 295663345
646351565 295663345
376796937 295663345
728415785 295663345
12860847 295663345
-603028497 295663345
34583149 295663345
-49676663 295663345
50658845 295663345
317001509 295663345
-701096145 295663345
782886201 295663345
15093819 295663345
-301838643 295663345
-149774717 295663345
-699017733 295663345
-716297233 295663345
-949884125 295663345
-404707927 295663345
-932678419 295663345
-402926357 295663345
573970865 295663345
956082273 295663345
-839866301 295663345
-170779001 295663345
-415318723 295663345
634138273 295663345
-104643001 295663345
182593053 295663345
953075969 295663345
2258339 295663345
-883092421 295663345
-847819715 295663345
-866464999 295663345
14182335 295663345
437814285 295663345
310446149 295663345
-160109097 295663345
-572624823 295663345
955974571 295663345
924453277 295663345
357175125 295663345
-856160873 295663345
-88686669 295663345
-63393863 295663345
91544389 295663345
-630133449 295663345
129107481 295663345
-147995681 295663345
189633135 295663345
884813943 295663345
-942100797 295663345
604685857 295663345
314840203 295663345
-383309795 295663345
-599883425 295663345
-867388313 295663345
467131097 295663345
152345899 295663345
-860712987 295663345
39519185 295663345
-523908911 295663345
-573858083 295663345
830101579 295663345
878506999 295663345
-952829333 295663345
-433753783 295663345
499442705 295663345
-907128461 295663345
-694381969 295663345
230057155 295663345
193591187 295663345
-609879649 295663345
433761803 295663345
-639637559 295663345
956733665 295663345
-709414931 295663345
-500718373 295663345
-326587031 295663345
-558698015 295663345
403005287 295663345
-492492925 295663345
491207093 295663345
-247008287 295663345
-119737437 295663345
-816967453 295663345
-665188567 295663345
748501767 295663345
-199689463 295663345
-722530901 295663345
803525141 295663345
-201274291 295663345
486470067 295663345
-645036701 295663345
-108353995 295663345
122501105 295663345
-969864197 295663345
102879251 295663345
805551221 295663345
-421818531 295663345
-423508667 295663345
870810989 295663345
727549521 295663345
-811326223 295663345
942489799 295663345
-790147037 295663345
130599139 295663345
-668610755 295663345
722235793 295663345
103507865 295663345
878713891 295663345
787312175 295663345
713327831 295663345
-988140161 295663345
211621437 295663345
850719043 295663345
-221333897 295663345
-9431969 295663345
-876615923 295663345
868641843 295663345
838728589 295663345
-852552499 295663345
-380312381 295663345
708444673 295663345
-597171695 295663345
-854331059 295663345
720515879 295663345
-50403921 295663345
841988209 295663345
-283375765 295663345
344747031 295663345
37607485 295663345
-570199001 295663345
-19936505 295663345
329801611 295663345
-173539843 295663345
441087835 295663345
-693555241 295663345
-502711371 295663345
112156365 295663345
-550923423 295663345
736216753 295663345
989676617 295663345
414636963 295663345
905727647 295663345
-746555111 295663345
890639483 295663345
-963375491 295663345
-137525417 295663345
223980035 295663345
-856918231 295663345
-595244637 295663345
-642861129 295663345
745894225 295663345
961687677 295663345
830273625 295663345
-956144127 295663345
-736994539 295663345
157881289 295663345
-716248611 295663345
-202158181 295663345
-646305591 295663345
-99754845 295663345
-813920941 295663345
615543389 295663345
-781782149 295663345
-121410843 295663345
345113089 295663345
-472839739 295663345
423963833 295663345
70182111 295663345
-598849917 295663345
942517729 295663345
-18356283 295663345
-900056459 295663345
-974452949 295663345
86659649 295663345
652854299 295663345
-273426399 295663345
-561436863 295663345
-854575233 295663345
-333870531 295663345
-946754551 295663345
-577122743 295663345
851130237 295663345
682551617 295663345
881827673 295663345
716368043 295663345
382979939 295663345
-736827225 295663345
-806279125 295663345
-587180973 295663345
-772434615 295663345
826292557 295663345
284981437 295663345
-817087377 295663345
-391311593 295663345
-634506993 295663345
-558377779 295663345
853347585 295663345
-125870123 295663345
45221553 295663345
78908199 295663345
177769339 295663345
786451371 295663345
-408966741 295663345
-763274541 295663345
672422407 295663345
120740297 295663345
-476996297 295663345
-23242213 295663345
-314252989 295663345
329720061 295663345
-570539425 295663345
-168504337 295663345
-128397333 295663345
540889621 295663345
-949474471 295663345
422508043 295663345
-958458747 295663345
223243663 295663345
179919991 295663345
-58913975 295663345
668171321 295663345
-576280993 295663345
795485963 295663345
512146263 295663345
-897899787 295663345
-549616943 295663345
-108053527 295663345
-39178147 295663345
508694045 295663345
872984181 295663345
-364567435 295663345
-114219463 295663345
-848779163 295663345
-549700789 295663345
-867022717 295663345
-688443701 295663345
-443546587 295663345
-170179591 295663345
10571707 295663345
-669498691 295663345
601011067 295663345
-6451341 295663345
846617197 295663345
-244499683 295663345
-735232863 295663345
726083805 295663345
-13917247 295663345
-944225031 295663345
-250024307 295663345
-187964855 295663345
-410482465 295663345
-529984365 295663345
670865943 295663345
-676459603 295663345
213899671 295663345
-245802677 295663345
169827307 295663345
-543680593 295663345
304394789 295663345
-734962705 295663345
734311703 295663345
140491749 295663345
586450255 295663345
-830772405 295663345
-379064127 295663345
527978807 295663345
700110389 295663345
-411365193 295663345
97583541 295663345
95810679 295663345
-146155969 295663345
-437511439 295663345
837681529 295663345
-759618833 295663345
21976751 295663345
171646131 295663345
119573621 295663345
-537964463 295663345
-46510269 295663345
168032577 295663345
-474428907 295663345
-567346417 295663345
814853185 295663345
475881993 295663345
98835925 295663345
-946584339 295663345
971610821 295663345
-535197111 295663345
693142603 295663345
579169457 295663345
-549545277 295663345
107201947 295663345
423081455 295663345
299912745 295663345
-284283497 295663345
463939475 295663345
-218848295 295663345
752077507 295663345
436251885 295663345
73187155 295663345
142945277 295663345
-456806715 295663345
-566454015 295663345
672527813 295663345
809833415 295663345
-715750141 295663345
862776893 295663345
-418047785 295663345
477182929 295663345
-252571705 295663345
948319343 295663345
-441264055 295663345
-355143195 295663345
466760195 295663345
-147488615 295663345
318083625 295663345
460384861 295663345
138720133 295663345
-759918769 295663345
-204269605 295663345
-519577801 295663345
249734057 295663345
146885549 295663345
-139909169 295663345
-762229273 295663345
444296341 295663345
-921557701 295663345
-296691711 295663345
-601274535 295663345
-799246883 295663345
440603659 295663345
-153955397 295663345
-64569611 295663345
505441425 295663345
355293763 295663345
302049985 295663345
-683285947 295663345
217083971 295663345
165243049 295663345
398328517 295663345
377808283 295663345
989546487 295663345
784930005 295663345
277374789 295663345
834846235 295663345
-456826385 295663345
140797621 295663345
241100229 295663345
-827652561 295663345
-807760087 295663345
-694157283 295663345
184544289 295663345
425186775 295663345
-999409097 257514265
233934329 295663345
-993950021 275995045
522827619 295663345
-688152991 295663345
232977527 295663345
-716142799 295663345
533863133 295663345
214640033 295663345
602254827 295663345
-322051269 295663345
501782125 328599677
373627043 295663345
905694803 295663345
-346222126 301273137
585754075 -420224971
103520969 295663345
-501380783 295663345
-912520325 579461717
903723211 295663345
36323456 542484230
71785699 295663345
-983475655 295663345
-939508557 295663345
566339829 295663345
-566281717 295663345
-62111463 295663345
875518601 295663345
-951278609 -215041967
-914135993 295663345
207225619 295663345
-762148899 295663345
933008887 295663345
457158561 295663345
-892511090 81821619
-269263233 295663345
406114659 295663345
-368828296 -321863770
24175672 516568230
405745661 295663345
-297049593 295663345
-915084045 295663345
-812408367 295663345
25965778 520387230
827029153 295663345
845608665 295663345
-884219635 -752215157
-247556989 295663345
575203999 295663345
-120862099 295663345
-91983977 295663345
-854296241 295663345
715555127 -728541497
-105259650 40836916
145200495 295663345
-990412179 295663345
-575089425 295663345
-614220850 380428740
352310358 581882895
-386100303 295663345
663215250 -471909032
-142747025 295663345
-908558421 295663345
395236771 295663345
173063701 295663345
817934585 295663345
-992906363 295663345
56584023 295663345
922685931 295663345
-514140943 295663345
-47387705 295663345
-959284523 393349235
242326069 295663345
644203139 295663345
-592885444 -799865770
-911807660 -761899661
980666315 295663345
-821082935 861207375
-28593175 -10316901
228390252 952238230
519278955 295663345
-250146093 295663345
52953137 295663345
-634545031 295663345
-53184725 6091205
644121533 295663345
-985419079 295663345
327826183 295663345
-947206646 -271457745
-108990325 43326117
-122710897 295663345
340409985 295663345
99944521 536348870
984000387 295663345
-228229975 295663345
321242207 295663345
-215409909 295663345
-948293053 295663345
171540151 295663345
286427161 295663345
-929820767 295663345
276586729 295663345
39530275 -55770595
-613193239 295663345
-359583868 -302141770
308337245 295663345
-977163573 295663345
-373869092 -332617770
-272099059 295663345
-921411387 295663345
-222489023 295663345
849108825 -595941941
-434643035 295663345
-197664965 295663345
-486190013 295663345
998416075 295663345
42735657 295663345
-720567891 295663345
282169467 295663345
-894024083 614277435
42321103 295663345
485998267 295663345
690340041 295663345
497144549 295663345
328099197 295663345
-175804329 295663345
-773087393 295663345
-211353381 295663345
-519056805 295663345
826030813 295663345
-825592055 295663345
-354501875 -339137173
-545518779 295663345
120412459 295663345
771749831 295663345
-867320651 704677395
-551287129 295663345
668864125 295663345
926742487 295663345
-592277617 295663345
-268965318 -108816770
85057088 646452230
178436498 845667230
-268750567 295663345
-823019555 854651275
-994828703 295663345
-968910657 295663345
459126765 295663345
-871818725 689449925
-706902127 295663345
-919548260 -654656061
145350785 295663345
-752683583 295663345
432926297 295663345
957960650 -668570640
161052933 295663345
-252070267 295663345
77685173 295663345
567317925 295663345
-38826831 295663345
-134949655 295663345
-858063487 295663345
-462920109 295663345
-590646355 -523284455
-554115227 295663345
-794817983 950122935
136541033 295663345
597475900 -428046070
24412023 295663345
597324279 295663345
-342147667 295663345
-252594355 -259668905
981249775 -684109735
-133897037 295663345
-766825325 482250317
-103781189 295663345
272617169 295663345
-242245515 295663345
15498783 295663345
727806589 295663345
-988211435 295663345
-872085467 688546915
-999579953 454158097
183703785 295663345
-51860225 5207465
-704052231 295663345
339745965 202242633
123161303 295663345
-325995011 -801391865
-175001835 295663345
-612371772 -841437770
222171809 295663345
-197577300 102433594
534998971 -357554155
407383521 295663345
-82102686 407373417
87037558 475319295
351164155 295663345
647209625 295663345
904928625 295663345
739743311 295663345
-633519363 295663345
914968263 295663345
-416720333 295663345
-24657753 295663345
213311085 103647741
942571461 295663345
-848473319 768481855
457520587 295663345
727035725 504254167
242717383 295663345
-803218641 295663345
-956206112 -146772949
-809512145 295663345
-934533195 295663345
244805973 295663345
-991798613 346350057
601836395 295663345
-573075553 295663345
-652857075 -571796853
522029367 295663345
328447875 -248543747
220285841 295663345
-399254500 236997738
-339154649 295663345
-208830917 295663345
-588251959 295663345
-725412997 295663345
936635209 295663345
-82873729 295663345
926776129 295663345
-921691961 295663345
548118913 295663345
-974580167 341568415
-911212499 556088955
-647896131 295663345
83692814 473975667
-900210305 593335025
-557748350 216300249
-13001969 295663345
-415321481 295663345
-47039987 295663345
-583499855 295663345
-28255955 -84728095
-995171465 295663345
-889195180 83153664
-718847487 295663345
652840229 295663345
-149170712 146752230
-136980537 295663345
-943979780 61145964
407253901 -371278211
985992447 295663345
-841844963 790921035
-527155105 295663345
119487619 295663345
-491660450 298653332
496655347 295663345
-571097759 295663345
592133877 295663345
431022899 295663345
-344863093 295663345
756267315 295663345
-531532695 295663345
-778645155 295663345
-353723720 -289639770
-872874731 685874995
673411549 295663345
-421765560 -434799770
312631339 295663345
723593303 295663345
875526925 620048747
-370071619 295663345
-324926883 295663345
364345477 295663345
257178249 295663345
-79106063 295663345
286699069 295663345
68411041 295663345
-794100021 295663345
-24776767 295663345
658037260 704697444
424458145 295663345
-991662617 283738665
692037751 295663345
464946033 295663345
324473813 295663345
-798537755 937530275
-447494994 -489690770
657649019 295663345
824081075 295663345
-978759167 295663345
733815543 295663345
887009689 295663345
655900923 295663345
568725219 295663345
817823565 575051223
550039671 295663345
590389911 295663345
489767851 295663345
554097361 295663345
681597755 295663345
257309325 137957907
798023813 295663345
9414747 295663345
-248700859 295663345
106199932 691558230
-123915793 295663345
124342425 -112359413
470047565 303852823
255776365 136762493
-43251503 295663345
-958045817 397542665
544818665 295663345
268388315 295663345
652552235 295663345
388632747 295663345
-881227159 295663345
-64686539 874615040
-610650489 295663345
678121289 295663345
-737705977 295663345
-475796105 295663345
-773061745 295663345
616329713 295663345
-112979371 295663345
382017635 295663345
184781253 295663345
26464815 295663345
560522350 -403389724
45600685 -27134119
698891507 295663345
498522611 295663345
582357677 295663345
464685171 295663345
-428069783 295663345
544103181 295663345
828186694 773048727
752806697 295663345
148098593 295663345
-889989605 295663345
-832691693 821907885
234540825 -185886581
58470625 -68408077
-916525415 538102975
664755503 295663345
250876247 295663345
-993199418 41373783
-316119455 295663345
860030527 295663345
688986185 295663345
-625436874 -869310770
-292620805 295663345
526191035 295663345
869682463 295663345
780139177 295663345
-856497424 96288786
77462333 793324683
152031921 295663345
-197998627 295663345
-622308415 295663345
567275645 295663345
-462280309 295663345
-432918875 259459463
-998463775 295663345
514622569 295663345
547312779 295663345
24567381 295663345
717765159 295663345
-232009079 295663345
-463393645 295663345
824040307 295663345
449409805 287759339
-905289085 295663345
-788737727 970706615
598527131 295663345
11119750 -36814372
486195825 -353797181
147211091 295663345
-485663350 245257749
-389593485 295663345
294709085 295663345
-706946773 295663345
314180635 295663345
-39261766 381231230
-924352525 587356461
-280958805 295663345
-715338527 295663345
819409023 295663345
350244635 295663345
-824473847 849728015
-127987413 295663345
808614309 295663345
-607214833 295663345
-825032909 847835405
-998942372 445324611
-226866656 -19003770
717810142 728709003
-284209745 295663345
-662998309 295663345
-999406808 451759227
-362261901 295663345
-838316081 295663345
-866549657 707287465
-126662495 295663345
-10730819 295663345
-19644605 295663345
-258232017 295663345
88384509 836495975
-930078171 295663345
-498341929 295663345
434478071 295663345
56261281 295663345
-402083300 -392809770
950645975 295663345
-25761149 295663345
638332211 295663345
667487253 295663345
-249545325 295663345
857342611 295663345
-240490013 295663345
-270626175 295663345
-907061555 570141275
967511551 295663345
-798417173 937938485
-518196351 295663345
-919243991 528899695
-986857607 300005215
718123083 295663345
261715150 -204017980
-224545007 295663345
932555679 295663345
511059303 295663345
-776483074 128431611
-968544221 24167705
-626337615 295663345
160203889 295663345
573456435 295663345
-826767439 295663345
676097785 295663345
199819605 295663345
-492131866 -584918770
-576982141 295663345
-542072973 295663345
178121635 295663345
-252356371 295663345
822962041 295663345
-976874879 333800055
763586809 295663345
-424044725 253538405
72128335 295663345
-782410275 492648991
-783961949 986874205
-965507054 -17911297
631186709 295663345
14218693 295663345
-310672116 -197793770
-868358387 701164315
85135119 295663345
-257350311 295663345
-176705537 295663345
-183750001 295663345
109207085 22466641
-834841771 295663345
148299759 295663345
-998941385 259097625
558544245 -405932448
-915717881 540836745
-298889081 295663345
-953686343 -181683563
-950710286 -222915905
227687935 295663345
-530383743 295663345
-891816171 295663345
-628666417 295663345
-634793111 295663345
-939562163 295663345
688204655 -672344693
205129315 295663345
94019183 295663345
99176925 -95568353
688820677 295663345
-90883571 -478781379
467460937 295663345
-893055773 617555485
-350119561 295663345
-575098497 295663345
594580783 295663345
-461263670 -519064770
183604805 295663345
250734847 295663345
-454772207 295663345
-368385865 295663345
-796761827 295663345
-245125385 295663345
-127732899 -17735611
468282093 295663345
677813079 295663345
-145104471 295663345
-789083532 123369840
