3 500 19
477551214 116061473
-309499376 243357246
255365680 -699209646
-750786271 86605756
-807598693 -928286047
330005865 -456468606
-449611339 556234005
686992701 -749656969
-140629011 -481764646
-566102582 679115661
776165074 567358130
899797045 303332290
-546338744 -83179721
-653692787 -268897211
-505510875 379405968
360002831 -872474890
-785604680 494040160
-350897900 577584969
113337276 440031249
746756355 -697427925
261908507 -161304754
879725418 844633772
-594889175 377624161
992438330 -803437762
311973525 -85036789
-328950305 75766126
-305245722 454668164
396811789 305739572
404481339 552312089
-166327610 190564720
725045271 -744033137
-865301643 -5936920
702988205 645639450
-494284947 180570661
-664248417 256267755
-682295449 -154759618
-719796561 100914473
-575393140 -587679305
-125850348 -740592651
-655525936 592268842
-119528321 -626226069
-54100349 -42116996
987497833 645504781
-652122267 377333035
-783845067 468690246
-810633437 590417049
-829301514 341156482
-97329257 804877181
33415317 926171494
-183755129 816890648
-946333603 644104892
678692962 -416614243
-404773631 126339910
-738518708 303829639
456069038 61738321
-504642846 -243186062
557569461 -770688690
-138458371 838695876
-740206232 637284710
824456204 544197427
-550004160 582231057
-226505849 -742383552
912752273 85531552
924971158 -415542408
-137773573 761295435
-644090449 -703766914
-641448617 -593319620
-915438934 -59939508
-572182627 544502909
-581995294 -554342554
-804510724 -468171407
401524046 145718693
-630920788 552952821
-844761226 646900613
-398328716 935142536
256803207 -819610489
-290752616 131055770
-977401693 871724298
-892189479 -200701574
888778307 -500273650
-616313205 -517378322
-669686079 -910459153
593440601 813094088
206388181 181214901
288128365 764245859
-406512264 832775014
-2266282 -763843281
629108457 629053078
-98343624 -62146329
114232227 -436438077
-797698660 -184475243
869517451 90713172
193968805 641091815
-510624410 892377180
-76067203 -37200667
-483771573 -541449768
-458576374 -342582035
-304179981 -560763907
-596135500 888357153
829891659 509870876
-987131747 305966828
794993888 655767338
387913316 657829312
-960351593 976828118
-268027684 -278774696
885644255 329250049
413207871 743391727
536974158 -259063325
-164491813 844399963
-842782486 765693701
-854965261 253758267
631140298 -978161712
390161687 175430436
890497948 901317499
-988779175 -281803010
401965654 -139873192
-143713093 -258617945
961906182 -444722675
715992598 243613295
-491658694 727487109
991760874 -859707062
420330090 552674215
793901223 504439348
-12447225 765251543
-963449299 279800878
721376130 -745923592
527178679 110774449
748022004 -986605228
150117014 -775215496
-746519833 788472529
925142782 194929215
382340658 -812067327
-303120122 391382669
-996862395 257786800
570363029 655733592
-438920257 -515561706
962703716 -356914795
78939643 -526017495
-472791531 -478307652
-924229901 896936918
-744374358 -29836417
15916761 71644548
856104958 -773618778
-562324260 -577425037
-923891853 -446451361
-928620059 -509635316
-404395489 -515584944
-747325815 -604446190
-144231435 -485941583
-17157760 501448184
-404944427 354065127
961367399 141076180
697426070 -628851845
-589458043 696152352
105152738 -123880099
-188011881 -923311766
-369448316 607784382
-640409610 -116694490
-350795616 645220529
73046022 863524923
826273596 112665470
385207795 -574590103
-536594184 -917530785
-458525214 -462864985
-311046287 489805540
-579295232 275798051
-554208900 572237355
-649775081 666383438
-432653008 -13377424
-990320001 542580750
958790451 -575491831
451123253 872876533
-983739630 348521694
651420084 -177685236
-758179427 690975012
-319058089 -580040581
-656207224 894125992
233635800 -189605487
-224038999 -374452659
574595361 629288350
-778550755 -441892130
661507606 298008290
786231499 -843060767
223996605 826352648
892627107 -790249745
990016946 -428489438
881091804 -304853848
-177902465 232991795
-71596098 -614141378
-55718720 -694312799
-611261400 450730439
791063578 236409614
-129957075 -711673500
-941731875 -908078560
18103105 -897699817
-902506245 -937235976
-136201985 804583295
-130230354 13654533
-604460027 -982629776
471370389 -107746178
-517082722 584304200
-732902362 -15230147
-445002091 741531689
-775778214 521891843
877754499 79860033
793085767 944257710
456595017 -178406611
-576035188 571641743
-362790623 96977320
-27604547 -217715895
214812505 -679676105
-501368251 -608977541
432869055 -236717789
527410413 592058587
-52109599 371963281
-179509600 -389076246
-392236570 -980441208
-318391559 823329922
-641150367 886471128
693309915 -574523189
-487645585 -193670748
719547610 -929892301
-414200998 -707915626
-644455981 -332123093
937742851 -817881336
-756312565 184283704
358409168 958807264
217599153 349308303
766102031 177440258
567402522 -485823981
285991625 -23815966
906652401 969809148
879703587 -463711910
-956384083 253820924
128738835 551739809
450034593 -914593208
565933199 -97799668
-580875754 -688740941
421154300 -221157846
190886853 737207650
132386961 -117238502
646596748 26668803
-625090099 733977165
-45742606 932615557
-267863193 286650908
-310873265 -863287956
386656663 -482074386
-717329055 207505883
-217947460 123235656
-222463174 830214003
-446497846 43994012
576890498 -225625672
-897625103 964567025
951401038 -600479116
-484959388 -807608687
-460245373 -835809819
-810828370 -356682699
-776471362 157168566
-520787693 -724274449
-271985107 -280307372
814169910 313259654
-651718563 659165240
434550979 826579596
-139603106 857539886
462439109 -472870919
413561639 999756568
867715973 846084229
-912061096 -779938700
-752716790 933046333
666063493 806957718
-720609279 290765833
986212126 584638896
804638752 -938074724
-227184041 -225058644
-636269217 -593516436
392161194 -798954395
-616713176 -626344856
-786924878 486038989
565925479 222907057
684920890 692665103
526226201 -503532498
-358137713 -525001942
-534472607 870336248
773979491 -957260652
70478498 -919205953
-218429175 574026199
110564504 573883014
293596926 323111456
922887 -433409168
263592567 -928940246
331061877 -311113304
403110616 -11312102
-735215945 -999155909
-941564425 714532677
-86999609 485905789
-458049058 -358910055
682951910 264550041
-844791625 -576947050
576656859 -624313704
231583352 -774228893
669845850 838166714
-411152952 474224658
-561135194 -135695018
869499498 584592950
339151583 165053603
-479879756 -837469726
722414176 -720295876
-598778387 -477560130
-273553351 685667339
767654604 441534763
354568847 -374190249
-886688339 628404711
379787019 878536596
-52266761 -252249151
-183881512 -600787811
58469101 68897431
369396776 -583486793
-786214862 586418002
-662694099 -219449101
64125820 -815169726
953439065 474724411
710378200 351920639
-130959256 -254514997
299423287 -9173178
-617979503 471821891
10827862 344373298
943785603 -612362790
-183786116 930788447
603197558 164062630
-465311258 -638445383
370667168 312538776
-192550506 -173506251
-126607938 -565654877
95291552 -725843505
679380331 232812845
-169394987 -419169294
920448047 624870507
464912621 -899629382
-276927745 236656632
-732706917 238812506
-812334025 864507137
531852405 -968619312
506442730 549651036
-501803228 989178293
-161732392 -740564318
394492253 -31791233
-892699119 923744858
-364301957 -93320347
-64249721 -243253926
854346876 998229178
957191527 -252984218
9908004 929986364
577496063 -50006719
-172680061 697292940
673224659 -333101748
-440506401 -703525502
35610163 -23766356
-437417944 -692701916
-619784515 -676463229
73477142 708088164
179065423 -8977078
-19948469 -384998345
-429906364 195165424
-333115992 78024406
-661271618 -736898027
-914963259 -104319656
-710555247 -620732739
-852691456 -935147077
-397211037 -614329456
-421223836 -771371579
909106238 562937744
-872852677 937802140
70011658 785138091
445424885 174371043
-636566794 924013550
-397399678 382675281
368443018 -774031471
295743845 665155959
386364201 -20560
-530129339 -850801227
890537552 200242633
-755928267 -71493402
-622559598 433457916
-643382507 -964019111
173907775 -560173001
966346194 955761778
-792835183 -888519499
590490588 847045464
225253530 -933808361
-340253969 563989466
811361557 929661834
481755878 275941368
218271528 532120229
640372198 330662859
-816603951 -762454398
-162976673 -167314298
-294100385 892735026
-524189796 -708542923
596408020 469248299
680134257 844044047
-303882001 -825404412
-570454671 -983994730
-859760017 871849346
117502350 878769019
-365044285 -958531668
545800112 802067127
-190879136 345005232
499489566 -125636670
139834463 943280359
912546954 938375322
576845945 748417720
773526583 152754356
-32849030 652212902
-896224230 524217378
975377008 954114997
-447796515 604479287
-436500465 -841677665
-140231374 785930535
-627318639 982134546
-43391722 -744510937
-589024539 830418905
406198795 -278515777
16468330 -628176457
-281564348 27924876
-975852350 651557388
-977262400 878486769
266375603 -163716943
-109395435 331921356
-485943840 334339951
171955221 -272911685
994459214 -506150229
-834157669 905747030
-449481798 -555616650
-927345519 -809016905
35873042 661498913
471785503 -821249525
817580603 209557988
-275194518 -160312608
10114510 -280671911
489874028 325109305
-578710924 -518968113
381522020 -559530717
-52269786 916829841
704268255 1231064
756324726 621444049
-953038022 -281472707
565529669 -607131889
-48231502 -223276601
-224157589 -197857029
631251585 -359262098
-278876272 472299278
634550738 802480864
93201168 960479241
-691253974 428491699
480934782 -889747257
909063300 -528805367
-527724019 999961586
-856290311 920439994
268298614 596486158
-686648053 383408905
-924549069 802267167
-544466939 -187813043
-939758011 117996797
883902121 840036739
-815503997 -555074023
17561880 280542549
276480097 -975266464
32736738 -64078416
-880366073 -797405093
879031026 785715099
544463220 27448600
440497730 -550163436
-761651510 755278948
141144101 403914575
294134284 50053497
-684931214 -115257407
-778159178 366194638
-657096232 -473819493
590984132 681388286
-973207895 -433033904
626423701 499794690
132215531 700526947
-461959767 -869710819
217461026 747285381
4411737 572451915
-996360282 -101587262
803340899 212663392
117198145 -968014884
-640053640 637533563
594618349 -225307902
-345439020 721864455
-330240903 528316098
984189867 -287065631
-783486311 304483696
-190648517 853926191
716395229 -105350162
314919686 25243239
-508803 207595347
-96034768 818478194
-448558776 389605485
277748209 -509824841
-749766457 246190229
-439766056 260868547
