1 500 14
20 11
3 8
10 19
3 14
8 14
10 18
19 8
20 10
0 21
11 15
18 10
6 1
1 13
20 8
12 12
13 5
16 13
3 21
4 13
19 17
8 18
21 0
19 3
1 8
3 15
15 0
12 21
5 13
22 6
14 4
21 16
7 4
20 16
17 7
13 2
16 11
9 12
22 16
2 9
21 1
15 12
1 5
20 19
2 4
8 19
17 19
19 19
4 22
8 7
21 18
0 7
13 19
20 2
18 22
10 13
1 10
4 7
13 21
14 5
15 15
18 2
7 6
17 15
11 18
17 17
11 0
17 0
5 17
5 22
10 1
19 0
1 16
20 15
12 14
0 18
12 8
0 13
12 6
4 11
5 14
15 1
7 5
18 16
7 16
15 22
19 7
7 2
7 14
1 2
10 17
4 4
18 13
0 12
3 12
8 1
19 6
18 14
7 10
4 14
0 17
6 16
0 16
14 16
1 1
1 22
14 2
15 20
14 9
20 4
18 11
16 0
0 8
22 10
2 6
6 7
22 17
2 11
7 17
13 22
17 10
12 10
7 9
18 4
9 10
5 16
9 20
3 17
9 14
15 11
20 12
4 8
17 20
1 17
5 4
14 12
14 17
15 7
21 19
2 13
15 2
1 3
19 11
20 3
9 19
13 15
0 4
20 18
8 5
10 3
21 5
3 22
14 1
12 20
2 8
9 17
6 18
21 20
17 5
11 6
19 9
7 3
4 1
19 14
22 1
22 3
1 18
13 8
20 9
2 1
18 6
8 17
19 1
15 17
7 7
6 9
13 10
20 5
21 13
10 15
20 6
8 10
3 6
20 1
7 22
5 18
4 21
21 14
17 14
10 11
3 9
6 6
11 14
4 10
22 22
11 3
13 13
7 8
14 20
2 5
2 2
3 13
14 13
8 21
14 11
9 0
3 19
9 5
11 9
12 18
6 14
18 1
0 11
22 14
8 3
17 18
12 17
20 17
10 16
17 22
3 18
8 12
2 20
6 22
6 4
2 22
3 20
6 2
12 22
16 10
10 7
2 3
12 3
18 9
0 19
15 14
6 0
0 9
8 0
14 15
19 10
13 17
18 15
7 13
14 14
9 16
9 7
2 7
17 1
15 3
5 20
0 2
12 2
13 16
15 18
12 0
3 1
5 2
13 14
8 8
16 18
10 12
12 9
15 4
1 0
3 4
5 19
0 20
15 16
6 13
20 0
0 14
1 7
4 6
5 7
16 15
6 15
2 16
16 2
22 9
14 6
20 7
18 7
9 6
4 17
10 20
11 8
4 12
0 15
13 7
16 12
12 13
19 16
21 10
9 8
15 5
13 1
3 11
21 22
22 5
18 0
19 20
11 20
5 21
10 21
21 9
11 13
13 11
17 4
16 20
4 3
16 1
20 21
22 7
10 0
9 3
18 21
14 7
9 1
0 22
16 5
16 21
4 16
16 16
11 4
20 13
0 0
10 8
17 21
5 1
18 3
4 0
18 19
14 21
21 3
12 1
7 19
22 0
22 20
17 3
6 12
2 15
14 19
16 8
16 22
1 6
12 19
15 10
2 19
2 12
2 0
14 22
15 21
13 9
21 11
19 12
12 4
9 9
14 0
1 21
19 18
11 5
13 20
20 20
3 5
3 0
7 12
11 10
17 6
14 18
11 12
1 12
6 10
7 20
7 18
8 4
3 3
14 8
8 22
1 20
8 6
21 6
17 13
3 7
5 9
11 22
12 7
9 18
22 19
22 8
6 3
19 2
7 21
22 4
14 10
5 6
11 7
20 22
10 14
19 13
16 4
16 17
21 15
17 9
11 16
17 11
10 6
18 20
10 10
0 5
6 5
21 12
15 8
8 20
13 6
7 1
12 16
5 15
21 8
9 4
4 19
16 14
19 4
12 5
7 11
8 13
17 16
1 11
21 21
10 2
6 21
2 10
12 15
11 17
17 8
18 5
22 21
4 15
3 16
9 22
22 18
16 19
6 19
1 4
8 11
19 21
10 4
16 3
15 13
18 12
0 3
11 19
19 22
5 12
7 15
4 9
21 7
0 1
5 11
22 13
11 2
6 8
21 17
14 3
15 9
1 15
5 3
17 12
11 11
5 8
8 2
10 9
8 15
16 9
19 15
17 2
21 4
20 14
1 14
2 21
0 10
13 12
2 17
6 20
21 2
9 21
18 17
5 10
22 15
3 10
13 0
12 11
10 5
9 2
9 11
22 2
8 9
11 21
9 15
13 4
15 19
6 17
