4 500 5
446114147 62330869
381448696 114714436
834106853 -251970533
122786892 324248704
187279696 124044421
578890722 807472082
-71209461 481399405
467965318 110897752
262440310 189995290
-538945687 508863404
-617030073 -275412300
-197870727 117814473
439229417 74931589
242643495 717650048
30809842 916891813
-546673481 -541570105
471157922 369523978
602310136 244164676
580576839 807922496
-294483204 933810136
80912070 843989005
-779759798 -126366380
711352661 -73353221
450171123 110511085
488434359 564921211
-583642578 496923482
60200676 794460688
734863647 -345434115
118463237 -915859685
314771802 21058575
382949676 191209196
276797154 -832834684
818828695 -246693874
-321636658 -13998966
-212032455 621616713
753058853 -87201533
342042341 748387003
852717852 -279051047
995246267 -350767237
985360896 85695943
83297496 -480721795
-169653174 -886022517
951768212 -863138291
785341397 -257348411
382283627 179156149
47164502 792505149
-955889113 -210372081
432859216 -11241338
512645164 -554711266
202032312 332131588
206532465 -35223459
935566445 -839894537
-233754014 244938346
839328607 869603615
538015233 208012386
-202217055 272434713
314666343 -146040069
407999072 132090669
-202437300 -908400739
863670477 -224128605
57203789 -519778043
-232245704 144202972
-136303583 -809413851
271310066 -326192444
-400802417 545765744
421573552 16478834
537972812 -105792691
508770069 87763503
-416484058 -969120980
-323906132 264021424
777452165 -792607684
470528449 352272526
-191112738 -122600397
535498150 196118061
111143808 -932830398
-173994842 493344106
335671842 67628826
497099257 785623052
539037696 107142151
139189172 -304674686
-874590817 795654587
596380242 242011560
987243739 -304859836
913703435 -713205792
-236684232 863769220
90094355 -369015141
-692057598 341950410
-415105688 -967472794
31204747 254546171
776017541 -133876097
942747340 443700085
182329881 696417859
365898726 -57733075
836501802 529136928
629189175 352541235
-167353443 -967835247
909584645 -405415409
68131475 -536846915
490351588 128544093
241159685 953479471
837627773 -272373073
995744406 -487166291
589332815 810261488
122272889 -922349441
18104537 845691909
788454296 95157472
604893195 205691493
847686158 812634352
482917550 131094928
600334949 223283179
528128549 370077379
800405621 -183456587
137353755 -908146839
777751796 799435846
-190579779 -141560367
983334899 -199883440
945748565 -898896477
32384962 -608166346
397954962 206410404
117515724 363851136
-734241304 168324286
891005006 -293389574
-780548226 914935378
307803341 -70199657
394447312 122333122
430809487 44030321
-315251834 -974500798
361042544 -925248588
869648475 696263861
360038509 -959894264
-220809489 933858933
887415459 886865205
570770882 591485302
120191852 -38412163
194986934 -495829880
533396363 79308089
-824368794 945393322
722218949 -264309585
-327942588 974356288
825600696 93372556
-135874912 533782972
960618518 -295280774
360921567 -949407161
996019901 -234114684
305528206 54823018
102284676 -701871914
-203474976 317185143
-300126519 581013247
-31418267 -999042953
846114945 -244421793
-830900393 323077550
386463328 871396012
-836559104 173240743
246957116 35886881
-289812580 928150264
228145157 -318796281
263535570 -210947059
-617761219 -412083244
259976458 -216274227
-921595456 -649019506
137780975 -907744499
222870572 -433855106
402590554 911037290
448741419 100470153
-53533718 -799613563
-643662427 480890324
330670805 -726087989
-215188936 -34317240
156014208 -948865118
105120006 -938503392
-368483913 -435450460
453141891 773880680
877799093 -340796003
476570716 -118334513
465909527 297418699
429135442 275887916
142101851 -419589143
614230173 435989167
541942282 527248337
316783245 167098003
199643231 209887601
-599842764 -286479159
298721516 66226781
227021307 -347025651
173435147 -369919631
-268550322 -115973282
-195724858 -639704000
734732460 39932592
-113795581 -46576891
213924968 -453737798
554090548 302321542
102207526 301366762
761528117 -259974551
897501125 -380849849
42682056 926078568
657960935 768735458
-798138135 -158797338
202825220 -846488234
271862112 -795757576
324301642 42293321
961738828 -131771458
217857035 -299502095
992987642 -938579811
392468402 160515549
614414930 67699045
-686341093 -157942431
786366749 -786920590
565065058 -505344148
-335847978 -456464645
-183114909 -407122467
-128086171 448458395
372506802 -340993192
-426917471 183552869
44389262 797584509
30777787 351014749
702862704 46678668
348806294 -709008656
-955788228 -57286895
575445049 -42436265
681893199 586378465
-445778504 154463404
558475841 -932304493
952371631 864849767
99144856 806358844
687533569 -38694509
769246852 448716818
488061365 451533181
143297184 753213601
292290114 -949233724
837894309 -754048380
736236482 960181942
71584440 708934152
377582112 -915840235
709108911 479229927
739733722 967974623
-107543543 130406681
693319017 -203346255
-221809971 969450993
634500531 481042501
378925572 -266011696
332468381 141321547
256404096 120722935
-154943223 480102079
-34896451 -388678117
-254642931 -508752342
578928805 -919256444
743848609 -814045205
-485049016 -393153016
-199490268 175429503
573777497 264702694
590179610 382533868
-199826058 187375203
-54364201 -872770775
216178397 483168869
-253669070 -588773924
-982776229 803621072
691447756 -644783261
-156256892 766307200
472301529 -987279735
-976046904 179943250
809807189 -202569791
-415774273 -341262129
561381321 318526171
367923132 -574591732
495649788 785235854
844967285 -274049579
-70323353 -756325381
73138853 -528909224
65385696 129901531
686314727 -377294251
401162105 -659701889
941731067 -235039589
-633257107 -413792138
-805825469 437571560
-13881193 -487708583
682575897 345080019
-471626807 -766291783
-618424304 162759181
-386697961 641185633
778217487 823092367
813300119 -131402550
-436262191 524679920
334843945 -184980677
401989727 -7615121
906965099 -160904240
-159983496 610095926
-802434931 -432449150
-152230492 761428000
728279071 509618447
447830882 59188829
-334749103 472867568
453891323 154691785
98954842 -459832849
248433360 36752130
732121096 97864330
379086540 -241722472
894721679 -249478487
16225219 -325813195
785797733 -787283596
402601316 96523392
-728234131 -424266250
718604045 -270140901
800864537 -586948091
-175429951 391550960
-383726127 168635757
145833695 -605078927
905178860 -256746860
153543232 -287510818
320409893 792365347
-607178904 162218830
350098087 -89873701
830679377 522174763
-779172988 444691262
232013496 121894924
361837286 -884745984
-265205814 638550106
862545419 -416762400
392557349 645690979
-217314549 -912933723
-950037666 23299384
20374717 -574902651
-412352569 512476432
394015696 114110581
339430402 76003790
654558920 827685398
-513094958 -803733121
351211335 -85191594
938159225 -176825744
361638808 138720100
-147657924 -826408675
261618202 -97380265
145596195 -766465168
813069144 -221358959
59912522 -546828407
-20927139 -678022548
-182160060 -441091137
398681688 93831460
502344248 146494333
931577279 156758059
690095102 -384213251
948534898 906215474
-584516965 -138136671
-205674632 -229407452
453457790 78653008
924060185 -169629584
417024929 7980115
123485546 -654750404
297131664 -985608424
228647402 -170847035
588562158 -483215448
295310476 325753075
-373751473 -97140781
157399668 386217520
4108912 -466196914
549657845 326308741
-182528568 -427981497
316690134 -131386963
-753133104 169232053
-198911335 510662575
676040522 337265344
-90018055 67197001
898772304 -304354100
409776145 762296348
-220399043 -734652313
-646835053 -150258131
181378776 -866685702
-502838890 -369766064
308662789 -143402043
-408532219 -389009369
-634567253 -676069189
-288105453 -487205920
-192797715 -62657487
174313842 -262674360
391055002 191035655
566544103 -159561658
760379521 413641701
345388052 823503396
434211465 -79024118
143233096 698342656
-701565166 343962938
125362837 168921775
-432983971 -391705920
407798045 -392707088
648046554 -78024362
785026812 467585706
365305088 -708015660
355687877 720645895
629556182 281681692
155589228 77803840
726269592 -303140252
-605879305 -478502501
-834973413 324484260
484747445 521135812
544338149 337123579
44500796 -82775839
-5166504 133291624
22921069 356475643
-441588832 -380764752
384222832 -675654670
861382025 -739064299
811206539 641074993
908946125 -243717222
-101940756 700486792
-160167337 471811897
74684203 -729372283
-720608920 879785648
-115286605 622035848
839465945 -126452624
491960717 606799864
962679668 -589622480
921298696 88774186
-93122940 689801344
-653198520 952851508
612960643 326815781
926685427 -164783455
741843952 325947562
-194180481 -13465707
128287338 282923700
514801140 165139421
827481761 -120335888
82221014 -960068816
935338273 976404947
-450577760 -372948890
480161414 125945320
586080095 271827541
288722195 154647376
74096837 -382508849
619207025 993301253
904148763 788406921
-455119657 534304784
633313453 -441070333
-207072234 445157283
802037933 -66141993
249290451 199135237
-112001110 -713293004
507397019 223418791
-139113336 -863773488
152662667 5251769
94154386 -111923506
637931794 488668900
202034863 -847232563
385414632 316831268
374959360 -864492212
469465385 99347230
-206406681 421480293
536683037 -103432091
638410683 367159161
477063376 -119541530
670676115 -93753275
552149498 800328674
928258199 963176425
803555735 -74937142
45978762 901310324
-42256493 401777989
355584725 720855601
437283496 -22080824
81117407 843690223
393522202 -555952
695924817 -844618377
30483442 -612403384
-938490365 394114417
-22689780 994738105
98906412 -898670210
102925285 -578888617
518675669 924063796
-707891904 167058175
-310444847 -180082207
87045322 -486370087
429477091 767559080
-436755603 -993360681
792998000 864666758
-183014147 -934962724
-878979282 418029914
-111282004 711806536
461806696 110853166
-291326292 -485132031
772112501 -125937227
121421825 184986075
31356171 -692906344
74204442 689250004
-503759151 -348347122
578796699 357233965
294179813 845690587
853459919 -233744531
-887844679 342744553
692718410 837878978
-218253180 842918463
867919132 566704202
679797150 51561102
-597193801 625578811
911348229 -179227461
-212190879 627252633
524899696 -236740514
863903426 -228057938
143515404 168514816
-178944225 -555494187
919033492 -536731952
482292113 491976550
239258741 957344053
753062887 429364841
-154978391 89632529
352892696 116086576
-489632932 551920384
-655711293 -268260845
