125 500 64
-141451513 335567220
-569848697 335567220
-388992260 335567220
-992701005 335567220
-250590710 335567220
-91355773 335567220
-489615703 335567220
7554245 335567220
-226231803 335567220
-839346275 335567220
-902123132 335567220
-588045845 335567220
-383826078 335567220
-575357505 335567220
-729567236 335567220
-737474424 335567220
-923606154 335567220
-9135197 335567220
-971541000 335567220
-812983666 335567220
-895705359 335567220
-976678531 335567220
-479361647 335567220
-104492687 335567220
-585755119 335567220
-481534496 335567220
-855168855 335567220
-174329762 335567220
-840531682 335567220
-115671911 335567220
-111889130 335567220
-657211256 335567220
-834758760 335567220
-981523021 335567220
-931603841 335567220
-692810830 335567220
-898690570 335567220
-117518647 335567220
-85044700 335567220
-255586961 335567220
-29212812 335567220
-17955573 335567220
-873897721 335567220
-397173732 335567220
-691923765 335567220
21347522 335567220
-981361993 335567220
-815819834 335567220
-87160339 335567220
-278110834 335567220
-961131504 335567220
-255765506 335567220
-295525673 335567220
-821226758 335567220
-979106359 335567220
-413499490 335567220
-58158577 335567220
-1440383 335567220
-784345131 335567220
-669594937 335567220
-275076458 335567220
-869014855 335567220
-770989076 335567220
-835124007 335567220
-715708212 335567220
-192579281 335567220
-896416460 335567220
-381325397 335567220
-411017621 335567220
-162951330 335567220
-135300227 335567220
-85160195 335567220
-712529361 335567220
-69975007 335567220
-585773950 335567220
-453511629 335567220
-569265314 335567220
-231240025 335567220
-681682830 335567220
-553185309 335567220
-215259403 335567220
-70038208 335567220
-242736632 335567220
-957152118 335567220
-496371894 335567220
-809811645 335567220
-222261043 335567220
-865442825 335567220
-159325708 335567220
-691023361 335567220
-324703610 335567220
-932609239 335567220
-198238460 335567220
-144136984 335567220
-17642681 335567220
-440656892 335567220
-591833899 335567220
-504125639 335567220
-42315253 335567220
-703745172 335567220
-181575650 335567220
-514335584 335567220
-901354415 335567220
-173075989 335567220
-460469966 335567220
-654025895 335567220
-620717118 335567220
-416425406 335567220
-458165429 335567220
-897960594 335567220
-55957621 335567220
-493564991 335567220
-407401752 335567220
-845775950 335567220
-613884793 335567220
-282713547 335567220
-129965092 335567220
-273657933 335567220
-76071989 335567220
-25423749 335567220
-170738830 335567220
-807915709 335567220
-416807623 335567220
-647554324 335567220
-429161775 335567220
-105371178 564907130
-179687078 335567220
-216283469 335567220
-812653324 -271913229
-807273922 38796273
-328286048 -833762370
-780780130 -847532240
-986586765 604203148
-952646925 355490420
232486899 674505984
-868622620 -986401398
473442658 -361154208
-823837805 729311250
78178200 221652512
-966131152 -840226161
-431819758 787402599
-132167863 284554771
-328390729 302424565
849058262 -119955797
-881803485 -891343791
228288098 785257075
79422330 709440964
-834073186 335567220
264188500 -326806710
-258647992 138408347
-977044433 -801509951
-688403455 609074020
77001146 459707970
-439108046 617704048
-948037783 -727966817
-435553517 335567220
-466360867 335567220
-389459283 848248146
-20678163 -599068962
-643864894 -817609370
-996588948 335759376
-487547233 335567220
-54517340 335567220
-303916350 425709300
-221762300 -47579305
-624185523 335567220
-429946986 335567220
-990817994 486870216
436811912 473624106
-375361134 915853380
-300600780 335567220
486314817 767572977
-815930664 -871374290
-386172430 887091721
-780080045 -234056069
-73525433 335567220
-435706395 335567220
729183686 110277792
-199770329 335567220
502646569 993594402
-240651916 335567220
276692794 639607488
533112393 788292648
-768699167 -514222909
-336303292 335567220
-692536533 -608048951
174639490 306124950
-932407858 860457749
602217692 528587678
-537659014 214506561
524678114 238894215
-849215205 875170560
-135306379 435801966
-989098208 934835316
73674607 -710220180
826057025 461034198
60135233 -588146520
-995614153 335515084
649845347 436824467
-993218857 337008148
-970486401 335567220
401982110 918146725
47418050 380761690
-551434079 436425534
771892112 704146200
-994499205 256561305
766507757 458473811
961666989 941862699
-108658830 258315553
-999872253 331115472
510830554 975192687
-51285000 335567220
161620616 769159428
-725747003 -456157710
-599838090 453756696
-876818911 -754302330
363488750 -97251127
-209949994 335567220
413347181 984923510
-345569242 -703306854
-996262086 335567220
797854230 -898062586
-845389300 -2201798
-52845963 335567220
845523143 -725294977
-130947264 268693595
-270590352 479350005
-569094398 924273776
-428523337 -135730076
-860654114 790203324
821327715 -888094370
958376025 -829895634
-481132776 472685481
-116141102 171859164
-390482551 -218357395
-295899823 224114080
-845851045 -659036494
-826825833 362449800
-810042395 335567220
92037570 454151644
237829133 825666678
-385564728 -73038547
-79866214 335567220
-810881897 -807270489
38008182 -617042181
-484359308 790727718
-315495523 236537260
-421744 335567220
42906818 372941260
-565286259 335567220
278231092 -812355384
462896698 -133343074
-142732734 367081560
-997646261 328867492
-427051653 -139087470
165914598 563408170
-988981109 336241664
-989104159 335631592
-804471082 -819416828
-431561095 -617534945
-691929932 743045494
703013015 -412985075
-881870471 -994172718
44507826 -656852817
-539440730 369508820
324759590 916494585
433482082 -75356038
-574019639 920484470
963806027 133568250
-32432563 205787037
-32336084 335567220
-579524926 -706073050
100714702 -68650301
-822294648 335567220
273755490 287088075
-715145158 740889214
-773843830 106140121
-982254652 335766767
-198852391 140770536
457843195 929269680
-387248430 -726807905
-564335043 -322138337
-599027958 229104263
25353290 344502470
-285766446 335567220
568220692 -654182861
-158570128 -244960001
-184686156 855249729
16687972 335567220
-668851773 -491530194
755012261 -814397263
416027990 805514262
641871206 -449412821
-999737035 329243140
23666810 335567220
859591373 -711445687
-736805331 895857720
935086090 165923273
879702322 -520264795
-437798914 783091825
-651258507 335567220
774431349 -723853477
-993265472 52454140
-970564855 790514210
59185850 462115356
-5838844 335567220
-603114204 -654216041
-135515960 293202080
-531530858 335567220
-938808397 412120180
-464180856 335567220
-424176512 496124406
-178679191 863001715
-724084353 -756388474
-569099601 9786671
-433529962 -863493086
155392990 751079474
-260891135 201785800
-690714571 340971808
-113373329 335567220
-771832533 739729656
-766978900 -25140614
-974948135 700428082
422600068 -93774906
633171367 293412049
-866642541 425360580
-42401086 225056050
207421802 233162946
-687265498 334235092
-746586325 685166320
196948281 -594765595
-89250007 335567220
-994030359 337899810
-485128595 335567220
-706343098 -632143452
-985672005 644394145
-112122545 964963500
-984305312 594039461
-699532522 75883588
-51788045 -67035918
84647488 -420497868
-861289873 513600236
-605024935 264417778
123804340 420427317
-688815322 335567220
-834299651 -253182480
-113112621 335567220
-451585755 -613916530
-963745142 348806080
-577197334 -999544530
-153340839 335567220
953801093 -618702127
-516813160 -567035414
-891087138 32771153
-315982541 -189969109
-986224118 393944095
-295885932 335567220
-963050200 325720100
332447139 363305244
291300604 -106346538
252401621 -638824862
-40779087 335567220
836925228 732616299
-481611949 495648687
-38598799 -147820692
-940543933 335567220
-215527506 -37753130
-554119758 366006132
-815729748 -404941140
-577669286 660176097
577447677 257964876
-875485826 439333055
-57087553 714868898
-985031925 672516771
-822121191 -109650630
-441915837 335567220
-380913137 -138726961
362269696 -770925900
65298374 279968147
-470735988 -759139456
423336231 -271427824
-349821670 960319161
525058755 -906894036
75574724 -758265744
-117691351 65387766
832755934 245346632
887611022 -141172955
16447343 335567220
-219940455 453996245
-960990186 335567220
-337317853 301198067
462696661 -132878688
-216937837 817143388
815553071 -754798633
78419527 22394113
-866412253 -374654630
-682270215 614586660
-884267343 335567220
366783632 450354034
982987930 -640287294
559096515 -999453090
-85323853 723341220
-940480931 335567220
-391080797 -222388633
-226254029 174074704
-993152033 335567220
555492659 9358496
-433312918 -678596530
-225255729 717300260
75878962 281196053
-212305148 335567220
-548624411 313619372
-36508997 546047378
-610629973 878288560
-422765162 701278242
415908938 597472948
-337416910 -464691280
-296691358 652671354
-338078831 335567220
-527182846 -480546315
-690560285 344377369
-754632089 335567220
-142946906 687695751
697895401 10254894
-994180275 334831420
188794097 192200670
319633096 362635476
-690183929 309854076
191020460 620142526
-231753063 504290597
128514627 -284019257
-141522136 335567220
-748095038 302532112
-525290085 950984162
762371852 699978435
-995686533 331326360
-905055094 230955860
-136541805 867051420
355551338 862279920
168824499 90830556
-764292900 585620114
-819520633 335567220
-855419605 458957620
-987112186 335567220
-818032335 798388149
-685302337 197290729
-243983206 778726909
-236411546 -361015889
-212017010 -87299178
-886013728 273513720
659911950 -956640954
-569890846 335567220
-128661152 456542885
175938338 852587412
-394619254 870075865
-727707653 694574596
-668672917 335567220
-480957547 52972228
-18944675 336836976
403129538 997404060
57310493 354359056
-33180649 289174260
-651780297 483289473
190112981 618620503
115413865 714591944
101259308 419596129
-42407225 335567220
-407297217 335567220
-529807121 335567220
-958186805 465363880
18789541 335567220
196912990 -598013014
-938738359 568542574
-763479446 108317213
467413172 -59619521
-380948865 -342040080
-505480542 436753305
6057921 -247934355
604551650 223553175
-264769926 447073862
-469340374 -390420115
-998964045 336886860
-484319914 -161943155
-482932550 335567220
-148826668 643554387
-264424442 -675332085
-927271349 335567220
-163973912 462217421
49003007 -487776180
-54059718 -53849198
-636127885 696093239
-683915258 842966691
-985669318 940204
7676559 -645966054
-453083518 -640189546
470722200 -387227758
296589501 -108100369
-246936993 438632213
-374311894 966523740
-29089275 216319200
-703958499 -171083290
-232195807 335567220
-169279635 652605792
-583745096 251114540
-110318134 168983885
118219318 -155427128
321302086 692723886
805868524 -467553450
-515717325 -991644300
-789542887 -692054501
-424546937 442279428
53995304 283503930
-898887541 -667155020
-668692633 -121498188
2205278 359782701
-468755847 -97995672
-23352585 256286642
-572428127 335567220
-749611276 126214081
-301100497 335567220
-998841866 458752034
-163803316 335567220
-161896783 627786195
-475413393 -288555598
-855035773 335567220
363556925 178979238
-946195057 335567220
-897755140 328166343
-601024402 871681084
-204122493 335567220
-524050798 335567220
-822423971 -573972870
419838804 -770667094
-207499373 354080990
-930244086 281535615
262632117 197415383
726964082 -557057720
-463518753 345037884
122570108 674100402
-659048499 596531175
194207378 721147720
-559416816 -424707595
-630268310 750669945
-838990990 543810290
-995446415 279142954
-222529663 316968822
-998072155 315368075
144996920 728672415
-949599875 -621732255
-81966209 335567220
-192980423 388907120
384103632 -320961403
927964436 47010042
-740616925 335567220
995873448 275837325
-933137755 559565195
-793717869 298244016
-998748411 -555995047
-983339655 527963730
-926844122 429588466
-104410551 40501366
-37726019 -153166512
-14669710 215109636
-854147186 335567220
479378376 436434948
-170598111 335567220
-760713996 335567220
368495157 427924011
-184676089 664112265
-989189955 348771135
-266205830 988551020
-294735222 -994572720
929202592 -805515294
-228204208 272473722
-570841521 -33330126
-961146370 984084971
-889403527 48141028
68083085 320692269
-628093029 -296078690
-195430571 -8643018
-304707033 335567220
-678810774 -539286860
-971877435 345925020
-165610113 335567220
-285967797 335567220
-789639418 781886447
-861691344 335567220
752418767 -444495695
-254947092 335567220
-838731009 -92855724
166215497 278289436
493349297 -279263120
-328448000 335567220
806869326 461571798
-837963999 335567220
235237905 -114641600
-699891726 653049262
-581490265 -675511799
-414215417 335567220
-797765860 335567220
-964458780 -55990863
-888006262 196721630
-916041596 298048884
-16432224 -292910220
252248328 202330800
90477264 485726902
-387864828 335567220
-968449395 833991606
75674061 -336323865
-414450990 389697932
604063008 -897471558
-316663494 -592967801
-352126586 335567220
-372456388 -355458275
-27815564 243418878
-878966252 326503151
-882610780 434517820
39446562 302810948
499948192 -944710284
-466242388 195028199
-89329565 335567220
-708855425 -42144528
-825875485 -945948840
-134690068 283716654
-688870568 311997804
