451 500 16
396671259 -386006440
668340741 827795851
-6858858 -599240263
208373337 502052889
-254230496 -594403716
-837643412 -239991778
740834719 -674070836
-279976628 250975793
-11467466 -917838738
-122208252 -432480867
564533642 85955733
332571090 763072513
177473146 -425386399
-395577764 -388723603
-912275400 236718397
-943231918 169687646
-927917381 979565527
-351599067 -818235915
118458114 40752185
-579989054 790079612
273824106 227445586
485387936 797884063
764526410 -553428137
-83910172 -496446270
-75918056 -363257125
178440271 -267892567
-384137012 -430923922
398486712 661588922
-710976851 -148943047
749948049 -490477977
-924460475 -667848315
174094230 -820246391
-394666641 -661314528
-641186438 -671398637
425803077 202022592
603523219 11230086
-672486791 732272526
-822860272 -610102139
167651472 -213792306
187428625 609711433
-908051450 -460588947
836149629 305762882
117055274 -475058912
-845807764 610563887
-166606677 -346225012
-872652503 682934323
920519107 -609848897
-636136565 276006424
528851724 274635213
-862067237 -479117133
-453186629 -116305427
-755660496 -495858989
548849392 977172284
641986888 -44621769
-180295670 738152049
276649889 -653155588
-678520841 -727065145
928469720 740353218
80887463 -310252713
-21481679 -376894971
117240590 -349008848
-824772830 674649297
914028069 -836678983
788768906 783286283
-642838128 -66781480
492629313 -753810739
-533779487 -317352371
-841198357 -18971608
-905432132 600009091
-888368891 897261913
-911263307 -584241950
15661791 302400835
-412050350 768469994
566347608 -24678385
-142893136 640141060
608898833 469538116
-556956598 568389578
733553779 -135922468
-172039690 -748800314
410192104 334036817
676335102 -921271819
-931070387 -743593744
269716807 -290840347
148870652 565671415
-76367571 649765183
885014544 321603685
-984536495 -425197526
483702986 -455138362
-836097995 559309005
251954314 -178066965
-558986996 -848625441
-427211008 -470413825
-446755749 325215476
-910450742 986221668
39773958 390673730
39211297 639039235
-631048781 -490731412
229658822 129128762
130570268 -257342547
-935847146 -880924031
244047056 -789704939
98899327 -406541796
951882626 -468115619
252828757 -751344162
566247705 837471334
-739095217 275459860
936053118 313046814
147868520 -867616367
286824405 530358056
-192981416 -438149191
-570789759 593628239
402051321 914910621
790916259 -501976429
118909322 157074029
162171984 -583584132
-367225188 834761556
264853535 357108222
-887206274 -869738990
-783552202 -680821980
938904631 -32192709
-591985790 25203707
-261890649 305478197
217713959 -702597086
-677990624 -39122292
-916261173 837639383
617468597 96720468
797375754 255537929
516979796 -499174731
742175661 -786746943
-349321860 221542371
-921380052 -225253502
760533226 -263398037
60087459 498330545
-32790938 -461133637
-588280551 523555758
772057405 -796427532
477439989 -853697223
65599987 234166523
-108375855 371383954
433649814 552685111
661402304 -900398807
-429805126 -647335118
182988144 908054647
-853571476 -841954371
-891221940 327555290
-394255498 -831023236
-829950046 779860166
-163313794 590808313
929976994 -802269682
-22816182 883829796
-36998279 816131418
267121195 922998206
-993031583 -446824306
-9154054 907969157
555725378 -637993622
196132669 -63544213
245143340 917072401
696023435 -636725219
188790879 -518550415
-964835872 -493804837
378030207 -46501203
-508582229 -51972627
-552144016 -487020849
-55881668 -262149386
-374831591 86240653
-536479621 -302049038
-313720295 -230840396
523589564 -407601288
110695799 -33219569
-545888636 843732105
100124245 18887465
601791570 702948760
440845442 657657516
-19764124 -368565842
-791564992 72485900
29064734 -761919871
-202191860 -270080846
-526170377 -502173350
986184165 -246995577
-490354033 358098943
-325920582 -747955528
933474527 -378381704
-994817601 -214042223
-872171661 -85610439
-921818551 483183027
-690505177 408871377
950325007 -434809452
-936969015 -546175826
-643608797 -641469797
-245452413 275628078
-628117484 -764029689
931440825 -827810512
-463751417 34263428
-284235957 95019191
653312028 -286668773
-299659493 241988608
-79448118 655042127
-284688121 -786385558
-356399540 589761675
751239777 834090169
-52469829 -645568636
-154986123 -728911400
400148248 851719941
405161248 -837182534
445704470 159998077
-252808037 -946951803
-651687206 -455497384
782564487 674089012
-535475491 12459138
-611925264 -877616268
-509573254 917953545
245388298 618567782
650027484 -789549819
857767238 -213630124
186465840 -575011265
701792599 -833376416
-527455868 -553308171
-795529950 529820381
817761661 -835747080
-633209140 -914403608
415330134 391954477
-886104146 807053440
-274817603 -941113749
-286315380 160397832
308043736 -761777599
296868214 591278143
-144167030 99978194
791073827 972521583
460139845 920710758
823728799 -123316030
-249146351 -934855206
-637562958 31057675
-665266413 -379181427
649645136 -366180637
-399729236 -370080677
-7606899 -856323615
-660492767 291249763
125712018 565010015
-614596627 17573491
-307599536 401794223
993941656 -900722110
983348038 -629069428
16763012 -268640738
-709306052 498109384
592503909 -120321031
801661828 278855144
740680438 18071865
433966067 -247009953
345465791 748652072
-993638204 -44253544
-222774030 219745086
606263933 315847742
-519020186 155673564
-70425877 -319950714
572281223 299961919
305433129 86730113
-562831614 892294419
798966530 8886710
469190041 -669645108
614893625 -754140069
-520393357 -23946783
912403861 63786408
900568593 -554817071
-286347850 -237366511
-964371408 -149247387
-369235089 -639218750
-202376217 -830366396
567588298 826322803
127511449 410156173
29358102 -858724888
934647326 -307462082
-860388487 -224194698
65768239 -917506680
259071411 -963109155
2314845 -536342816
-551375419 -486285069
-995470272 -943753523
200152934 218277222
-400807077 711888027
595486226 336155215
604772297 154507221
844292361 145136730
866044947 -436671462
685719708 -61631285
404755388 66191733
-395917953 -178061656
-949154373 -598687746
-7902308 -357642749
-639928493 631740322
151180720 -515253633
471555888 651339711
796627740 -62832353
343823761 -138823540
570050603 -296206633
144187063 496495409
-921205380 -662952756
-101512537 -987256683
-295396143 -69202143
-452293239 108286203
-326344974 486823969
747931410 -6010670
612482378 682307610
581653848 884929189
-960742001 -781610822
866724271 354218711
566825976 767618438
-898643366 519681949
-408268794 -598231379
854643338 660231283
319021797 -25691959
-89670533 -726158465
843720144 451047427
-41160827 806399896
-238415586 638001495
-580079396 -986416499
-760903301 24529862
569376181 417387443
835796579 119170860
-80205434 -513088336
581166890 -533941242
373897836 883388978
133755355 435733875
-971956376 324566026
61101420 379878800
-236099011 -666690995
-23301788 -207192882
391499534 -693951713
431443745 -164931446
165201237 98738284
458017866 -327015857
-52835271 323842321
-567423381 598198804
-266250671 -401312601
455067043 304209241
428914028 -833631255
-4955803 -556628146
335926454 -463287033
329142225 888799028
-266626723 -255897910
414597829 -883451753
-779417548 -931182520
-219238030 212602685
-253704530 56696837
441790376 -9934158
614237383 468047653
-143582197 309258848
869820809 610914621
160323446 -860890362
-759354294 -291886448
250514603 -247806658
685434352 -292677085
-831514310 813788584
-394974468 209918324
-6172929 823353423
626709118 171463223
829332286 385745066
509536379 -917810099
-795205583 31512869
-244537040 -974311859
371609594 301276357
-205797160 -187141945
-441248360 273344881
502218878 278047977
-691478046 -195135210
-632852855 -2504137
705283375 -235282296
379889855 111114890
-795704689 -506332555
14264393 -429902557
-69595178 -282551751
-4301290 -866069278
516383963 907746385
-206712627 -682188940
-345281892 -473652201
-442064189 -213008621
288180540 837715801
-117874696 -742478472
832313470 683320776
-338364354 -445184087
-154887572 441770334
120125071 359335344
558279643 874393855
90741545 572553100
249004188 326996476
839778141 -663571764
-444425991 -347354443
-991170849 -274648226
-176759130 -475547848
-134360777 315766230
614883432 -201460602
-359006710 785086365
684450643 958116486
716324825 506320505
493858500 -491399279
-591405643 -679451050
25644930 816526322
-980505820 170531673
-58234444 440992993
169687311 463534358
-290006107 -161373581
-403673264 -269192043
498472060 298497649
270594404 823469359
-349840076 75669174
-252823169 -321850990
161010013 726746959
58610233 -38786534
-505851521 -834668423
885336908 -226615423
-478352014 -480097797
198219965 212078137
-903257984 -434414456
281046481 55950834
588150361 -617074037
604180957 925161056
-509565213 905923434
-97353128 -59544506
-297260933 -880173674
-27163064 -786952958
-680674691 350196417
-207014527 -229540955
-457467930 -318014207
-596584523 530532786
342714545 283469757
-949674345 584779854
896863724 4186538
-558345067 186360745
147149250 715484690
-125522019 801078704
988294345 -266044997
-214329012 -765367154
-830481416 426430606
584463956 711682664
49047247 532475200
-359446983 70086371
-212409812 -633832870
-545694257 356263825
-234571400 252943227
627423521 -964334628
-417376387 179886175
369498894 -896730627
-406597588 -232779257
30625542 536368389
342065543 -136942449
916290172 -60672792
-927978569 814046075
-774403896 -136165153
97481891 593815297
935987459 -988060673
140084576 -723972045
521627195 -442692339
730648936 -744979579
-895642400 -55179637
-849713155 -496962963
789977392 -12903643
-100236604 -114864797
599453456 -223684770
-60599085 -691069778
309251891 627879719
968611745 -247200544
767679056 -756188571
187552628 -532259670
362086742 -479695121
-106890716 -881881176
766956336 -169288763
46818335 653989616
147640927 -425827414
837573424 125861662
-922286563 -113321000
-904893773 162074783
-33403373 158085557
-170654551 -73235792
-278546324 803140487
-71845971 -375562669
-626472888 -775893419
-96105099 229182204
-13057961 -671579997
-717969215 595156840
-261108185 498774081
-573330384 -105326483
-922212550 367037719
231144405 856243605
562008089 910412258
706983141 -510919178
475449913 -454819104
623976617 -938468192
590278682 -193096006
-26364095 -702306983
580573885 -453301085
-166475643 738640983
131247364 -998147625
497756267 488992362
131677705 495695574
-786886406 -117691352
867695394 29300483
178519505 -200914243
-389637551 781745762
-659096293 747312293
1428223 221505152
991296960 345396763
-235985180 356604606
-909538686 -380817171
868320139 -360841514
236830448 -17975140
-392920879 -40784914
-229617318 -319942810
-701536765 -282694199
756695726 -871711766
-375691307 798022348
193863122 -897909770
-668431296 -983141657
-420538248 457126159
-244876217 -214262323
-759719504 -1790228
-958491934 -984404106
-210742483 481974563
-489304589 -322056690
-988081541 656914041
551628796 808389629
327499962 -440310867
-238136887 104469783
-308153038 -532768793
-862329841 924420285
604179913 649151523
412752372 -108028425
657672559 550615438
-330290681 -184629510
865897202 92936081
893813923 875900248
-300198986 510985749
790269023 -163702030
-870628270 -184491441
-590512051 -632430364
-280245940 440008300
-166060370 962253208
-622960310 -643601307
-752738601 825499456
-398942194 893060515
-182223358 586416499
891775002 122360031
226701039 340233724
114075094 402087571
455356613 138273961
-261326629 211872044
125390238 -830955646
-314113595 838155432
-375988034 61998088
-532507703 -662541995
-729128793 -112897561
-758238214 173475350
189220301 -671888114
-227922594 -226119098
-616973762 -434454733
307977730 -917444612
-163427351 -940412943
896861929 328021697
323048791 7158211
-650443667 -319587782
-48026352 990276500
1000000000 -1000000000
-92716853 -471865358
-99805056 -210141844
-1000000000 0
168684552 487311639
-689317728 366405580
-277570282 778506221
-669586369 130331221
-534505411 34646314
321684998 -711851917
103494297 -47767903
25614131 -959103684
-923778032 -970094655
-25318180 980417750
833735473 799818731
0 0
1000000000 1000000000
413609377 396679494
937276707 -390032145
-457146544 472352992
829643844 692740740
-376336706 630252807
-730250064 -342373507
77015398 128473730
560681865 221231665
-954314068 786470981
778854838 853994227
58558832 -906610804
237310662 496864694
-108592356 976786946
-780304176 -689831443
-258050106 -116862589
455804134 799388874
-347937058 -863758699
716149414 863737491
-719386760 680404258
-509507538 729825348
953082383 215340794
897213110 -127341366
610191895 17977376
-605461757 -825340701
-716163514 24127175
763761050 950835910
425402274 -765019927
947333179 -221188568
321092079 356217455
70183713 -379398356
-873412881 -268843274
162352516 -812687766
689301000 727202391
605852987 753359674
600588856 500031354
-318831931 128284392
973352198 -611938468
813947780 616954249
-792146429 -867967652
-74587098 29263105
814652005 -118011112
443484868 -441137621
623432685 475653164
-515415435 125237440
-33145444 -391715163
-468766666 656507554
-29170313 -971909112
-433799177 804719988
-512481434 -942013724
618585046 117357067
-121280509 62346966
-297904702 -968265657
211723870 -684941501
389761535 835913953
460376568 503308155
158440163 986895259
-45857910 968523158
-522061211 798781785
951834810 426724853
920186645 -134367971
863337467 102341482
-911375131 501732517
549533652 699354485
-371262230 665454272
76972975 -754205103
-196305187 679887777
-803064611 318276600
912342111 932980454
-696257613 -640064500
-770142370 318856933
258247594 689782996
-847075298 -6862523
37193941 880778496
-762444306 555402615
-102969051 -764117193
-829527249 -284647098
-527396161 654376401
-960729033 342907791
-1000000000 1000000000
-599166727 -112150337
-625443592 384412245
-389164350 -284653068
799863563 631452888
-650797193 -194337439
-563419633 397064760
-238927834 436420815
-825438365 -958324723
-818314964 516670714
38384805 555740593
657853085 -718035418
-276097762 404583454
258729533 -920651568
-378670598 238248016
113962167 607562542
-470545894 459764709
784117980 945932555
627453390 -806310834
1000000000 0
-945083525 127948466
-122741058 455198414
839531776 -482706729
-256985906 543756981
-750484951 498740390
464484918 -88635590
-932247904 -663810562
-818477212 987908592
-557705710 -633429428
-279744928 -226285662
-344732404 740340847
272535793 643862866
156797734 -973259345
-640695068 -969054758
619718667 -670062273
492260433 -671587697
698419942 172977217
827805299 314516208
44678909 -629289193
-540573897 -18697488
-799685958 -593045774
609422600 885843389
361061501 156610513
-418432901 862033572
-615045830 22396703
297079971 1717854
-101061618 36176992
213280826 -229344619
-582203125 830647192
20814415 -95240688
600537504 -225541591
659346741 -607197048
294591935 127547924
-942751313 -82411041
629729443 -683886542
490232129 341520938
-276312815 170083737
245294327 906938782
907796662 402752686
481661645 770513497
276964881 -811617091
-567238813 22962728
-395871533 -807676987
339393188 476360547
-161308336 725641417
-399080349 519016431
98889862 79078968
627484446 392371081
722760917 -70560555
-3622137 -634145602
-26320761 607104552
9531528 -455094992
-22067842 839634571
471010394 400703455
757499070 668686098
-639542812 486026756
124275853 -724661894
-376150212 513979484
166545537 -790462978
-248306752 645163116
-697033395 492384621
-88885021 40929581
647672465 -664508986
380208003 -770294435
-294699076 331834017
-752730696 836247991
-582182663 -224275702
-634315325 550725012
501671199 -580518327
513616588 650149172
697704893 -97492849
-268214813 702663059
140385589 -685382132
-750355013 -368799641
-554161374 -368490969
-889621705 597900275
106472172 -814097418
-385990679 544640280
619863153 -734819050
-38681979 -601233793
-290151452 -669924449
947092859 -242016272
-742275789 -483612312
818598026 174493350
-394415269 641089341
811874694 -290191863
560599734 803320284
44460853 -575061986
-891134394 -886881708
300204693 -916252586
165073824 -282940879
694113355 102834367
-729688650 -20027218
-868564982 264617722
331206533 329789356
-430979877 -835428036
8893087 181042803
-791505132 64898663
-170681590 252442802
-234799665 -467348275
134516313 -448703735
507204965 -106333614
-788792511 684928526
-143585378 -238703606
-89777344 -245973797
-615610784 278283333
-155046417 897143743
186062418 -575830
33493662 317126594
82735133 -465415846
492480732 687184969
-826813593 -422076018
445416234 949793932
638475821 -328962835
281859495 152094015
-227637369 -383965406
-818847827 458673676
193719554 454197359
834430983 706272154
694306142 -369352965
-865918713 41678
792181533 468609206
-829454384 -928162080
58852455 -424655045
-719029153 -62180667
-912927517 119824690
775094896 -349045715
-137964167 602512384
222791845 654737498
764358795 -159820083
821014630 -535522667
674658567 456757376
-66881527 -715046465
-14925847 711472458
-810455845 54921216
669157204 -7425693
721124498 -128313821
596955059 669343817
724972410 180275893
659190277 497983487
594509297 -853604204
-852194344 -425689501
-600460936 -409425020
-206078244 663104890
-345968057 831940564
-520689018 760064808
517188008 -908245448
0 -1000000000
-663577939 -171534987
463563812 803068971
824771368 985435585
931152652 -785445153
470204972 -48124715
405446451 436594829
233951567 -531645845
650994376 415893716
284627979 390985111
-881251238 412305341
955486285 626147118
655102320 395368734
-677758147 -386026709
8581324 -833185495
16155329 281518885
29006564 697004835
0 1000000000
-617040176 -409718749
-609374815 -378420204
775787592 575894819
-618508783 44498253
-91505554 -20629096
219626087 870365872
1953495 -338053706
48616686 -271688926
-624698810 256852441
839696200 155219180
-404710301 -834133232
-400642790 -126306793
-273673078 279188197
-176684794 -674578372
728277802 231894223
691192907 -191868305
797594521 -502698112
-571690382 718780840
117479617 -983079923
904318703 -386989054
-586232860 798195429
318684384 214361464
899500328 -215056686
37026126 394175005
6999222 -367645535
800632575 -692597033
-155285583 129033636
-768058944 362660990
-778165064 236782473
754393862 -815488173
713491882 773909978
379431430 438543414
-206651441 146167113
-961849907 450309075
930698809 -631578198
611134371 192160119
-349364386 -494930857
297610220 -373760729
911140181 549262832
670936198 -319935178
370125207 392559213
452148171 -850498187
-272637571 844825491
-315275952 322308110
430090304 795082095
-665575190 536008553
-276164048 -298461276
-190925938 244236917
-617443701 -932429437
679301629 -65803026
444553606 763463940
82237138 24942463
-212973004 -474116066
779660297 153321828
818409956 -789691995
481138929 -772803193
618738408 -100304723
836050622 259022548
-332450294 -492034654
-213401173 -919563952
782905873 -382711834
-946696863 -527830504
-307621936 -421132852
-1000000000 -1000000000
687960511 -495988618
-854289641 350054700
-280747853 -764810133
778640431 -255831371
762744585 -142363421
-76583272 881030258
-56524157 942549756
-276668664 558479685
376129425 960424170
-729128780 -12028238
-816473577 967498910
-206450913 137207031
410588370 305878230
457219515 10946980
-595617444 577343000
-791455456 440632014
541838340 -851805366
-235682842 -971306221
-751961441 -493172953
289640888 -391234497
-79656391 -80372832
-525238174 -512003179
-946560743 -184437145
-464759514 -266535628
980722357 622270514
-725351695 -838763538
591435573 -967688301
655581227 -336275981
861224574 -400936157
198152617 -117296128
-922784499 272295105
-640085902 -59563184
-603921173 -820414130
853741906 -185593600
-96900206 -460379399
591151667 -633727487
-591485977 -814236996
-485697666 469778600
418448440 -744640129
-658383688 -620299637
697320969 -812373188
492263716 213105916
168440179 -286850362
464503378 641152234
744916530 -969568759
-608006655 -463538278
249318468 -728166038
-471503038 457266986
