500 500 81
206580046 134047298
-427778766 466093599
-22036603 -379577430
-424239741 254556669
784782806 224166348
884671106 -983006421
-351956966 -336961309
-354193877 -749463345
-324116521 -448498195
-213324401 495343715
-902406237 482217448
-335066351 676938165
-545768594 -621327963
269635892 -965299205
-487312248 -515993858
955767550 640051745
467143313 -286112998
-412366208 -920447353
260834905 651945605
-183881956 278079270
-346734021 -820516454
319344181 -100660927
510605329 660522464
-333463815 -900916104
-107103107 975805867
38579579 -127536458
-59446990 800393528
-912058526 -81179399
701033163 798144698
-193429707 379284361
683753048 -461794579
508261832 -258538653
628186607 -48453892
-623598673 738530548
146161676 882957941
47166843 -799827743
72561793 74896014
44978627 -642656148
597594312 830964647
-950099728 -636583296
981251690 -735823533
160533969 68079157
-827198035 -697382947
267920453 446114170
23521253 495273206
400186944 -454850437
-774870250 -297896868
-941593175 784637057
-734584441 -244544288
586628127 782833582
-161986548 -918585326
421524067 180493768
-933508673 -676574930
31426721 533947243
256387479 -306687250
-605927162 114827302
-144374421 -395619410
299419438 -735473728
-588604382 -241849283
-77171518 -573473781
59961016 209352980
-406762649 -988199984
343074082 996833577
-199553935 332556514
-600113635 -609430620
-77991232 419054099
-838501974 256512239
-376743032 80985094
-763710229 -342292113
511077611 -300083678
554933910 -683681407
-98915084 -115946654
306038536 868525068
-561285432 -654448841
-566555916 618515668
-758380268 -357544838
648312299 -512244588
-832335522 837486922
-466510366 -235714689
-732001670 -488851551
-959033317 872537883
-757789053 -901799212
261729220 114384411
-618199160 -88279463
-548768959 716495806
-189981371 205594572
234782327 87059802
176620674 -569426053
637628885 -373651750
-117565171 -7569629
-250340649 -4223240
548428928 784447552
-247947025 494593263
648277979 463145795
-275977783 -496307927
-618495795 878709664
-193881900 531684156
-741012423 -725223256
-863916102 169648072
-273045659 -651566895
-345094408 483633695
466205956 617146218
-739807754 -618356534
315173205 762493820
975105074 383871875
91504470 -98947489
296613905 311174582
538752384 757227404
615360443 -811941043
252279277 -482807873
-360113734 -851426768
-717397916 -157518302
-646082702 -824891557
-17129437 223372172
749324408 -180687303
655581230 198727395
-703692485 574340245
600527993 201668567
-753201826 -114962155
-665502405 959945239
-371708892 25106302
815134775 -679136063
-566280391 -979002931
716346086 109295432
-306562259 941519392
123704579 147849206
674496437 627710589
62943456 280185919
-41183800 436199577
972520914 656528194
-499054381 474856048
446241076 308141421
199176404 47625258
-614526322 -383628783
246073453 500754838
894663445 272941496
-316132789 852561250
-401992464 804712337
-800960080 -49876922
88106008 -152836156
-714066433 106282536
-715421196 387663190
263884688 -150861943
-367965462 -95671525
187001692 -426673625
-309751667 -519569759
325125582 -882966109
-753142140 143182994
-778265401 -448222993
-422865080 -495672841
-197183496 452286845
-907076937 -354521805
-645688956 -25983712
447569964 229327472
318930775 -232515404
184487469 -500013635
-939966285 -947140693
828203165 -428625261
-283798336 -621143586
147684042 954492259
-934956137 -783739622
-253836043 -887263152
934702171 410765664
710497053 -170210092
85495035 -597645524
-435042617 537722228
763735776 352703962
728344146 -373800902
720224662 -523782101
-757867979 -663182189
892836039 -120547826
822007835 -217704846
-595415114 -499168717
292664245 97904494
-165511040 -604146541
239707970 -527682511
141532980 68792638
-790246244 -83944886
-476147591 -484835791
760270456 145589506
-686579293 -449023565
489759521 -666342924
412013218 593232556
12890876 439327161
42470462 220670607
-336714266 -223037757
396294583 -854762385
-143610144 -374305874
-429395254 -642484491
12142228 -241028383
-154686547 -241917673
422008350 -611711305
-240880171 -734685511
254756443 -845951297
81317750 831529739
579439436 678302820
-634656983 -968505378
41326152 -936432714
-759450267 321984972
-395663490 -633167934
173685753 33158605
-583296792 -379828323
404880734 -55654143
383199684 -498308849
153500265 -29699558
-400352952 -448149402
778689710 725600372
-2944800 -167705830
304114230 -303629307
963656657 783427403
902070547 91016897
-600288512 609618066
123468938 22382567
-79841581 -825076724
-867932672 287591146
-779336515 985612383
77921617 -886915210
113183390 -594758316
-801469050 430912168
133453090 795334086
-762050281 -96102366
-549881555 -674662535
97479893 -380776024
15251042 -699931790
-6227830 5386790
75228094 138664940
-147208493 186510593
12113737 -227314414
-8637018 -417633296
900806405 -360940285
351015504 704236665
394517313 -789281331
84722858 525798566
498761540 -541715561
-667734207 5498014
114756489 474182588
-139910322 703816940
-680113739 699264205
-349516872 -874227450
905723824 308163850
-755414282 -449578157
494415737 -533637296
418066347 799968166
-702988515 -695086367
72585379 222489941
-780802629 646041655
245712883 -164949644
613504173 -837627313
927223405 274242750
965519880 97800386
-939319237 144328543
-171440751 200425398
88279740 691893801
-273211184 301744167
-711663771 -692366025
596310991 -48979457
575552894 -245169051
267616471 961581586
-976854936 -27500048
566343362 -412985970
-670639693 -911209339
772323884 289331372
-388624148 568457132
980422595 667163872
-457293322 -487683365
-332888847 158646047
51400752 -435445490
41984128 832768484
364326221 -36637420
-36891986 186885152
817483171 -843925454
912344388 138594463
-416850195 142158701
-327358971 148277062
-749158855 -278181175
774847873 520579336
-88381425 -532769622
-835102797 -937141126
-905806158 -238600052
120518463 893708552
361129061 581219469
571808290 -101571390
16588099 838642403
-305336114 3107999
-228824645 108881416
-348133804 -490599565
14020432 160119633
916929385 614694894
465285172 -261664982
161886588 220267349
-38189120 528620112
-138679922 27733827
-961886548 89322091
-143481472 -697398586
862799537 159004092
-774534109 836724186
826709717 865580414
874584725 -207232379
845840849 2579081
-826057720 -504416731
790884542 -516812756
-920478105 -984350852
130267050 925094793
-184672524 664596638
678861987 -139202323
-800329836 -208092109
-978712855 564181995
-112799837 -277070817
-166763229 823275107
-76961217 906609653
576415513 -782420889
-533404137 979799103
-471739194 -234759807
-38618184 805082828
574377397 -472042644
-524720813 -504801791
41171617 881758189
-980140090 -919517301
-330955269 769505252
107829679 -382436574
354517779 -109558478
-504111826 188525753
-432908102 -3793761
-758641979 753905056
758228787 411938488
487249734 -994077227
835667462 38309748
342989411 -442998975
259978297 625285983
-279941419 -507697560
843395960 720163804
279009103 -707013713
370565085 156137422
729628786 -111439542
-28303412 699633940
-731233967 -850074915
-432794312 220972590
527451366 -780914727
-72516639 493375904
-26536945 172953356
-658529029 895338959
86194298 813178452
-396265920 961494732
817686348 -239862044
-235480230 -721833436
-952716740 490979604
659154760 -966577166
-297208746 -23407257
-547502350 -350970151
-445872013 248266305
-266837712 -76193647
90650394 -138025302
-768546756 -90433688
-369072006 906675632
-203340998 -156556589
-270604981 247020778
-841543664 -749298672
-792116668 -475299777
-738998629 941942548
-23100519 955738579
800078865 743916718
-929695916 -746553306
-575998013 -721645214
-972259483 784363065
51883390 -901537111
451601483 -8177295
113324908 656398914
625141767 346100063
-518038383 669008682
-752743355 -69723275
391960842 -678003313
48902071 -447048067
216428149 -746089849
-170774133 -461536018
-854280743 259620293
-667420460 644982671
-379047863 -874449783
993083390 8386867
-522958150 -455382297
865536585 438137363
751525430 -686524538
212463069 516919735
583985115 951797534
-281376515 10889600
-189474861 -739867291
-133522131 422028562
-290005243 -679518463
-211668000 -496666434
538479027 888534608
631705767 247679014
-693218965 -728627807
473819972 699563513
-84799908 -232232487
-94015024 -687648202
-797090118 610772974
-291414388 -845913957
-336321057 76858192
366206644 574590564
336776084 275240416
-122371980 -920154102
67796288 654123855
33598840 528088374
-818670079 -382858351
-575072776 15241675
-473617309 142659748
492690194 721954230
-708601834 971399455
550806965 19568786
-24687511 -514361388
810159299 525750980
9354850 235732546
-205011775 -655844448
-540737677 105149920
71605586 -180435794
897141726 -792314159
984013536 762513405
-825938305 -748439709
-298556180 -92451777
765215298 227281410
242215232 -504939354
551894979 660981261
779693371 249596991
761626576 -113311267
-10876007 -654281207
-754454577 -427685647
805669195 -953395723
-591418668 -928438240
-718430034 996468703
-752721667 -9808174
350360178 158571556
695520599 -753923785
640133906 771375235
821033253 -182704524
-740914089 308019191
165668005 -577177670
18480181 -807494246
-513154157 942366809
24563330 673128124
-64038120 941738020
-490639138 92580768
-80450399 -115184295
6266480 358302687
451031528 480261955
-666123798 548761164
215481362 -834916511
-251443815 -600863005
-632920295 737769315
831236956 -375594511
-738266449 201977896
337429173 530131779
-787048105 -34987030
585707164 131495548
332585704 -967838725
-211333586 -502674230
827407468 -5619765
764527045 -129923257
-473887532 -313631920
-867189338 -290995061
-521602699 468412651
273342515 -236171083
-678273662 382687500
601306792 262250567
848617916 628577496
-585791842 -764431456
291998081 -236907538
-560235375 12842915
722599610 31989784
-875067134 393714030
-849485530 31023671
-707314435 -374263632
-342821028 513210829
325508392 -653966166
-382591213 -409428244
-476141084 164455711
483167199 14565759
-296889365 511944788
774079 -558928432
199865664 -378495759
-512483051 276418449
147091318 -271528836
53446079 99549062
-233554667 742722653
-156699692 53595201
742424010 -441554734
747153347 -845936688
75390359 200543884
640380808 550842657
309672142 -39381416
-904558549 -146873368
-17891073 -459859039
130831083 833308716
48922214 -207630387
-669410358 566828525
-238335332 261295743
258776298 543644982
-234742261 820941312
252287702 -26952039
921718137 240615171
-15863440 -911016579
755027983 142697948
362708668 790861060
-537898929 501553139
118027643 851487953
370276231 552392779
379267263 474655609
616879907 882660024
523067918 861230469
912073400 406452276
339746116 425194987
668057207 438158696
-731384669 263153707
321844687 -214716061
-981862051 -969185437
177836764 -924607498
491665565 917083382
376549262 967204345
-780561082 550535885
-286500896 -121633007
463157222 -908754257
688607150 -803997617
626584733 -180404824
-611215976 -49377813
-867094020 -795008467
-648006172 -145881827
-38993694 -240206900
236164757 -61347260
54319999 901645387
21342572 697242982
-660569310 436410746
-711797071 311515392
928861832 66750515
-856640872 -568344003
-310641591 867454825
-505219094 946743809
-599916243 104309488
-334596807 430119768
879476851 442181984
-496743441 -892000767
-354558320 368026612
-290344888 265079091
459934706 -82033631
468023046 995962294
-324135229 936091418
-381881701 683883764
-109999300 -864908323
657990481 -229350626
257233120 514634763
918613775 -287191912
553433010 557716886
508429752 533418818
648789830 288886231
422738995 754118637
566288067 393866350
910749646 -670630893
311609107 998163092
-92886802 626924954
83161381 399094660
197546010 -179716906
90138873 -827757516
-966335806 268704531
264934704 431978483
-215151573 296032241
-603199626 307987861
-468589736 710910973
555494492 -418327497
413313031 -322543737
255553947 955060187
43570485 467312651
522314445 906105699
293989791 255514707
-391158796 707091266
886766758 -341953081
-739900018 -384821873
428469289 637020159
-318165992 -630542261
141614801 925885613
656023641 529455707
-313218987 -999599035
-71005787 -751215466
-332291507 -958699465
582825251 -513613695
361409918 35219943
473798827 203923122
-731217390 172717998
-718819664 -602465569
-367960329 876215128
938590158 -573924761
691071381 -643224859
-778394448 -453920396
-945815067 45704656
370027010 577028301
-759327467 912933779
-190522270 838321154
324178021 218139816
626705213 -501333345
858027462 -24543538
-594593931 -682089351
13538493 -316234902
763594310 995036629
-396411196 -385502694
968137400 -977267305
788829129 333247100
809169521 -67171223
849855079 494773082
-964371618 -224514792
683424204 724131031
775914112 499193494
240163622 -753724455
-797517854 153196337
543780709 760414776
-443068354 -176092149
-172395339 727028218
544720567 -337243686
308169854 -545256603
-543268012 -689908043
-870336057 -596099099
476076739 -19732455
506472570 -467141217
591336704 -466830141
-905664773 -134760703
-672933500 188722304
242700725 625923823
-722394383 -535329387
-398869107 -695342373
-878943042 -563294965
620886072 391925603
589003641 -251155131
998013275 -998060212
640521905 -642820621
892819185 313154720
-563210758 -137045467
-174606655 811596499
-467770548 -935543333
-670332035 289501747
920220851 -243211481
-943106156 -987246619
-404249293 -882580430
-287889818 893111712
909543256 -121045010
14235880 -589396406
454170465 769751530
-392862901 -343524163
-83412073 -202816726
-33890782 589022453
17912810 678853001
714006360 -668691001
476500130 -617606423
-140695895 235041714
634944312 19779214
635895410 -830773232
754616524 512713710
100261423 -361499187
213981959 -24212864
-67250992 -8383046
625506226 235670688
433732665 -525951024
-163276413 952261831
-403122430 -391064446
397019666 815032634
-263269373 269951658
28156409 -756173924
-749376299 359034290
-484544515 651412610
661912805 -384775254
657959060 -556817341
596250992 172211745
985475185 607725904
736472736 505937601
-690812751 -520341887
-188301707 538788702
673220308 -190052975
827026794 -363792365
-707505717 -454023565
-686808494 281660157
142811450 -329725231
75195716 -990357709
-127128344 -887456750
-21957795 -48956161
-257516456 -640052711
383620756 -234454537
-241479213 558844689
-741373735 -95322272
427197750 619396721
243912177 -1223003
421126498 989140830
664010886 721810360
542293817 -881012887
-804644830 -374342368
843566533 503676142
-628746175 199419230
-587311090 559595582
-249330387 932191404
-388440249 159395294
136393098 640534406
164337620 314771119
562914438 -932127827
-623213570 -403138364
661032439 703511378
-430266491 100388844
711440515 -405587487
-776873322 -747572004
-771933224 -70915971
-305900645 163384927
-172864425 -532810192
303961938 565403255
20183868 498946095
-866373748 950501614
318228197 77159487
926606083 593452839
928254659 -681370186
675831814 75520339
966349492 -545511913
-207902396 400222003
-511610915 981943359
992334570 660567620
-410253518 -392637183
-235651399 -387591514
496105169 187524813
242555466 256376476
-236827654 -692955402
-213768551 -656984571
182229883 -723846189
-804286056 -706591524
-126089261 279595194
-940615301 -616207922
140536667 -477629867
551557121 568601135
-265074545 986046300
579517977 -24324646
-399394356 -511004233
359110879 -585431428
666358074 -677681308
249147936 682637606
-8179081 815425849
-868261471 -396299655
-293443184 -779379772
-884316988 -714221473
-373687984 -216856538
-884759785 -708423697
-768394571 -932041237
-644627475 -294026236
-88395232 732914692
568642453 533703385
-628070362 -706288787
94784132 -782493743
-289533463 -813414435
229041426 972936275
535305637 649010079
-141122761 223791131
-582971112 965258504
88427925 506408939
-873709234 -182990537
978104514 850750770
383832329 -17765254
-572160813 -31709928
957530778 -181384745
549888063 -821405017
910122889 -704238146
383255794 -45174319
-110001108 -114847705
497261007 392575186
-635619010 809637258
-821940433 -787729926
-259757711 460468808
-689427561 -454718098
-510088343 -986678260
-269358983 295014540
540788856 -810569422
489476918 -750525209
299319990 988873471
-801831088 304041298
179867421 -909481423
382214999 -996575692
414213053 553968763
398303589 -671848097
634110257 -141582371
933616068 152029700
321611703 187313120
701999250 515591660
-507803545 -128041536
-373589990 142391176
361685338 -776464277
773136051 535096703
-378576739 936195036
-967346833 601515433
4908736 608681310
-894160711 -351748676
-397437610 -709853270
50603753 118461615
-588916778 157229567
-271748745 913541748
85677526 -751917924
570439347 -23130404
-104435447 -441111925
-915796009 -424102644
-614670644 -1587236
-853427304 325073039
799030971 357003813
-162940018 379416807
-604424260 434096990
-943475375 623655891
647624940 -296432075
-100435362 -688436863
171729193 -566829513
320192958 922625779
56098164 762795555
-33929726 -99868484
375501544 -336015616
513255811 144008725
237115432 690586874
-304480422 -441124724
-824083507 -234952123
951175054 314648404
-789009913 573708489
389691045 521192087
70819857 833145356
971125033 621864770
-139594756 -20837995
-904416296 -436862536
663878616 181579896
428992383 472127352
416918367 230499012
261622003 -226188627
555488929 -962314336
683276478 -772727896
441879678 -450589339
-854516109 -491931466
553450194 863115682
-313680133 -853248750
-730515507 698935747
859385314 643819685
214285507 -214025218
-323489862 -370408353
-64314205 -326344998
-442263030 238228507
-612034271 -676341694
-669035904 -777176339
831017540 -980061804
-850562825 -699980386
-193513903 -657483776
-360644848 165616855
387963369 297137959
-204627328 898000693
40876647 642036893
-119837828 752707619
-500491278 81467929
150799937 -407643368
172408609 -327625277
271499751 60568059
-742456718 661838582
707792404 981353557
-305738868 861139412
842494975 385226579
-317373262 -272986008
292947338 867703476
320136566 -327937576
86429120 761843799
410048706 -642004462
835337160 537649652
585540345 -907906276
-842809993 -702085982
96076973 860693855
654563984 -999841737
-819617933 -263903353
-264717234 -439036569
-494123284 343643752
-704009530 761929073
-787816111 633789738
-673481500 -37053696
603813396 826231188
-657542735 -648514737
722190051 743548405
-221122859 -370738251
-928258390 -680638820
14533227 173232426
-230001374 544206144
-621438051 -171659474
-726452263 -446037740
161563513 187483988
-845209054 -432625652
-755598757 694977686
-158139775 -156964434
-509339380 846276859
-231485828 904137716
-462011144 -213318414
699813783 -674686287
894417045 -352100804
786995411 -177092656
127001999 -741470044
-673469604 12953154
611349721 -208926380
-638048460 113121930
428251907 -286525801
730232602 -579546252
531951287 724738773
-787054119 -659591945
68329847 388939692
-603277024 -261243770
936866251 -590152744
822458530 498360321
353527650 -970675241
-107946123 576880238
791379869 195928778
-420418161 928839344
232642086 77549585
-399714030 -65940776
-852300699 900119074
284337169 -732122481
189203585 -989719180
967145210 235654810
990293164 844151381
-512122685 -241860122
-443512405 -37321417
240433812 -417566939
-830356852 -454599504
-820619425 -754730608
9429840 -326934558
434469850 179716535
-621819879 713073304
-552434306 -328776621
-83687169 539305559
-799738573 997431157
-389614850 427418997
-323133242 154537363
-924366036 941434343
762869293 -651950927
309291720 303499320
227394702 -130180019
32384303 -234946142
-524890835 385424462
859026352 -365832367
-29497195 -844363428
-936027447 -367243420
433268731 810188828
-98767292 704905273
999181247 -975535745
-984364140 892076138
-275049506 -66633775
437542986 850716019
-989151188 -124968086
889189474 281806788
698171762 -573058658
-488102677 -431655398
740086170 650753680
443694910 748905218
-251315835 972018780
311016733 933674330
586114712 -149193080
774745782 703016085
-778694827 -493594549
-63844694 468835025
-614336681 222339041
712105547 862482665
-149200136 -935889657
873850621 397319112
627414878 -457000447
122756607 -84138577
-34288576 -371038700
-506650868 -783523942
-721336881 -710450477
953313933 -809352205
660767254 -610730663
-414771232 109687938
719620096 892136450
685917203 804311653
-214252605 -163684678
-158014718 -10432999
-424498674 -285367166
-950680374 820506365
-201276132 -358783187
750090944 728998107
358853866 -513474253
-722638744 95833034
-963428704 -597106117
-448853669 -331167507
220119135 -589159411
175068884 694441844
236419808 955089627
-306849536 -517294363
-936979366 330950427
868711463 -210343170
-788305550 193276409
-935759003 998567361
660718301 876368789
720260493 -309253644
-67283639 -993125046
-991710659 303910499
-686458063 -943329340
-836479510 -802998117
-54278860 339743594
-12448127 -963405341
-16407470 -414519811
597094544 461083989
-988166418 773524375
-268557099 -551950043
-23775691 -823055186
905288177 -2514570
545007359 -526467885
734964225 -522456610
976519894 720721566
