2 500 46
-403094522 914929192
320656252 -843577464
586600018 642224251
-794800672 841965120
808257851 -869708616
-876762250 -844243852
412194069 -338347112
-173741653 -792568559
399831618 -345749797
910054388 -498157999
-565130894 -50068333
860559597 -840842373
311687063 -961147442
41929748 -51152640
745414184 43380198
-755617666 -216452297
747698854 301841633
732225926 -72735626
577788834 803662158
708167195 -905843706
373163229 590895321
161237728 -165019600
447538238 -938086462
-520025566 929519167
-205765576 -57644362
795884500 865506525
307466689 832276673
-892808141 893325558
925212044 -525404433
-714567124 866832426
764053299 586615435
995962052 321696650
-901366516 18519119
418237494 -433859651
-620534109 801317569
110950612 -236083393
-743136911 -495293315
-309431730 322036975
-545531235 830738504
-913721891 696957734
402361382 442379
285953555 -31264162
974041249 -899449438
729585171 901090793
242112875 -822819381
-25109138 30943173
687166231 -935151462
817705735 137916421
-757588462 -219689190
945618017 -486514743
-186953839 520482217
881363436 -943321161
-65540063 171097435
-653399528 -885018975
-701831795 -666959200
-458048368 -56065897
-766804022 159451266
470650269 -648685023
-813335683 -21824562
570020861 11336839
300617455 159480208
-533949134 743255071
-318276650 985254526
-274283065 -664514984
-431015719 -150721709
223301532 -84518776
-207665264 27330345
-107936407 -936604232
-152292412 497248682
700786527 -869185738
-969087324 -569222381
-885301368 260417866
-259715639 662255938
144875678 531300227
47743265 -604915285
-347745792 497018351
-642761367 814501349
-781824548 -179987884
-926093971 14623397
-301157803 -173578048
-169915788 -357251477
-66474399 294025338
598454936 989860055
200044037 321914240
-467250134 249815579
-383005472 -358470624
-109060786 -969250290
-685564411 -638803555
-816459274 754295082
524913179 267387501
226657775 -736796650
-440131916 712819715
-760592629 779102945
-798934152 -518876403
-96489352 -978320775
-121068927 405842914
239819508 107164107
141350228 -827761014
500336546 668648823
960103483 627545268
-968236387 -934649882
-168892540 897956312
178669710 -61652091
-335038240 -395642726
252042554 -401903011
-117645021 -212892450
-44862054 884995556
656196658 -247449726
-544464533 -285454703
-746085507 628715002
-513705294 -194049728
-264441811 -456346089
733432149 781076389
-107862262 -685535283
262494361 -339232686
-48641995 -278025627
734731145 363759251
-201082911 -438661427
-371638336 624919028
171039199 996867005
490205575 -504466895
645429169 597000505
-578123299 309638759
999340008 -557438868
-380712251 112990390
-917302409 -418166624
812225756 27177023
182027006 221130420
-809260303 -377554423
-472779949 -841916044
920836561 752821471
988637432 281339501
-629514612 516876658
-936310594 836433806
971607059 583320657
417769510 -361097841
-350209124 -400999766
-775952191 -679136905
675277431 -195904330
675543155 177882107
133142060 178436039
-60375458 254592774
-504838601 -503426227
-447229549 -414424302
620999757 74254914
752293076 -521718471
139735699 342588744
-11118814 690240660
-233380572 18990533
-381623545 24951483
-788206651 -639351080
-44875552 -833193785
313984525 989678080
762280493 546539299
-986690525 -60371097
629972135 85698835
72256278 -130226254
792872489 -692201005
-159626905 994232249
-931944386 9079637
-530813609 871002829
48394338 -548546376
860015589 171307276
819149063 -120999339
-136411847 42318469
900485063 775635169
864015487 -442637090
-667335692 923636435
413938447 231967563
281973031 552138396
-413538145 359827319
306858045 -398864178
-869609386 856269108
-60590050 855570761
782597100 -437976478
-663626018 -600125179
-306037797 499820673
457219607 19566120
-416852288 -946997559
810142965 -989303591
472669729 -372022501
724108720 828332494
267971435 -841176618
-918133089 -499311123
-51815557 -190950793
-153381122 -379215412
-256523474 728086711
-867390323 87267468
696170184 -211667813
-853324199 -877682821
-351270863 -659744740
934603555 -586605431
974860948 265844079
-107831012 -637242463
-858428307 118752656
127742737 813590885
475745789 53388818
419368955 694724344
-357080787 200781718
218617400 344057500
631342535 -33140286
305816434 270778247
-463647354 787712612
-958518275 701774839
902196486 -192930565
379328603 246974585
-564514240 825993085
612666192 -670782794
-578723646 245642208
-37282296 -542852793
244122023 426867887
-474945029 621854720
607761807 828995561
-335830803 77096250
-207376984 716952805
287323323 454017575
-637929111 -593801064
-167886770 349944416
793757017 42141227
936126064 761739974
703302415 -43171178
703361482 -598912754
192586360 -372911843
252802734 -587795251
-615782768 -527021970
-614093373 -420828113
-66780068 442615631
-573651223 -513832036
-172195678 -213741649
-316909032 148182592
-839566369 862576162
964780013 140680660
903860940 -531203545
524619932 485642896
-550996124 -531677425
-199773305 -882124375
734548926 -396831192
-724385919 -795640313
398212447 178702188
-816326918 717845338
-601637867 115351341
-164579168 -613017635
-128810455 -467810053
-259662902 556142046
369604351 325305742
392139030 243026368
-996658092 170717226
-71580328 -244475968
492465332 -995167318
554333746 -981271157
-746690720 128508503
774716155 -192874529
388231486 991736339
437962820 98622890
-919254226 285409537
-387427145 522791249
-357207963 -370560121
94581351 -204796425
-517101295 733330237
-836481120 828782004
985367592 -338213725
-317626712 647302683
355272309 678971006
354712101 -758140137
596804719 900074686
-259381890 796124659
846014429 666672282
-190618845 -122017015
-312848458 586656646
723233077 -106260499
-918411393 988549887
-136521071 494814223
-916329068 -792885524
672684944 -138873200
-675530751 878269760
-152532851 -939051851
-632448103 810416959
-432133891 -48707627
767339219 -70382688
412595296 136715041
-143557947 189650055
-781800655 343591138
-1101655 -412052664
-42060544 -344364309
109737084 84175867
-343386211 -175185237
-467314096 528818432
416802370 -147124005
-434902970 -368172083
-201675503 -413633412
-897740753 -346785098
862080249 -742410510
346970487 425273962
-980383323 378477941
474552914 353044621
-4095757 312473424
-869663427 -555517805
-115497402 821968921
9403434 -948916894
-758777357 -61607093
-935739547 -194636896
548789687 235513674
592205817 514023671
-563676798 -48402234
205772722 997624894
-501666108 522351746
335047889 -125221501
-959480501 -734128505
-968183502 794155643
964565643 -412239380
-228997398 -213202034
-209960248 -167687527
-85284148 439097780
-582084894 -186713906
-600001773 -889496563
281654543 183148468
-289938249 151861366
136900852 411513364
-569707159 491917734
-458704455 340768005
337514800 770369819
-901729933 -587029815
68414358 -349736534
706563891 816288145
466916652 162136111
226413728 -974686027
-257234434 -14897078
-521362223 963088627
405349276 -13367715
-162962085 -786225907
608427086 -382060208
-202381011 423054039
-576915726 -994166133
-98634868 -152544289
-175688652 606893262
-582391496 -547708491
-469697523 -418656805
-47054550 -997613914
-55954749 904665685
522310635 -241997736
210904942 -684889852
-600857477 -603857760
-329577316 -809492916
-928433246 4203303
1332893 -940874531
864136544 -135057126
-465009937 -16040978
-527152358 -575369870
452310017 -854008283
-542983069 -427910108
-809596784 -694913065
761256565 870226284
587877728 -877313940
-165275551 604255426
13957004 194960564
-457553589 131736798
975269955 784558760
-171564644 896035717
-856748399 655546223
-607728649 -973928900
605030037 177506808
21043384 175985903
498765598 893827035
892592362 83443261
-69136128 -249031556
-416837563 129477201
-361880832 -527191346
834427927 539320984
-282390382 454171158
-349288249 -787663271
351661327 240555871
821922521 29508584
801136067 -975198203
644649191 17702577
-143513979 -155642444
945715756 643267072
422407823 -269704531
366167146 545110903
693231369 747139170
-18437182 292527242
-41757163 327815140
-359482311 -845114826
-168648993 816686641
533606525 579479013
901415471 465962252
655089313 631198271
-710890924 -437328211
77155674 -915366578
-882271448 691567879
778522514 834653013
-695200365 -438618153
574441563 492672753
-874368225 -609710977
-508096308 171179696
893394749 -803743596
-972487509 -849751767
-440492178 736391122
703466925 -181190206
-142702479 586475574
-883045643 988448598
-104819989 280228007
-536736099 406967734
73811780 -516390034
-98576902 20083496
53321693 -700560100
-358962854 -936347459
-906520645 877396376
-912271954 643536462
979929115 -702809395
-844230822 879515224
-171870376 -515057353
148320202 211217330
-765622641 155831571
412033270 -676919175
151437442 -650434841
860150174 421916706
-138127906 935129556
128371404 195941814
-133189218 868729143
-626137856 983777126
212239848 305910703
-988233870 301691470
-407147091 -153479335
-376989963 -577344653
-1192230 536743569
-644168435 941368414
221087838 276073087
942852456 552254712
-176492444 490991092
588655625 19125143
871611441 -793429921
49059002 469268765
-797549922 -140594546
-688757271 48635323
-53866874 510866486
817829349 -507514886
482747749 277330731
-803323906 832143897
-404656601 -501930738
553190712 538458204
18595178 -610827045
-55712189 473294359
998282590 -729086596
-910014418 -679491995
-883759185 615598078
-105436949 -875998347
-582632496 -306763554
-278976974 -336987805
177505135 -338899163
-248459110 -507664813
200949197 182075549
-694582663 812642347
71110131 643559033
132775488 591515155
-995030103 306853586
699826670 -249304695
965157917 -491649216
186037727 -449013615
-536372866 -447854594
-181584829 790419190
-305992069 61948571
-817608671 -718376245
160031674 -875573903
886354259 -992860308
303127840 252588431
14655599 498317771
-707807050 957327250
-666090487 883894192
945187275 -696181147
-725435692 743976395
-900702987 -404703975
-845622333 972242773
-164578497 -36490934
873738621 -825163143
127161793 172842829
-637851953 626636487
-491319439 -8788647
515592430 -581232433
800619071 -830587558
-84488120 473648587
467776238 -755107930
-169047083 -908479423
-485791509 921686414
49997228 817544337
-472397139 55266739
-554461223 675442393
-79724808 -708332100
-878470117 -240060931
830495208 -90405804
229548260 484705529
619950853 -273021264
-249571204 -437110683
-606448311 -119037068
-400901580 310535538
585335957 857594084
175070516 -525108039
499137396 -730432300
-431217692 -700494401
-43622333 765994018
15176983 -872783904
169903407 -79482699
251328926 -642302662
