500 2 2
-692151163 -692151163
-454664468 -454664468
-144826769 -144826769
214233013 214233013
135793196 135793196
-156501079 -156501079
-414475065 -414475065
-651049086 -651049086
700216564 700216564
170127714 170127714
587556453 587556453
806334675 806334675
856030266 856030266
228901602 228901602
94410006 94410006
382958417 382958417
-239690577 -239690577
-208168735 -208168735
-431871150 -431871150
153247075 153247075
259526934 259526934
458335999 458335999
882280676 882280676
111063182 111063182
91599118 91599118
73798290 73798290
-327368753 -327368753
-364043764 -364043764
-274134168 -274134168
612086209 612086209
-999881135 -999881135
691233897 691233897
-534961649 -534961649
219866413 219866413
-891831122 -891831122
-60288621 -60288621
-35355215 -35355215
193247652 193247652
446673043 446673043
-919341835 -919341835
-688941798 -688941798
-927790660 -927790660
672999323 672999323
423949600 423949600
-772565146 -772565146
-747602257 -747602257
-315878378 -315878378
27777786 27777786
-465806699 -465806699
892154717 892154717
478888637 478888637
-716966246 -716966246
-698599000 -698599000
-979906635 -979906635
604340948 604340948
662654182 662654182
-303912493 -303912493
-645793057 -645793057
-847451225 -847451225
-599584024 -599584024
-524842006 -524842006
597372517 597372517
-5392526 -5392526
185016385 185016385
629114641 629114641
719942745 719942745
511264304 511264304
-302748625 -302748625
-699411166 -699411166
-330423452 -330423452
-669943996 -669943996
165007253 165007253
223149847 223149847
993039401 993039401
-380501578 -380501578
7704924 7704924
271400357 271400357
-392676678 -392676678
302396139 302396139
878131136 878131136
557471711 557471711
-745034174 -745034174
440183868 440183868
-236327466 -236327466
-801151263 -801151263
454021614 454021614
433252870 433252870
100356589 100356589
13078796 13078796
17065522 17065522
438634821 438634821
502120311 502120311
-188784106 -188784106
538300945 538300945
-645753520 -645753520
744119060 744119060
-723132882 -723132882
260109787 260109787
19405131 19405131
-685518707 -685518707
940723364 940723364
-20424612 -20424612
476369825 476369825
32711006 32711006
-258362917 -258362917
422765616 422765616
-504934102 -504934102
-8980614 -8980614
-864626297 -864626297
213733848 213733848
17049164 17049164
223990328 223990328
806862940 806862940
733704267 733704267
259306252 259306252
512846958 512846958
-641697683 -641697683
-786797068 -786797068
-956581318 -956581318
886461717 886461717
716179949 716179949
788037498 788037498
788935687 788935687
497716885 497716885
-989916528 -989916528
-352373013 -352373013
-855582517 -855582517
835268696 835268696
-67097392 -67097392
-152024651 -152024651
-541916021 -541916021
454411877 454411877
-383854631 -383854631
-696638078 -696638078
402607540 402607540
978170910 978170910
-215103102 -215103102
-176565602 -176565602
537758352 537758352
-549363969 -549363969
-928655468 -928655468
995648390 995648390
495386250 495386250
487072554 487072554
123666638 123666638
-862244290 -862244290
-31142965 -31142965
-606599542 -606599542
-29103233 -29103233
-149468262 -149468262
338977758 338977758
-543894869 -543894869
-170021239 -170021239
864286520 864286520
-538547131 -538547131
860541879 860541879
890424712 890424712
-148510409 -148510409
-577842603 -577842603
51298349 51298349
-394989207 -394989207
671078912 671078912
-784620393 -784620393
321904106 321904106
676173642 676173642
185824304 185824304
893512267 893512267
942716239 942716239
314465556 314465556
-883310063 -883310063
-705321389 -705321389
837823686 837823686
-631428073 -631428073
-507755251 -507755251
512718405 512718405
-880353607 -880353607
643523466 643523466
-322622776 -322622776
449019579 449019579
-959649215 -959649215
747617511 747617511
804806538 804806538
324855675 324855675
-275447259 -275447259
-61481027 -61481027
-716385893 -716385893
915067940 915067940
609011609 609011609
642635364 642635364
-958782915 -958782915
-614547584 -614547584
-801628588 -801628588
-430080407 -430080407
-63987212 -63987212
246500722 246500722
511589228 511589228
-780860445 -780860445
249877985 249877985
-762971193 -762971193
547546836 547546836
-934602753 -934602753
-359443578 -359443578
-115622979 -115622979
-970855120 -970855120
795465485 795465485
-917482026 -917482026
-4479359 -4479359
-980157100 -980157100
-210666890 -210666890
569500886 569500886
-73535966 -73535966
890807584 890807584
-507277423 -507277423
-646321991 -646321991
-957076800 -957076800
305306418 305306418
30743128 30743128
281307743 281307743
-734098612 -734098612
-530239309 -530239309
567925113 567925113
550602606 550602606
190226569 190226569
-947002833 -947002833
-25693455 -25693455
-609949955 -609949955
-51433018 -51433018
-90208251 -90208251
-89778223 -89778223
-731923042 -731923042
817648771 817648771
-79226230 -79226230
-678575677 -678575677
-372617954 -372617954
-522568459 -522568459
328881267 328881267
8237534 8237534
704452838 704452838
-361259009 -361259009
-109520261 -109520261
42877317 42877317
-482824138 -482824138
855115779 855115779
-870666795 -870666795
893190240 893190240
901248158 901248158
409457067 409457067
-784764399 -784764399
53252258 53252258
-750458298 -750458298
-798264299 -798264299
263719145 263719145
239588949 239588949
-614304039 -614304039
567642795 567642795
612425743 612425743
924227790 924227790
763069539 763069539
-709621183 -709621183
731288415 731288415
-301966393 -301966393
501301691 501301691
-326350705 -326350705
48092891 48092891
-453773612 -453773612
-741879842 -741879842
-87994907 -87994907
-20716052 -20716052
-489129069 -489129069
-272035005 -272035005
987703635 987703635
-116532261 -116532261
460030013 460030013
327178024 327178024
-463566583 -463566583
-537200785 -537200785
19770238 19770238
-520935845 -520935845
316543760 316543760
1394760 1394760
362093158 362093158
-964291707 -964291707
628605755 628605755
120660752 120660752
400381119 400381119
-475100046 -475100046
588173243 588173243
-20468772 -20468772
220702610 220702610
223246210 223246210
857793611 857793611
-174546566 -174546566
539444441 539444441
608829973 608829973
610611121 610611121
647170860 647170860
224488253 224488253
-709071652 -709071652
-317136334 -317136334
-599854336 -599854336
306213088 306213088
925319160 925319160
-110377006 -110377006
-791135897 -791135897
-955652304 -955652304
582519738 582519738
-218937061 -218937061
510743549 510743549
-878209811 -878209811
-176521139 -176521139
-653590462 -653590462
-110150232 -110150232
-361049300 -361049300
-243416469 -243416469
946518025 946518025
372072573 372072573
-209207319 -209207319
-440922112 -440922112
-149385424 -149385424
417711879 417711879
-456060427 -456060427
416627133 416627133
-273809171 -273809171
819459252 819459252
-381544028 -381544028
-793630254 -793630254
450494374 450494374
350728236 350728236
915390828 915390828
534799977 534799977
461458603 461458603
942237850 942237850
-601349847 -601349847
968647560 968647560
318481844 318481844
249514075 249514075
302219518 302219518
-228098880 -228098880
-38085866 -38085866
233354096 233354096
-310663667 -310663667
458984877 458984877
402738071 402738071
-791476607 -791476607
-519125405 -519125405
402539443 402539443
937778817 937778817
857430104 857430104
112827555 112827555
568612639 568612639
-431496300 -431496300
-196476089 -196476089
-227962658 -227962658
334614717 334614717
-534378014 -534378014
914598562 914598562
431870610 431870610
-534217279 -534217279
-570510731 -570510731
-746007608 -746007608
401856536 401856536
-198364212 -198364212
-632974458 -632974458
-821517293 -821517293
38112102 38112102
391938507 391938507
-226953004 -226953004
-420162302 -420162302
386811869 386811869
145051707 145051707
-33739754 -33739754
25778017 25778017
-230874070 -230874070
-902043314 -902043314
-533028618 -533028618
-820851685 -820851685
550656412 550656412
-434519498 -434519498
216767346 216767346
457882698 457882698
571300382 571300382
363778555 363778555
-779102616 -779102616
-550838702 -550838702
-312768414 -312768414
686103037 686103037
-851465019 -851465019
-964717635 -964717635
-205843161 -205843161
-405375194 -405375194
150262674 150262674
449223639 449223639
-606409541 -606409541
337551801 337551801
236835681 236835681
734265414 734265414
-956819363 -956819363
604157911 604157911
-412572956 -412572956
387047051 387047051
455599935 455599935
-679062209 -679062209
266822032 266822032
808915842 808915842
874003018 874003018
326362139 326362139
255152809 255152809
-522306814 -522306814
498151585 498151585
-875383322 -875383322
607742892 607742892
842424190 842424190
682863209 682863209
-632809087 -632809087
-960224749 -960224749
-330103222 -330103222
9601188 9601188
-511630802 -511630802
-862657112 -862657112
693805011 693805011
116071288 116071288
-554461398 -554461398
47623497 47623497
891942884 891942884
-915844863 -915844863
885906114 885906114
-69520967 -69520967
713792519 713792519
996149012 996149012
-551440576 -551440576
-786177018 -786177018
868336856 868336856
-403796888 -403796888
6420786 6420786
464197941 464197941
974573877 974573877
799472986 799472986
-176517563 -176517563
-4746606 -4746606
-318814439 -318814439
-145686440 -145686440
326410282 326410282
-504484594 -504484594
671484195 671484195
263401390 263401390
460408223 460408223
339092842 339092842
623726757 623726757
303619343 303619343
389795881 389795881
152295077 152295077
-403603924 -403603924
868498145 868498145
-426058078 -426058078
118917586 118917586
-600153565 -600153565
578817138 578817138
-97895016 -97895016
-548206888 -548206888
925586934 925586934
-58110421 -58110421
-816829164 -816829164
533821510 533821510
-703254375 -703254375
387842307 387842307
154000221 154000221
-560054126 -560054126
-931626431 -931626431
487200269 487200269
-891362854 -891362854
268889597 268889597
-271135854 -271135854
528114622 528114622
-944889742 -944889742
298895860 298895860
187175098 187175098
237288458 237288458
-812891259 -812891259
-125580526 -125580526
780135157 780135157
93002522 93002522
-39805560 -39805560
222134543 222134543
-624386056 -624386056
-26024510 -26024510
-878842548 -878842548
-658615412 -658615412
784662974 784662974
-86349780 -86349780
76585916 76585916
117716879 117716879
-330285275 -330285275
248273997 248273997
-377063075 -377063075
938315459 938315459
374219921 374219921
971895664 971895664
-974844201 -974844201
821083802 821083802
-378505151 -378505151
1000000000 1000000000
-1000000000 -1000000000
