500 500 68
30 7
14 22
25 12
31 22
5 13
14 17
17 2
10 13
2 30
19 6
3 20
5 12
14 15
11 20
5 25
18 2
26 27
23 17
20 3
15 23
6 20
16 3
14 6
16 1
30 25
23 7
17 17
15 19
19 24
14 14
13 22
15 2
25 23
18 13
17 18
30 19
11 9
12 17
3 31
22 4
18 20
22 8
22 28
14 26
31 17
15 11
7 4
24 18
24 16
26 13
30 30
28 8
25 3
29 17
18 7
24 11
29 28
31 8
25 14
24 15
31 28
16 2
2 15
27 5
17 31
27 25
21 22
9 15
11 24
3 9
31 23
7 13
5 9
29 14
28 28
26 20
26 29
29 21
21 18
12 30
28 4
2 10
0 14
25 1
12 2
17 27
9 17
23 5
6 23
31 16
17 13
4 7
27 13
11 25
12 20
31 18
5 30
6 6
17 12
12 13
22 30
29 1
2 11
24 22
28 29
26 6
31 21
19 16
18 30
19 18
20 16
31 3
12 1
20 7
9 16
21 25
9 21
25 10
12 16
7 16
1 22
23 14
20 30
0 9
30 24
2 24
17 15
4 24
7 29
11 19
13 5
13 16
15 13
9 11
9 4
15 27
29 8
6 9
6 4
12 22
4 16
2 27
0 30
10 15
24 6
13 12
1 17
24 30
31 14
21 12
28 23
25 27
21 19
14 1
8 11
7 3
1 3
1 1
10 14
10 28
18 3
3 26
30 11
31 24
11 28
21 2
5 16
23 26
4 26
30 18
16 18
18 25
22 15
19 3
24 21
8 16
18 22
4 8
16 20
21 10
30 4
29 15
2 6
17 24
21 1
28 3
23 24
0 5
0 1
2 16
2 4
2 12
30 13
13 28
18 24
20 21
20 6
22 1
25 11
7 8
10 17
13 23
14 24
18 10
5 19
15 21
3 24
14 18
26 0
29 4
23 0
6 5
27 0
16 12
29 22
6 19
3 17
2 7
22 23
15 5
8 29
19 8
29 16
15 30
31 15
0 8
6 28
14 12
0 18
24 19
20 12
25 8
14 11
16 30
4 4
28 12
15 31
8 5
14 25
12 14
18 21
26 5
15 15
24 14
29 31
25 24
24 3
25 28
27 14
19 12
1 5
17 20
8 31
7 10
9 26
16 28
29 19
1 25
22 5
3 2
28 24
19 4
28 17
28 5
25 21
19 10
18 31
27 9
11 3
25 19
21 0
2 0
20 15
14 28
1 4
30 17
21 8
2 2
31 19
5 22
25 31
23 9
4 9
10 20
2 25
25 9
6 25
19 30
23 19
4 10
31 6
1 18
7 2
17 3
17 21
8 17
3 19
2 17
17 8
21 15
24 31
10 25
15 29
31 30
4 19
29 11
10 30
25 20
6 27
5 14
1 13
27 31
26 4
0 3
9 22
14 0
2 21
15 9
7 30
19 7
16 0
8 9
29 20
13 31
10 29
6 13
1 14
26 21
26 12
30 5
0 19
22 9
26 8
0 26
17 0
15 26
19 0
24 12
27 10
14 7
15 1
24 28
27 11
23 8
17 11
2 31
10 6
19 9
7 22
17 6
5 5
7 19
18 5
1 31
6 22
31 29
4 1
4 29
25 30
4 23
27 20
30 27
9 23
7 1
23 31
14 29
2 18
4 2
28 18
29 13
21 27
16 16
7 0
26 10
22 22
1 11
27 27
0 17
9 6
3 0
26 22
6 21
23 3
29 23
30 22
11 30
18 28
19 11
1 15
1 26
16 25
16 15
21 20
3 3
6 8
0 29
21 28
14 5
30 10
25 5
3 10
27 18
13 2
20 22
22 19
10 23
17 25
0 4
15 25
10 11
19 29
28 1
1 29
27 17
3 8
23 2
6 18
11 15
9 28
5 0
5 27
28 20
20 18
28 6
25 26
29 9
15 14
31 4
10 21
1 30
15 10
2 13
30 23
23 4
15 6
7 21
23 29
12 4
7 23
6 7
9 10
27 1
7 15
4 12
3 18
21 23
13 26
24 10
23 30
23 25
1 8
9 31
2 9
14 4
31 13
17 16
9 0
4 25
17 29
8 21
5 29
20 31
18 29
20 1
0 22
13 27
2 8
23 15
11 12
1 16
9 2
20 0
27 2
2 20
9 3
1 23
11 0
15 4
21 3
28 13
30 9
11 21
22 17
21 26
26 18
5 26
26 16
25 7
6 29
31 10
27 3
9 12
24 7
19 25
13 18
22 16
12 28
1 6
21 30
16 4
8 10
24 24
24 23
18 26
27 26
4 3
8 3
5 20
14 31
31 20
30 6
3 1
13 3
5 8
12 29
11 6
14 16
13 10
18 1
24 8
23 22
8 12
1 19
19 28
30 12
12 10
1 21
30 15
8 28
18 8
24 25
3 11
19 26
25 6
7 28
20 8
12 9
12 27
16 9
6 2
4 21
24 29
31 11
4 14
7 17
14 13
26 17
2 5
18 4
4 13
11 31
3 27
0 13
27 21
18 0
14 8
28 30
19 14
15 22
26 30
3 12
20 26
9 5
19 1
1 7
24 9
8 24
20 28
0 6
22 27
10 27
11 17
21 31
19 22
29 25
20 24
7 18
29 0
20 27
17 22
21 24
22 29
27 6
28 16
7 31
28 31
8 20
31 12
13 9
25 25
31 7
30 29
24 0
2 26
24 4
7 14
30 3
9 13
8 1
23 16
16 31
22 7
8 27
11 29
15 16
23 6
30 14
22 0
22 2
23 12
18 16
15 8
5 24
18 18
13 29
5 10
26 3
25 18
0 25
10 16
2 1
17 9
7 11
13 11
21 5
8 18
4 15
2 22
12 31
26 24
1 12
30 2
11 11
26 11
27 30
11 23
21 13
8 15
7 25
8 0
21 16
10 0
31 25
4 28
5 11
16 19
19 15
4 18
12 21
25 29
29 6
16 8
6 31
0 28
31 0
23 18
18 15
17 23
2 19
14 9
30 8
11 2
28 10
14 21
5 15
25 22
10 26
13 13
17 14
8 2
24 20
1 0
6 15
13 30
9 7
9 29
27 16
28 9
4 5
0 11
13 0
2 23
7 27
20 20
12 8
2 3
20 17
19 31
16 11
14 19
10 19
17 10
18 6
27 4
0 0
28 15
3 23
0 23
28 19
18 14
12 25
4 30
4 22
16 6
9 14
27 22
4 6
27 19
9 1
23 28
1 20
23 27
10 18
31 1
3 5
11 5
27 15
16 17
14 10
12 19
26 1
23 20
23 1
28 11
11 13
31 27
8 23
26 26
29 18
24 26
29 3
6 10
24 5
0 20
26 15
5 6
23 21
10 22
22 13
5 7
22 12
8 22
15 17
29 10
17 4
13 24
17 1
11 8
23 23
28 22
11 26
3 4
20 23
30 20
3 7
22 21
2 14
16 13
0 27
18 19
10 8
20 29
8 30
1 9
19 5
16 23
6 24
4 17
5 2
22 10
30 16
10 12
10 9
21 21
9 25
16 24
28 27
20 25
27 28
5 21
11 16
0 21
30 28
14 20
7 7
3 28
7 20
15 7
13 6
13 7
9 24
0 16
28 2
0 2
22 11
31 31
15 12
28 7
9 30
12 26
13 15
10 5
13 1
11 27
12 11
13 17
3 13
16 22
21 7
14 2
27 12
8 25
30 21
12 15
4 31
28 25
7 12
20 10
0 12
25 16
17 26
4 0
9 20
28 21
12 5
7 9
5 28
30 0
22 6
3 16
30 31
20 2
29 29
0 10
16 21
5 17
15 24
18 23
18 9
12 23
8 4
12 3
10 3
3 15
28 14
23 11
9 27
6 3
21 11
16 29
29 5
10 24
15 28
26 31
6 11
6 14
29 12
17 19
29 24
23 13
12 0
7 26
11 7
9 8
5 18
21 9
1 2
19 27
20 14
10 7
29 30
6 12
27 7
25 2
11 1
14 30
31 9
10 4
8 26
4 11
12 7
24 1
26 19
29 7
30 26
16 10
4 27
20 11
17 28
20 19
24 27
12 24
11 22
20 4
10 2
8 13
22 24
14 27
22 20
18 27
18 12
24 17
13 21
27 29
8 19
25 15
28 26
0 31
12 12
25 0
19 20
10 1
11 14
22 25
27 8
2 29
26 7
12 6
16 7
13 19
7 24
15 3
3 14
19 21
22 14
19 23
31 26
6 17
29 26
8 14
22 3
29 2
6 30
5 3
16 27
21 29
18 17
11 18
21 6
20 13
31 5
19 2
28 0
27 24
1 10
16 26
26 28
24 13
10 10
20 5
25 17
13 14
8 6
15 0
3 25
19 17
17 5
23 10
3 29
1 28
29 27
5 1
11 10
5 23
7 6
12 18
22 26
2 28
30 1
24 2
26 2
22 18
8 7
22 31
13 20
0 24
17 30
1 27
14 3
26 23
3 21
4 20
20 9
16 5
25 13
26 9
21 14
15 20
3 22
19 19
10 31
15 18
16 14
6 0
25 4
0 7
5 4
19 13
14 23
26 14
