3 500 55
1 1
18 4
8 15
3 17
22 19
4 5
15 16
6 3
3 19
3 21
3 7
5 6
15 0
2 15
11 14
6 9
10 3
1 18
9 12
0 6
21 20
0 18
21 8
13 11
13 14
2 12
2 5
21 2
0 16
8 5
9 16
2 16
16 11
22 16
18 13
22 13
4 22
1 11
19 17
13 0
3 6
10 18
2 3
8 0
20 9
5 19
6 21
0 19
21 13
14 10
19 5
21 18
0 8
7 17
2 4
22 14
19 9
18 18
2 9
19 8
1 0
14 12
21 12
15 5
12 4
14 3
14 2
12 12
18 22
5 3
0 3
18 17
8 18
21 6
21 22
10 17
17 2
20 16
4 15
8 12
15 2
3 9
20 21
22 22
12 22
18 7
16 19
5 0
17 11
5 15
13 6
14 16
11 11
9 6
14 18
1 2
18 15
20 22
5 12
1 16
21 3
7 10
10 12
19 11
16 9
2 7
4 6
13 22
14 20
16 21
13 2
11 18
9 7
21 14
2 21
9 1
12 15
6 6
9 19
19 10
6 17
11 16
1 6
12 11
16 17
3 13
13 18
7 21
13 16
4 4
13 13
15 19
3 8
17 0
4 8
17 9
1 4
1 9
11 21
0 1
15 12
18 12
9 4
22 12
0 9
3 4
16 22
22 17
8 10
21 19
8 7
10 20
7 19
20 10
9 17
16 13
7 5
6 4
3 0
10 16
4 19
22 18
5 2
8 8
0 13
12 20
5 8
9 10
16 12
9 14
15 6
5 22
6 0
6 14
3 1
0 15
14 9
13 4
4 13
9 3
2 17
22 15
19 16
11 12
1 22
10 22
2 1
10 6
3 10
5 11
17 22
15 20
2 18
16 7
2 13
10 14
12 17
5 5
9 15
8 11
3 5
9 2
18 19
5 20
10 15
22 5
15 10
8 20
17 1
19 2
7 4
19 14
17 5
13 10
20 11
15 22
8 14
10 1
14 7
5 18
3 18
4 14
10 21
2 0
18 1
0 11
17 3
13 3
17 7
17 18
12 14
17 10
20 2
17 12
2 11
1 20
14 14
13 5
9 0
8 17
17 8
22 8
14 19
1 14
16 5
3 22
12 1
20 3
20 6
1 17
20 15
11 6
17 15
20 13
7 2
17 4
22 6
20 1
10 0
11 22
11 17
1 15
8 9
12 21
18 8
9 11
3 20
10 7
5 21
16 14
6 2
13 17
22 7
12 18
1 8
16 10
10 8
15 8
7 14
11 7
20 5
6 8
0 10
14 15
11 2
6 15
19 15
16 0
13 9
17 6
9 20
22 10
10 13
18 10
2 20
10 4
18 2
2 6
13 15
15 4
20 8
9 9
19 18
2 8
19 12
20 19
18 9
9 8
16 4
15 21
19 7
15 1
14 13
11 0
19 6
7 13
9 18
11 15
14 5
21 21
8 13
6 18
0 21
21 5
3 16
22 11
7 7
18 0
19 21
7 22
1 5
14 21
17 21
17 19
12 2
6 19
15 11
18 16
19 19
6 11
4 20
4 7
13 21
17 16
18 3
0 5
17 13
1 7
18 6
11 3
5 16
19 20
5 9
11 5
0 0
4 1
14 22
6 1
15 17
7 15
22 21
3 15
8 6
16 6
9 22
9 5
16 8
20 0
11 20
0 7
7 9
3 14
6 12
4 3
15 15
15 7
4 18
8 21
13 1
12 16
12 8
15 14
0 2
6 5
16 15
21 7
12 9
1 12
13 19
16 20
18 11
14 17
6 7
7 20
15 18
10 19
13 20
11 4
4 10
8 22
22 3
3 2
2 19
19 13
4 2
7 0
13 8
2 10
4 16
4 17
21 11
19 1
7 11
0 12
10 10
10 5
20 18
6 10
20 4
7 6
4 12
14 6
15 3
2 14
7 3
16 2
12 5
9 21
15 9
11 1
3 12
1 21
12 3
8 1
12 7
21 17
6 13
12 6
4 9
4 0
18 20
9 13
7 1
14 8
21 10
20 14
22 4
21 9
12 10
10 9
13 12
6 16
3 11
7 12
16 3
0 4
7 18
4 11
8 16
5 10
0 14
19 4
6 22
18 14
5 1
20 20
5 13
22 20
14 0
8 3
5 7
11 19
1 3
4 21
21 4
19 0
6 20
3 3
1 13
5 14
12 0
11 13
8 4
7 8
16 1
19 22
12 13
1 10
14 11
19 3
0 17
7 16
20 12
22 1
2 2
22 9
15 13
18 5
12 19
14 4
10 11
17 17
1 19
