500 4 69
-147393506 -147393506
797423132 797423132
-651139712 1000000000
-525783468 1000000000
-1000000000 -523636520
588348702 1000000000
996032759 1000000000
708229878 1000000000
-839163871 1000000000
-1000000000 498930317
383458738 383458738
-270192638 1000000000
-1000000000 19807507
768110798 1000000000
-1000000000 997397669
-970225030 -970225030
7534581 7534581
-775080914 -775080914
-1000000000 223709659
-857821170 -857821170
562388015 562388015
-837113166 -837113166
-1000000000 -875640770
-336816013 -336816013
-784711008 -784711008
-1000000000 223434410
472029486 1000000000
-729822599 1000000000
-1000000000 629906922
582663757 582663757
-1000000000 -568149591
231817544 1000000000
-564498828 1000000000
-263583201 1000000000
-1000000000 821201364
-932194072 1000000000
-1000000000 -137381184
-777566939 -777566939
-562727386 1000000000
-1000000000 -789769936
-198024603 -198024603
-1000000000 609971596
105453948 105453948
412748169 1000000000
468291364 468291364
822855054 822855054
-1000000000 -970713161
-1000000000 -952043331
-1000000000 380409742
-531573649 -531573649
-668450852 -668450852
-782300899 -782300899
-736585398 1000000000
996341054 996341054
-941849950 1000000000
-998514906 1000000000
454938127 454938127
-439697791 1000000000
308970132 308970132
-915770743 -915770743
-1000000000 824036022
980181547 980181547
-473269627 -473269627
414341471 1000000000
-273546243 1000000000
-1000000000 -312104542
-1000000000 34451839
969568851 969568851
-1000000000 143160567
-512184938 1000000000
-52156252 1000000000
-1000000000 -348769533
-947874755 -947874755
-64703144 1000000000
-961138367 -961138367
-1000000000 860010124
-305577923 1000000000
-1000000000 -824805910
-383344250 1000000000
446659383 446659383
186797983 186797983
179478048 179478048
-635067394 1000000000
768392053 768392053
-1000000000 692570611
388327977 388327977
-1000000000 723045863
-939909127 -939909127
-265337524 1000000000
70592644 70592644
991769169 991769169
-674901785 -674901785
596721145 596721145
-1000000000 186356624
-583263429 1000000000
-1000000000 400426908
393784728 1000000000
-501104119 1000000000
-926457459 -926457459
-781268877 -781268877
-749692279 -749692279
-240179419 1000000000
-182677658 1000000000
-813264821 1000000000
-328887765 1000000000
778431302 1000000000
702349725 1000000000
-426738242 -426738242
-1000000000 917074048
-1000000000 640395595
-171631658 -171631658
-869234938 -869234938
164667264 164667264
-65085542 -65085542
928678611 1000000000
326408258 1000000000
-428918626 1000000000
623213161 1000000000
-1000000000 -504851934
-169914984 -169914984
823935891 823935891
-1000000000 -10204616
-435641390 -435641390
-53287208 1000000000
291232904 291232904
-1000000000 507073456
-1000000000 163554737
-1000000000 379186370
622934945 1000000000
-1000000000 657067379
-452254700 1000000000
471917368 471917368
376338003 376338003
-736407511 -736407511
36435256 1000000000
-412281946 1000000000
655702783 1000000000
216144922 216144922
-1000000000 -780119259
-876582762 1000000000
-476822472 1000000000
-839107431 1000000000
-322101859 1000000000
-730045637 -730045637
-145326936 -145326936
635172856 635172856
-131035079 -131035079
669406255 669406255
-904506040 1000000000
-1000000000 -505422516
-1000000000 389872589
-776681363 -776681363
-1000000000 568689679
126520676 126520676
713861641 1000000000
-963362884 1000000000
-909023900 -909023900
188235437 1000000000
290495267 290495267
-1000000000 -860159124
369751606 1000000000
88700598 1000000000
-130755249 1000000000
-1000000000 536786982
-1000000000 -578289729
-773714260 1000000000
-18278666 1000000000
361465248 361465248
100177474 100177474
946117162 946117162
-1000000000 317915282
787219351 787219351
224974958 224974958
-384260932 1000000000
-1000000000 -288605499
-790277495 1000000000
-5607591 1000000000
-1000000000 102055791
-1000000000 -865376692
-9902205 1000000000
-1000000000 -374247278
-400483254 1000000000
-428972005 -428972005
-585028215 -585028215
494534507 494534507
-1000000000 -815757491
-276123935 -276123935
401263893 401263893
-470855040 1000000000
-460551864 1000000000
657708920 657708920
-115124122 1000000000
-968258196 -968258196
-340064177 1000000000
411543174 411543174
-1000000000 -231235346
-1000000000 347204696
123917103 123917103
-523728818 1000000000
-1000000000 181233060
-741706368 1000000000
70280302 70280302
-979866947 -979866947
-1000000000 177371407
665216491 665216491
-1000000000 129397390
-672799772 1000000000
-1000000000 -507633334
-1000000000 334430423
505076033 1000000000
-1000000000 -212990321
-364452563 -364452563
-1000000000 -442512745
661530433 1000000000
-134248026 1000000000
-76332950 -76332950
212527703 212527703
-1000000000 -902266488
-1000000000 238360889
-665039937 -665039937
491199522 491199522
-1000000000 -468244835
-670184070 1000000000
-1000000000 567668446
-491497275 1000000000
-1000000000 -691774747
-184683212 1000000000
-1000000000 671261385
-1000000000 708420707
-1000000000 -862936077
-1000000000 -648490735
181841265 1000000000
998079740 1000000000
753129005 753129005
432832674 432832674
121824251 121824251
-549328070 1000000000
-1000000000 659205386
-1000000000 33745434
728463300 1000000000
-1000000000 919362377
984902135 1000000000
-1000000000 365515679
-1000000000 -999869926
-251247195 1000000000
928628774 928628774
-337162429 -337162429
-1000000000 11908832
-1000000000 832331790
-1000000000 410990554
-1000000000 -433563205
-150383174 1000000000
389890010 1000000000
631815360 1000000000
-1000000000 -965097394
-1000000000 -163450956
579989805 1000000000
-1000000000 -858106599
-470479812 1000000000
-265596675 1000000000
20752195 20752195
718535811 1000000000
-1000000000 10707500
-1000000000 897986068
-474790764 -474790764
-149092929 1000000000
-600961579 1000000000
746384259 1000000000
776078560 1000000000
-231976031 1000000000
-1000000000 -15996666
155229775 155229775
-998460338 1000000000
705758438 1000000000
-1000000000 381732031
-1000000000 -247798305
320827050 320827050
-239307988 1000000000
-737823167 1000000000
-742891566 1000000000
-1000000000 -980878808
977960425 977960425
-1000000000 715172102
775550796 1000000000
-1000000000 -323495186
-568461967 1000000000
699979278 1000000000
432829549 432829549
-114305696 1000000000
-422951753 -422951753
448870305 1000000000
983105677 983105677
-1000000000 -956746988
632193223 1000000000
-1000000000 192485020
453942065 1000000000
-690377847 -690377847
723857406 723857406
-1000000000 -359522026
-112904294 -112904294
951490199 1000000000
-349574050 1000000000
860347005 1000000000
999043207 1000000000
239985412 239985412
445665662 445665662
-1000000000 -402749330
296327259 1000000000
-1000000000 -866575108
-1000000000 682068498
693636520 693636520
-98362564 1000000000
-1000000000 657979393
-578124714 1000000000
-1000000000 -524937682
-1000000000 768996447
-28480621 -28480621
926416275 926416275
-1000000000 -85166834
-87633150 -87633150
-1000000000 -680078909
860705825 860705825
-320233104 -320233104
-1000000000 957767978
-1000000000 70380553
-1000000000 -636403771
-352944014 -352944014
121120499 1000000000
-1000000000 186353845
-1000000000 678238108
829245006 1000000000
268272442 1000000000
-411502365 1000000000
630992572 630992572
331554926 1000000000
-220003934 1000000000
-924494342 -924494342
-90352465 -90352465
130462324 130462324
-1000000000 524838604
-1000000000 -510651374
849247580 1000000000
-318688923 1000000000
-1000000000 14500887
-1000000000 -907859649
442094751 1000000000
975122287 975122287
399014862 1000000000
-747688722 1000000000
742165222 742165222
-1000000000 -76076350
902233158 902233158
-1000000000 -524697968
-224529734 -224529734
-715875712 -715875712
-1000000000 43236550
104799718 1000000000
81149097 81149097
-1000000000 59583381
-1000000000 -12425519
-457817932 -457817932
110509704 1000000000
-384845704 1000000000
384755358 384755358
712173389 1000000000
-19950189 -19950189
-1000000000 -290049851
-601753512 -601753512
-1000000000 95260046
-165908498 -165908498
544000145 1000000000
661420150 661420150
445018466 1000000000
-1000000000 810271375
-187676048 1000000000
470594992 1000000000
900569959 900569959
-1000000000 717697943
-1000000000 939132323
-1000000000 208920428
-1000000000 -357572432
-1000000000 413472116
673767509 673767509
-248600463 1000000000
612829573 1000000000
398500544 1000000000
992775411 992775411
-498114855 1000000000
-483109320 1000000000
66392804 66392804
183250530 1000000000
234935619 234935619
-195952082 -195952082
-908482986 1000000000
476586767 1000000000
-228080227 -228080227
-577705321 1000000000
560900695 1000000000
-1000000000 -274492256
-779998284 -779998284
-569133877 -569133877
478462889 478462889
-1000000000 -698408431
-687679410 -687679410
-358438605 1000000000
936279567 1000000000
-1000000000 44261352
-178927241 1000000000
-664781508 1000000000
943100553 1000000000
528180489 1000000000
-111460534 -111460534
-1000000000 -990003820
18304134 18304134
-1000000000 33030793
-1000000000 -561110715
621137790 621137790
-1000000000 -187384949
976860894 976860894
186659368 1000000000
-869479903 -869479903
822615604 1000000000
-1000000000 -231720789
-1000000000 -208671680
263045635 1000000000
60739353 1000000000
-702709137 -702709137
-803015408 1000000000
-510929947 1000000000
76881939 1000000000
-1000000000 611765185
-918299677 1000000000
-1000000000 557604749
87164060 87164060
-711864309 1000000000
517005160 1000000000
617240423 1000000000
-852080337 -852080337
361476556 361476556
-408528749 -408528749
-559741340 -559741340
626518205 626518205
-727854394 -727854394
530924565 530924565
-583407932 -583407932
961263197 961263197
-1000000000 140732833
-1000000000 -58852519
783434384 783434384
-1000000000 -73890543
-37099089 -37099089
914055174 1000000000
-1000000000 -574835173
694397507 1000000000
-48937408 -48937408
637509359 637509359
99684966 99684966
-893700102 -893700102
-448595316 1000000000
-1000000000 -961842058
-647126955 -647126955
-819228946 1000000000
-935128371 -935128371
-1000000000 -879780775
-1000000000 -40518653
-63948352 -63948352
923954632 1000000000
-1000000000 712089773
-1000000000 -585866154
933524370 1000000000
-1000000000 -804320363
-1000000000 426352425
491917247 1000000000
-1000000000 -309642136
-1000000000 -358732034
-434467652 1000000000
852331888 1000000000
-617898914 1000000000
954366055 1000000000
166840912 1000000000
934899757 1000000000
-332282083 -332282083
696231854 696231854
558608651 1000000000
995638671 1000000000
-1000000000 -890364377
-1000000000 942269587
31697156 31697156
-76269323 1000000000
-870983561 1000000000
722745275 722745275
87363143 87363143
-157501498 1000000000
-1000000000 -947221240
511754548 1000000000
-1000000000 381258854
259020975 259020975
-405899227 -405899227
-304102943 -304102943
-1000000000 814808382
-1000000000 -1000000000
1000000000 1000000000
1000000000 -1000000000
-1000000000 1000000000
