1 500 55
59773527 -48622950
-76633359 443117719
441925049 713512931
-994603144 -68987280
772876381 722131762
511352639 621437284
-136059566 -211230774
-558357374 -936479782
64380588 -111294401
841774806 594567294
515039746 -199627032
-376709851 386524480
-254296132 210052025
-824608562 909197921
118497602 652960044
665986657 -802957978
-241190212 18069982
389541949 875956903
195694732 -30831030
-450576164 59649372
891459220 310705605
-904749877 155266514
458736699 -136242664
83074883 -366470827
508603382 636306515
598881551 559192706
-599888339 -681144635
158983530 340547117
818113697 936107036
-840485900 -276827412
-122612224 -27552723
327447612 -514947262
47666747 -14979076
-661060031 -597771310
-175432714 -870235517
752640085 444965585
-247747000 456893526
490952554 -625543475
908347385 472653653
-644449972 597708480
674764783 134470819
215815135 152732689
113623320 585062337
640182546 963646498
942582112 -133939613
89339056 -395189310
110426481 -656961384
-294375944 -176157474
-978091859 735904497
-31593725 155325521
-842912648 -567249548
-628584548 698086430
-761193541 -581353079
365820436 656559623
570563331 -124970966
-554021507 533125736
-402320482 -124089676
-868170490 -244358744
178855277 -528165257
289893844 -437313791
-936040132 463367304
640445811 -624643978
-863233626 999237559
-578162012 455697029
808674809 814877992
-188009824 190589811
995540273 303129624
-588000703 953169510
399792177 -438263698
147966294 -353836405
545342850 406080852
939016039 204010755
726450634 -231747359
-522857151 254818829
-986157220 631297779
114325756 -683103341
627771166 -101303232
-939480526 -247370561
49351250 27928024
-513004643 -510594336
-48492240 -737706094
-177137126 -213463822
-582644494 687284716
20430825 -137184469
-949751353 403892244
-423716209 -105021959
-54057143 207834168
-78130729 554936754
280221192 987196820
337965891 -510252574
251881602 -968615121
-153406868 325705480
-190575393 901866445
-916343160 -372560638
369670893 772081815
715829583 -690357306
174833694 541312064
-153024353 -134593624
792815145 -342850604
-197515101 -278034982
-944613891 -810787086
-32063417 -793159424
-453396649 -294379383
371513950 -368532200
539665022 -271952800
768005116 760327423
908077257 517700937
310903170 225839071
264321805 837831869
181961556 -866660703
-602857465 233394097
986044027 -360675583
959676179 -136633538
958240469 -442587176
-944841025 -505731771
788827994 -900039783
157804193 -365917297
604892042 -382956067
211846581 723587783
835326405 813656205
388761580 -591423117
-913337597 -261209651
842734504 307031253
-335462184 784512276
-512015711 670031105
121513986 -423435913
318392698 -972210966
759733176 681609669
524560019 -285714411
-936493210 72570925
324771937 -320166584
-889473446 -697871793
704982314 -219141424
136775964 -825195721
-320500549 -206033066
520502281 620670634
845259622 -980767513
-660569969 412500033
804051692 -844677380
-615125329 -572241192
954363953 -752843096
289131362 -77003707
-602088095 -47641743
-769339177 -362429219
232409315 31178543
891589507 -130900780
-649138755 924525059
-861246 515525811
66154337 182501081
146740297 -243299268
920827298 -926761817
-88775137 218717489
-402368459 -497837804
-643995699 654455475
-857793400 -224185389
634824522 295396188
-533652960 582179781
142507860 438443742
845492081 -960407137
-700256952 -541409968
-164511259 -696803696
-465483806 -167605101
-462832823 264308397
-411604771 -747137440
283060504 -200955442
815267590 -940322544
-530485998 901128758
815875049 642628878
-800883150 526063041
356034268 -324930422
-773321073 -74843744
508253212 223015421
-563858391 600942985
492343981 446778724
317840032 -57174470
596169088 -95816948
96010794 -475913960
-480050937 533007382
-364547231 -395416961
-16968537 673013339
681718027 -759667876
28805549 -775097441
137082014 -620174187
-529351226 822632173
-739682842 -68159981
254172406 -587189747
-434568228 -331122457
-481137305 775273996
869308073 -224252009
212963592 -810914014
-979154667 -440447326
835158557 -389279226
110535103 -842028818
158338983 -793084103
-741176461 -903192964
26961342 -813183900
-840872843 408269955
261574159 896799295
26748724 -621596306
-135413907 -65104196
568781250 -112045734
672600494 181798976
-41050116 793264350
-417678366 -494858690
-53295518 215613689
-635295046 -126840693
-431406805 -64637507
-377781353 -272627087
306246188 808424461
-80643456 536191793
-659025722 476389032
-693059691 -193547868
-421569380 789077980
-359096719 431992635
298520616 446151657
-499602960 -752801646
748306816 -588994490
-557565214 -411485486
-268491168 -976405690
-847339291 374969857
879430766 628405054
373037164 853755366
218656780 591605109
-105426028 -769444148
-442407238 -317456246
986694281 286372318
653634445 -342278054
733778917 191402742
-391996568 132692347
-398420546 813079880
377288900 -780071063
125359630 -957727308
97836888 -330819806
20445430 896977577
795285162 838866873
-910803583 298594566
941085573 145443191
973041369 579486124
-575585817 -741144927
-333960032 871161439
892443279 528909015
-451597965 -743749060
-869070161 -648400906
-1836647 -83144377
-891540478 -917531380
534909738 138629691
192497124 341078048
-169077206 -970297357
-150704640 -153135693
-231716812 487651503
-400973022 46745545
911587966 -162333042
596106506 710484579
-549910004 -80562036
-66521109 696063612
-272854159 -836461990
228902349 851173203
-79392452 -722315309
598806480 -743004035
-223758874 592705076
-727271367 650751300
-428970021 -993685151
-518438704 -558207311
64667887 -249003929
-910618347 -64956610
-904559832 422122539
197501002 363220810
-685062543 479803712
585286357 -951012767
-930979742 450137736
-897140284 636981380
-116985140 796537258
-529171471 -321182335
-715575443 486407129
238603996 -581912293
-661919266 988683970
75420550 331202615
51124338 683985456
419050302 896893548
-19936444 146740500
-310334977 148332752
888700450 570034522
-76528876 -995322282
-279727237 850917938
-89837374 -571009199
611933799 -97069735
434836452 681405268
-727079291 31928248
-974987475 381770198
-276197597 -646048711
-537942436 27031290
151797118 -243126270
791392863 229798934
619730756 -799285266
-200155122 788345357
-566096271 970862720
-145878767 392572475
554784104 929513981
-898143698 -993858801
-604542141 -142515323
-248946335 42444341
530445592 -80633003
-236591602 635967917
-87564251 728986386
240399136 179137340
486263684 -701355833
-931436292 439344446
-75408043 -314079549
-653328569 337187150
128205957 223510420
274605876 654906321
-297255931 678658288
-346769278 -806857599
-715756326 176291003
432884039 38620502
830511694 793570974
539741525 -457040639
-836572848 994739915
-197447103 634142974
-434270667 927127818
-202132339 649290465
-37929436 925680228
-24274149 880972431
281757592 912198383
-843546631 677917885
574503857 -444214906
-644609504 -591678398
-60425566 619104904
714286741 617331625
173468662 -393562729
538629793 -677782355
149483378 588113253
990204391 981466939
108835940 217817219
929013093 333729301
-669710171 100570699
448861729 -572929751
-803275809 -3744873
638361898 -753019661
368139786 -145560380
142317864 333562051
-189605697 -101756902
-483503518 -68254825
902805477 522819760
425241805 89485868
758000045 850658482
837282758 -764508114
274443545 -843699597
348954024 -883203398
-226467778 321352293
349854586 969349067
-524651092 481269928
-271488446 -601769467
176631470 982521315
693112965 655182423
65577052 -543214238
180690031 223559120
-738301910 347376715
531959795 -849510913
-56441191 -309852271
397889051 96519042
-181679130 -193243828
721912923 548192801
977927321 111367766
829646341 310744225
895500786 -452180510
383499009 376506048
575027173 -636387032
-690144150 761081949
574240517 618299433
-315049365 589561254
914996960 758869997
-437754503 -963444942
713166451 -749231446
325941389 -472420877
974283376 111655870
-131107187 510913235
33684479 -874774641
-40400404 697254612
-347118490 811607224
-948852473 481673981
-974926530 252010701
805603335 -668927699
-111893342 83884056
229378154 -787237607
722462890 -736987867
-21519493 506929333
726789028 -389011498
668534003 439694162
-237819777 660095967
-334870824 -483353255
-182421016 -151666191
-564624716 446141770
920136414 -836786017
140763281 443409448
896791722 489134437
275664221 884433910
364488175 -281901887
647269628 -945612123
590292923 116797435
569823616 -352366028
555620234 743465433
-416074621 -228523606
986122062 802917301
-712796790 38196027
-878633621 456956476
598662044 431254399
470159393 272716718
-199530108 -938256356
656252268 -437388511
442991205 989110590
-260730031 979046805
-167933731 -363290492
-806534914 -716522736
-459856073 506551811
-427207167 758197183
297804782 570315290
51661552 123633465
567107767 167098417
80005363 19656044
-942411070 -16205448
-112974114 -499158690
-226625013 301997750
261613652 611523759
760369383 274923064
-48305181 697823489
-648556414 -645938536
362864023 -944606770
-161583753 -903920295
-205483154 -30445331
-568503422 -902115969
663578428 -869905327
-342929582 -642991236
-327713419 81288318
981592093 528787438
107009712 396296982
-209211519 594833253
-48531485 -582231907
-919195940 -593872626
860862202 744621097
693465577 -160553964
-796163840 815891424
797913098 757009710
-967047122 361819752
-935380200 68052329
-481972994 550722854
-954492654 -327007245
494209064 503268263
159983811 -213921219
543855974 -924743593
195646046 662322186
-306002451 -502440653
-960990777 631221120
-836785040 -869648639
631439549 -220202550
857558712 -668987216
-611133839 743584398
-554774867 -205135748
-441222028 -40688246
129673856 -774831945
-429360787 -416890357
728105818 186780595
-291497650 998406363
-956489505 -676873986
931075203 958492188
845780207 -989129435
-147544643 -896757372
-741218011 706976723
-641301595 99277294
916283919 -202701009
-511606861 700676715
81505078 14485507
825336965 -883756552
-511151263 545622133
-553813670 25228281
-682556514 936175036
-281346051 949331464
-251206931 38149635
823152200 755893043
-968295704 -834951957
-980279643 618422675
919956356 -341991701
-987681500 525018172
180216978 -850841098
422668219 977530055
810985135 9756122
-51672176 -415830337
87382620 -355015769
-394264589 -912131776
-109981646 128270173
-867485932 -630406672
379900706 938073628
-754731567 -424746386
-213963802 -945341598
-112362612 -566533745
112057953 -795209475
228936140 -53486395
-409641985 600339034
530660451 232916007
306175780 -620329715
327485759 259300780
