500 500 53
839260745 344916325
839260745 235500481
839260745 671386212
839260745 -280235618
839260745 -86590303
839260745 337510956
839260745 -182522139
839260745 -597396479
839260745 822607915
839260745 660094661
839260745 926197409
839260745 -533044257
839260745 235274122
839260745 -168053127
839260745 643237975
839260745 -371337663
839260745 727177117
839260745 490729064
839260745 59401240
839260745 -754483522
839260745 785881575
839260745 549366988
839260745 413715933
839260745 365694283
839260745 240100962
839260745 258236723
839260745 442565787
839260745 358893962
839260745 -744519245
839260745 819843514
839260745 863372860
839260745 992244061
839260745 102355133
839260745 332236061
839260745 -75721588
839260745 276677746
839260745 -455193046
839260745 239632877
839260745 739286516
839260745 -200047192
839260745 280617686
839260745 -200343515
839260745 133200912
839260745 914355797
839260745 258935644
839260745 128531966
839260745 -525259874
839260745 52762938
839260745 -91831857
839260745 -705645202
839260745 -334236350
839260745 827425276
839260745 133448953
839260745 -26551743
839260745 5856623
839260745 978855795
839260745 -274486171
839260745 -163330511
839260745 -91998016
839260745 -26067820
839260745 -661798807
839260745 342704865
839260745 -900259
839260745 -516322120
839260745 -703102849
839260745 -672826755
839260745 -790639360
839260745 -296998880
839260745 392073909
839260745 725916587
839260745 -44544954
839260745 -506682120
839260745 -766696159
839260745 -458164605
839260745 81888456
839260745 774143480
839260745 409905560
839260745 -386101756
839260745 993608539
839260745 443497849
839260745 498414912
839260745 911426104
839260745 -631189841
839260745 265566592
839260745 746672223
839260745 458659527
839260745 -497139353
839260745 -199372775
839260745 -785660874
839260745 881994947
839260745 -536490017
839260745 840358600
839260745 641796983
839260745 626713558
839260745 141773320
839260745 707986399
839260745 338758095
839260745 513989384
839260745 -384708583
839260745 -618974786
839260745 931434230
839260745 -372816004
839260745 -361549717
839260745 -210719017
839260745 786481364
839260745 844246387
839260745 -392430849
839260745 788627137
839260745 -782743969
839260745 -571581774
839260745 348452120
839260745 -713971318
839260745 -92124947
839260745 302264755
839260745 -786804387
839260745 592639431
839260745 135606799
839260745 -732490381
839260745 110018363
839260745 563296381
839260745 -257914637
839260745 243311988
839260745 -279446388
839260745 565274679
839260745 419041974
839260745 937655596
839260745 -151450054
839260745 -397388458
839260745 -120067398
839260745 -591591199
839260745 350152190
839260745 509701517
839260745 -350313514
839260745 854770697
839260745 -682466800
839260745 350171791
839260745 -791367281
839260745 -152294869
839260745 390756909
839260745 -568750587
839260745 982125862
839260745 110380699
839260745 261392628
839260745 -682602384
839260745 14762617
839260745 -200663500
839260745 -43755499
839260745 -773491834
839260745 -563732814
839260745 -191297403
839260745 516626483
839260745 324810470
839260745 -290786035
839260745 975889623
839260745 869632648
839260745 252141212
839260745 271638010
839260745 964708606
839260745 619649882
839260745 -631401784
839260745 -715577847
839260745 -639195380
839260745 -552958911
839260745 -723452506
839260745 747447254
839260745 742505505
839260745 892462450
839260745 -69097293
839260745 -752246042
839260745 799027167
839260745 -604609501
839260745 167332579
839260745 -550959576
839260745 375712887
839260745 -6655651
839260745 137397349
839260745 -773523137
839260745 -281188985
839260745 -460242530
839260745 -630368304
839260745 501217034
839260745 -326239469
839260745 107914830
839260745 -462587121
839260745 254055069
839260745 -632482331
839260745 62718496
839260745 -563815858
839260745 4590792
839260745 796112497
839260745 -242195157
839260745 522149426
839260745 -254586262
839260745 489934085
839260745 -736462302
839260745 -443057206
839260745 344090678
839260745 366685096
839260745 704906875
839260745 261856444
839260745 -590171219
839260745 -85930616
839260745 -766348900
839260745 907269800
839260745 -196100057
839260745 735334877
839260745 950926334
839260745 9579694
839260745 -298851734
839260745 111481066
839260745 -528886531
839260745 145636966
839260745 607558574
839260745 -390995152
839260745 -674520594
839260745 -617852682
839260745 40361857
839260745 -128724388
839260745 377709269
839260745 -427931126
839260745 -280967677
839260745 477330773
839260745 448171341
839260745 140015404
839260745 129298121
839260745 860356131
839260745 455220516
839260745 719525312
839260745 736464460
839260745 530638773
839260745 521732255
839260745 -739999480
839260745 -312112401
839260745 185143954
839260745 583333823
839260745 894481511
839260745 355486383
839260745 600962576
839260745 -441410052
839260745 -349105154
839260745 -513758738
839260745 -687243850
839260745 861458446
839260745 916252918
839260745 91691118
839260745 343442379
839260745 -707950182
839260745 -543872144
839260745 -210385751
839260745 -461448348
839260745 -524012875
839260745 69810216
839260745 -416220216
839260745 469789811
839260745 538296052
839260745 -171603542
839260745 122968974
839260745 -438891175
839260745 -131116044
839260745 814159550
839260745 -353688326
839260745 361081749
839260745 266224684
839260745 472607394
839260745 -527852400
839260745 -368811979
839260745 370436091
839260745 -691799888
839260745 -754985721
839260745 693132336
839260745 278937401
839260745 -137059384
839260745 -52180611
839260745 -659553329
839260745 -360870343
839260745 -150336837
839260745 738231915
839260745 898121453
839260745 429171364
839260745 -657866268
839260745 -540910672
839260745 -447196400
839260745 -685127116
839260745 -390573514
839260745 928031429
839260745 -281385091
839260745 612717367
839260745 450478113
839260745 -667236702
839260745 982873964
839260745 583054448
839260745 -120052797
839260745 -147525425
839260745 125415599
839260745 783193712
839260745 -677520727
839260745 723564903
839260745 78263618
839260745 424435312
839260745 -549865506
839260745 990181450
839260745 -559857131
839260745 -521407241
839260745 -727610757
839260745 632502185
839260745 541764678
839260745 -599091142
839260745 602360570
839260745 881831755
839260745 -224389825
839260745 47921072
839260745 530231975
839260745 -120182778
839260745 887053200
839260745 347206488
839260745 387272728
839260745 754779137
839260745 983875521
839260745 -364595490
839260745 -573235262
839260745 762366559
839260745 -68770256
839260745 -494629742
839260745 -72810340
839260745 506855717
839260745 -447607044
839260745 -70016511
839260745 828561034
839260745 -455069228
839260745 -610314672
839260745 -460080180
839260745 518029275
839260745 696999752
839260745 -506449995
839260745 501802007
839260745 -373273221
839260745 766259212
839260745 492363682
839260745 -598174209
839260745 440010130
839260745 -261702759
839260745 -664094246
839260745 891459587
839260745 195586814
839260745 312260639
839260745 677600113
839260745 12785431
839260745 547255079
839260745 -716234584
839260745 -532903601
839260745 320311893
839260745 824929271
839260745 -103731710
839260745 -523403345
839260745 -231150540
839260745 805719683
839260745 -402528407
839260745 198255145
839260745 -148038392
839260745 -508831101
839260745 -40572114
839260745 -390265853
839260745 -778287449
839260745 458248767
839260745 37478364
839260745 875871192
839260745 284130208
839260745 261083535
839260745 -471750699
839260745 744120390
839260745 480100341
839260745 -239704479
839260745 -378307484
839260745 -28819582
839260745 433934271
839260745 622045663
839260745 -28415075
839260745 187734298
839260745 63648407
839260745 239125257
839260745 812504901
839260745 186540723
839260745 569211678
839260745 625106487
839260745 288038624
839260745 -36975528
839260745 -497539380
839260745 652467317
839260745 -48882566
839260745 21153885
839260745 -781774012
839260745 -111998786
839260745 939692662
839260745 743149953
839260745 378271717
839260745 514382224
839260745 64473122
839260745 -173255631
839260745 -443642057
839260745 -316360032
839260745 417855451
839260745 332622223
839260745 -39399835
839260745 -530766082
839260745 -66898361
839260745 13504240
839260745 -572701818
839260745 196745671
839260745 522493207
839260745 19825705
839260745 448200472
839260745 438540214
839260745 706828262
839260745 110927241
839260745 -174972415
839260745 883039955
839260745 878298135
839260745 902329253
839260745 -172525204
839260745 889230230
839260745 -288298905
839260745 915258081
839260745 104612244
839260745 242134239
839260745 514252901
839260745 -184646003
839260745 -741629202
839260745 397029302
839260745 -9851599
839260745 -610559386
839260745 455478059
839260745 622723126
839260745 992253165
839260745 -600634504
839260745 554654568
839260745 -477336662
839260745 226955303
839260745 -652750311
839260745 -386602001
839260745 151611003
839260745 590728654
839260745 -766794246
839260745 477099914
839260745 -409475182
839260745 754822155
839260745 -659847867
839260745 -582981465
839260745 -742343715
839260745 820604174
839260745 724984167
839260745 905076379
839260745 458967268
839260745 -414137415
839260745 -724872844
839260745 -292600434
839260745 -332543623
839260745 980700320
839260745 -726860305
839260745 69273538
839260745 -771136315
839260745 98862278
839260745 963511198
839260745 354998365
839260745 906763425
839260745 -62597463
839260745 429466363
839260745 116789528
839260745 -327844917
839260745 292100260
839260745 899969351
839260745 105795602
839260745 -560752711
839260745 393629602
839260745 -332684058
839260745 484682045
839260745 -235725236
839260745 -147205123
839260745 -3634372
839260745 400682623
839260745 259572621
839260745 800349232
839260745 932261483
839260745 -253299449
839260745 485474782
839260745 -495454725
839260745 940518074
839260745 -650369409
839260745 -440839386
839260745 70231674
839260745 135137803
839260745 826223779
839260745 263935212
839260745 121056817
839260745 889556372
839260745 318895490
839260745 457523293
839260745 -701615589
839260745 778958078
839260745 -133488541
839260745 940976902
972009633 -534719058
-487733758 -186778515
839260745 967559576
839260745 -277122808
-891986599 272128758
585280745 -886787567
839260745 386437057
839260745 187055465
839260745 259147063
839260745 -215220649
839260745 -725303978
839260745 -728831890
-522029698 -148503537
839260745 869730678
839260745 102532724
925661449 910306747
908361575 888900019
839260745 -755748090
981341681 978125767
970573073 794630907
964942469 368615904
105598579 -972865187
839260745 277013727
839260745 -313069118
839260745 499752419
839260745 263257853
839260745 -62565939
591504995 73456339
839260745 710040824
438508177 306492987
424658226 -610412034
982670906 776299055
839260745 294851370
839260745 -483267316
971527619 793184483
329573595 -899343501
839260745 540807884
921972737 -660970053
694113717 321238693
839260745 676127329
938314565 337740043
839260745 228072000
839260745 267580511
447459966 -387471459
839260745 -398119610
258786400 24631445
887045109 -844771832
839260745 -369067105
839260745 -642953985
839260745 335284178
839260745 -281872199
846181224 -887300597
838995626 995588791
722493140 992137975
573524729 938617920
701196805 865445620
839260745 627320257
532612130 445090986
839260745 -382783396
761678185 -913776331
839260745 612567203
713731165 527398091
-973036555 -432796871
-972010078 353683869
558188942 -440370416
367678745 -446137211
839260745 994043260
887456731 -93306923
846620097 986513143
839260745 -589139611
879681500 691693999
839260745 -296806327
839260745 -833538
839260745 -747663321
839260745 623793332
839260745 20658800
547290521 957978690
-359212652 -100083055
778694835 768669843
898125405 987193969
839260745 803771591
839260745 -671432587
368016137 -445107149
677583713 -195291538
839260745 124108470
839260745 277246120
839260745 -470865093
911707353 923760355
810265539 -924679562
630806856 192758697
359081293 -509168441
415893554 -547373721
839260745 827291553
839260745 -584572813
772000649 999745675
561598225 60176955
675700745 -852816773
839260745 -647110216
664092789 319210093
874349792 473685764
896162681 700512040
839260745 -549387861
837301437 995497573
839260745 -714642705
839260745 -789292695
580403094 912359931
839260745 -228322185
839260745 169069273
839260745 -387585887
861403075 836335210
839260745 -573636814
839260745 355148699
981377044 -746596617
839260745 376696580
-530727139 845513135
218375690 -559633365
727135699 119146070
588662896 -174679123
840560457 993489947
467721395 -169166711
839260745 -226128042
839260745 -662179037
868182722 480838364
866289929 722558045
839260745 -23451677
537057261 47827879
681347990 869052265
839260745 -283722753
839260745 485205028
839260745 538410115
839260745 218055505
839260745 404745134
839260745 -377462475
839260745 -38626089
839260745 313935027
351803775 -694921932
224191442 -981301755
500232905 -41447701
839260745 -664729735
913263097 986856207
839260745 444177615
839260745 569245083
-503880662 -604462757
839260745 856254217
356861085 -797999157
880346276 686728591
839260745 99443323
-462679378 -214739721
839260745 926692505
839260745 674130101
839260745 -146718187
839260745 -67328353
839260745 -184004798
973733993 643264635
515740745 -912913745
155898476 -563511234
723197377 -263199813
843379033 993159763
742307049 -301440261
406270745 -954041624
523343130 354464736
839260745 125540587
839260745 559943820
629438547 336945769
-823337688 945203946
839260745 834169889
839260745 -362452091
839260745 -650904922
388623206 -962739009
980228870 -59323961
805150577 997325575
785327869 -707881933
839260745 764234839
863788569 -868975892
839260745 -762909817
937269719 400710904
839260745 -651682668
949213744 -780070317
780383909 -955778632
977432075 -818705042
660688361 448424815
839260745 -120584035
839260745 -326677683
976470079 -751703502
976829807 -33935357
839260745 -752341527
725629894 -250681349
-292860206 162606832
839260745 -364856835
-198659358 -67682805
839524749 993584450
-906808318 280917357
839260745 90005882
839260745 -162110184
-838716974 -196848805
839260745 -685916820
839260745 632918268
515742578 889600284
839260745 129374607
270152009 -743887557
839260745 163762897
839260745 89702492
839260745 -716581897
839260745 937018224
265689677 942398896
839260745 -726612939
839260745 -586288014
944950745 -751659548
-101804319 548712929
837662918 996029727
839260745 496050836
472106681 -127317415
839260745 857088491
943554445 -501914630
839260745 -563985075
-565622205 -853783311
818570537 484935073
893346925 114009074
788457289 -255405973
397481705 -355148401
555230480 104703064
176015657 680054419
839260745 -726831773
537374762 864511164
955495209 -773532932
404246687 -367818131
962827405 817905820
77557142 -817654845
839260745 -396206508
-271457355 255992293
995248345 -409880791
839260745 548907156
-12582898 -717056697
92360216 394064269
376676455 -724405885
476789934 -100702119
839260745 716006093
839260745 860314396
952037143 -511693868
-212650757 831011032
935033273 984869791
839260745 -315213667
840058217 996043231
839260745 685596832
839260745 -52215698
575785706 867214116
652510745 -861529256
802087264 -933191037
604627451 786511144
839260745 307985614
823800353 945223459
541824223 -482129279
839260745 648892900
961714516 166484945
839260745 223011502
-217669859 259626868
839260745 872615830
839260745 142131870
839260745 -222021767
839260745 530407866
839260745 -196327601
-875505571 182939824
316626932 757938640
839260745 -426579504
960957593 373237584
839260745 189017287
311488085 522745514
836137901 -355716750
905830369 987534405
839260745 20246540
825179585 464467179
839260745 -631170099
861443564 959994903
439044233 305420283
839260745 118943817
839260745 800604595
635421515 236560051
839260745 -371438989
995962953 -809032197
895306295 -446291980
839260745 464257046
839260745 -431326537
839260745 984677150
-665143365 -493714794
839260745 448352874
839260745 -318213215
916529084 416468527
839260745 112969526
839260745 488761987
839260745 -733498227
465133913 -148605363
839260745 -199973655
839260745 909328879
684645356 662156947
897586606 153543695
-919710619 162041554
839260745 -515668082
839260745 -713492375
561752969 947305445
843526391 961747171
839260745 986981157
839260745 75918479
997549373 753753707
839260745 232458784
839260745 475079053
839318121 995019141
839260745 -226283513
429103151 990085144
839260745 -194852176
839260745 202912631
679226055 399247875
839260745 948153527
843974821 995837154
839260745 -582810303
839260745 -154571472
839260745 -285209087
-671007714 -64600886
839260745 -572207640
643354009 -103424901
400135683 -641523059
839260745 546105542
839260745 -222297077
470405469 819229424
402864505 -627144805
839260745 -536058725
839260745 -607434473
839260745 -482360270
-439227178 -240912861
839260745 -699417505
803292871 997528012
839260745 -793569554
839260745 762099171
839260745 139380453
904662809 694238970
389647074 -952728294
839260745 -15534860
874688354 -857632027
839260745 -575071043
805600796 822610699
919916276 391168591
839260745 742536485
839260745 804489286
-310191625 -90190430
994543745 -406258341
780821343 999976768
839260745 749715608
721656295 556831619
761979354 -974933027
839260745 389064055
-64731611 269961343
891311123 604828915
-172800898 -538250097
463360914 -209493468
839260745 19551936
944089799 -953637323
308594281 566464251
839260745 -412154103
607272122 -294581488
512396847 -29349731
-818681849 245496384
839260745 612778945
839260745 671173047
839260745 671418163
839260745 811210040
971379641 645002140
839260745 -350992594
839260745 -643896347
839260745 -141106191
569343602 -157230064
831439209 -372663114
563217810 890517205
839260745 436889164
839260745 54581080
946857689 663099270
297777257 -659547329
839260745 -699738137
610607765 144403051
800348201 874808055
839260745 838589873
839260745 -533585478
882413241 988906147
230762702 -988635417
57553828 -569615342
839850490 995454214
839260745 -452514585
839260745 -189962058
839260745 971335251
839260745 -14723634
418899582 -321960206
839260745 176390421
711649000 594232864
516609339 76661070
839260745 302461787
839260745 -430027105
-671558271 279357449
573432806 844208991
839260745 783105408
839260745 111963088
839260745 -656439727
-763370739 924773535
839260745 61506368
820760157 995296622
839260745 800246225
839260745 -738092185
839260745 863525235
839260745 -13861470
584298587 -211386896
691722005 445657195
839332005 993873195
493893633 809011104
563941350 751407711
839260745 461985559
839260745 -502653073
839260745 822333650
-330887349 68275596
-265279579 256409743
839260745 265803697
427360745 -946118111
973462400 -8783201
-720650316 -94428353
839260745 418985096
-399865114 800929160
420024151 -204538320
-753518640 -619957420
839260745 496446794
839260745 -708928833
-411897238 -271413639
800616314 -731547668
333498215 932258590
839260745 932764369
839260745 -685057098
62618977 132172624
839260745 905927166
342173651 -176254428
839260745 985975784
839260745 572198062
-995890714 -635001099
839260745 -627145936
991054310 763595679
679090868 700148084
482526401 -227246034
973943401 981319443
839260745 -79566096
-46195035 -38599086
320783351 537333419
839260745 21654877
839260745 570489126
-293951054 764844820
-478329658 -197273685
839260745 976714449
839260745 992957717
-631172472 -154965555
839260745 389785161
815639785 412881869
839260745 170269287
836208836 517921844
-177042454 -584176389
839260745 -608696824
-650616868 -613570458
839260745 -375865965
839260745 95573201
385480745 -961852427
288702032 -729428456
839260745 -142966589
860266457 727003350
839260745 749179928
989358560 813084955
853050890 890605879
409870745 -952689104
839260745 -404462354
839260745 369110663
419770397 384422832
-468961071 -702084216
839260745 -628189978
820965104 535601604
947661148 -506649023
839260745 946558368
620230745 -873656852
917938685 157650820
468040745 -930834635
839260745 -312799690
839260745 -790989934
839260745 845926775
839260745 410618433
941017400 396364324
497324352 -262067142
648044273 903209509
898517865 936476779
433967154 -519395394
839260745 407149724
355246361 -484093435
839260745 148242725
575662876 168648604
877730085 956518969
839260745 263771598
937869185 257073019
839260745 781675868
654929921 -126589509
839260745 -780997567
294987104 245783141
