500 500 61
1348 -1383
1765 567
-1308 1378
-1122 -1626
-1040 1605
-1486 1166
-545 -1865
1810 368
1114 1675
1786 481
-1010 -1687
-623 1796
1847 130
-1858 -63
-1856 -33
711 -1777
956 -1670
1830 263
-1326 -1476
1840 -276
-1520 1116
1733 -712
508 -1837
1481 1287
1806 -469
-1385 1294
-1718 -848
-724 -1810
-143 1893
437 -1853
-1368 -1434
1580 1092
-1783 457
1712 -768
-1208 1474
310 -1878
942 -1677
67 -1911
-120 -1927
1328 -1403
-1784 -630
-1800 381
1612 1021
140 1923
1273 -1458
549 1888
-863 1703
-1282 -1515
-1839 -326
-1820 -456
566 -1822
-1028 1613
1253 -1478
936 -1680
-1847 -260
733 -1769
-1517 -1254
-1600 -1117
482 -1843
11 -1917
-1588 1003
1091 -1594
137 -1903
-1083 -1648
-319 -1909
918 -1689
-1290 1396
494 1899
1366 1461
210 1927
-1489 -1294
835 1811
1725 709
27 1914
1721 -744
1860 -22
1356 1473
-1321 -1481
-1459 1202
-1860 -101
1856 40
1536 -1134
-1701 -897
1440 1358
-1808 -522
584 1881
-1651 -1017
-1818 279
1854 -130
-301 1867
613 -1809
274 -1884
-369 -1901
1310 -1421
1090 1690
-1430 -1370
1786 -549
1757 597
1022 -1635
-691 1774
1156 -1553
-1174 1504
-1837 -342
-1776 -660
153 -1901
1066 -1609
-334 1861
1598 -1025
-1537 -1224
1342 1489
-1199 -1578
-1846 80
1235 -1494
1363 -1368
-1386 -1416
-1471 1186
-1551 -1202
840 -1725
215 -1893
-661 -1831
-1622 -1075
1612 -997
1600 1048
-156 -1925
1547 1160
1471 1305
-1693 -919
185 -1897
1618 1007
1558 -1098
-190 -1923
534 1891
286 -1882
409 -1859
-1753 -739
-1834 -366
-1838 146
-1777 479
-387 -1898
1046 -1621
1819 -406
1399 -1327
-1601 977
1038 1720
1302 -1429
-418 1845
-1313 1373
-1852 -212
-1787 441
1117 -1578
1168 1639
645 -1799
420 1911
-1030 -1677
-778 1742
-655 1786
-1317 1369
-1666 826
374 -1866
986 1747
-1205 -1574
1568 -1080
1662 898
-1546 1077
1702 -794
-887 -1746
1652 -913
1766 -615
-1624 931
-947 1661
174 1925
-1826 -420
-1510 1131
-1831 195
-1804 -542
1626 -969
1402 1415
-284 -1914
-1577 -1158
-1055 1595
1552 -1108
-557 -1862
-585 -1854
1198 -1524
1500 -1189
-885 1692
1850 -176
-1849 -242
482 1901
-1843 -294
1676 860
1016 1732
1858 -60
-546 1817
1537 1180
1214 -1512
-31 1908
-1351 1333
1852 -154
-1642 889
-1737 -791
1409 -1315
-1787 -618
1719 729
-82 1902
-420 -1892
-1663 835
-222 -1921
1684 836
1425 -1295
-193 1885
-1727 -821
1668 882
-1806 349
1230 1594
-970 -1707
1338 1493
-181 1887
-859 -1758
-1853 6
1168 -1545
103 -1907
-1428 1242
1559 1136
1642 -935
-1585 -1144
-802 -1781
774 -1753
1420 1389
814 1818
1616 -989
1262 1569
-452 -1886
1446 -1267
-537 -1867
1562 1130
1854 60
-1349 -1453
1788 -541
-1153 -1607
1056 1710
-357 -1903
669 -1791
1305 1526
1186 -1533
1344 -1387
-1250 1436
-1333 -1469
1430 1374
1813 353
-1812 315
1833 -332
1652 924
-388 1851
-19 -1920
347 1918
-477 -1881
1702 782
-1677 -959
822 -1733
373 1916
686 1857
-821 1723
7 1912
1136 1661
1292 -1439
-1833 181
-1827 223
1795 -513
1142 1657
-914 -1734
536 -1830
904 1784
-1730 634
769 1833
1676 -858
-1782 -638
-1626 -1067
-1563 -1182
-1108 1557
1456 -1253
-1860 -102
1583 -1053
-443 1840
-935 1667
1798 -501
-1177 -1592
1843 -249
1295 -1436
1242 1585
-1850 42
-715 1766
1526 -1150
1455 1333
1734 679
862 -1715
1516 -1165
-1670 814
1188 1625
1711 755
-117 1897
678 1859
-1258 -1535
458 1905
-1134 1537
759 -1759
1836 -308
1756 -645
-1096 1566
-799 1733
-1303 -1497
1592 1066
1686 -834
1470 -1233
968 1756
-1797 396
1776 -583
-1532 1098
-486 1831
982 -1657
1664 -886
-913 1678
-1823 249
-679 -1825
-1814 -490
1393 1427
-1562 1051
-1373 -1429
1552 1150
-828 -1771
-52 -1923
-442 -1888
-570 1811
1823 -386
1845 148
1628 -965
-1228 1456
-1612 -1095
1839 198
-1144 1529
-1740 604
1488 -1207
790 1826
-1844 98
-259 1874
-1483 -1302
-1612 955
-1830 -394
1690 -824
-994 -1695
1081 -1600
784 1828
-1075 1581
622 1873
-1791 423
646 1867
874 1796
-1271 1415
1740 658
1847 -209
1210 1609
-703 -1817
-1333 1353
399 -1861
-746 -1802
1381 -1348
-1721 -839
-356 1857
1566 1122
1282 1549
932 1772
-1450 1214
-1499 -1280
690 -1784
1851 90
-283 1870
-458 1837
-1116 1551
1751 -660
946 1766
1794 445
-1856 -170
1638 959
-770 -1793
1769 551
-869 1700
1510 1234
1147 -1559
714 1849
-1750 572
-1445 -1352
-1629 -1061
-1420 1252
-1444 1222
-260 -1917
1806 388
599 -1813
1775 527
-1228 -1558
-1711 -869
-855 1707
1824 296
-944 -1720
246 1925
1829 -354
236 -1890
-1412 -1390
-1770 -681
524 1893
794 -1745
-1367 1315
-1394 -1408
-603 1802
-1654 859
684 -1786
-1794 -590
1595 -1031
-1521 -1248
859 1802
1008 -1643
1431 -1287
1080 1696
1743 -684
1300 1531
-1665 -987
1856 -96
-223 1880
-851 1709
-1156 1519
-1572 1033
1496 1260
1818 328
-1405 1270
888 -1703
-973 1647
-1747 -759
-1504 1140
1324 1507
1858 10
1630 979
-1632 913
-615 -1845
1202 1615
1141 -1563
-1453 -1342
1648 934
-1619 941
1381 1443
49 1916
-1137 -1617
-1687 -935
-1465 -1326
1800 418
735 1843
280 1923
-635 -1839
528 -1832
-1190 1490
-1758 546
-1056 -1663
406 1913
1841 182
-1637 -1045
-1323 -1479
-503 -1875
-753 1752
49 -1913
344 -1872
-1584 1011
308 1921
-838 -1767
604 1877
-1101 -1638
-1854 -192
-721 1764
1524 1206
1695 803
-58 1905
112 1921
1835 228
-78 -1925
-1768 512
974 1753
-1798 -572
1748 630
-1012 1623
996 1742
-1319 1367
-1214 -1568
-1240 -1549
-1840 130
1782 499
-988 1638
-676 1779
73 1918
-512 1825
-1858 -140
1812 -441
-1762 -709
455 -1849
-2577 -1585
2977 -463
-2707 -1329
1667 2685
2541 -1867
3009 207
3009 -141
2245 -2229
2979 501
2869 1093
-235 2979
-1765 2445
1793 2619
1731 2653
45 3005
2627 -1709
-1451 2637
1283 2841
-2601 -1541
2267 2255
-3021 53
-2721 -1301
-2779 -1163
-2847 -973
-2605 1529
2059 2437
2853 -1121
2115 2393
2975 533
161 3013
-443 -2971
2175 2343
2833 -1193
-2689 -1365
-2101 -2215
2827 1253
153 -3013
2835 1225
1935 2527
-2467 -1769
-813 2873
2537 1917
2907 -891
2359 2163
1479 2771
289 3013
-689 -2927
2771 1425
-2995 355
2347 2175
2935 787
2163 -2311
-2939 655
2807 1317
2847 1181
-2093 -2223
2259 -2215
-1149 -2799
2855 1149
-1675 -2541
2689 -1581
1409 -2769
2997 339
2243 2279
-575 2925
-2665 -1413
-1537 -2619
-1875 -2409
-3017 119
-2541 -1649
1077 -2867
2777 1407
3021 39
1527 2751
-2319 -1977
-1417 -2679
-2191 -2125
-2977 469
-2271 1995
1555 2739
-2875 905
-1647 2525
1997 -2459
2949 707
2289 2233
-2755 -1223
-485 -2965
-1297 -2737
-3001 -191
-861 2861
-2253 2013
-1257 2727
-2989 397
1319 2829
225 3017
2649 -1665
2639 -1685
2929 -781
2841 -1165
-649 -2935
-2677 1389
-1463 2631
1581 -2705
2487 1995
343 -2995
2791 1365
-2921 731
-2019 2243
1869 -2547
2919 -831
2139 2373
1717 -2639
-1041 -2839
-2927 707
-2517 -1691
1015 2915
2581 -1797
1761 -2615
-2055 2211
2383 2135
-3013 -67
-1179 -2787
89 -3017
-2873 -895
3017 99
2875 -1033
2495 1983
-2681 1381
769 -2933
1045 -2875
-1811 -2453
2859 1133
405 3005
-1959 2295
1189 2871
1021 -2881
-1097 -2819
2709 1579
-1565 2575
253 -3005
2997 -285
-1047 2805
819 2955
1869 2571
2937 -733
-1617 -2575
2041 -2423
-3009 -115
-1961 -2341
-2971 -427
-521 -2959
-1227 -2767
2439 2065
609 -2959
3013 155
-2385 1863
-2977 -385
667 2977
-887 -2883
2419 -2043
2755 1469
-525 2935
2749 -1437
-205 -2999
2467 2025
2493 -1941
-2889 -839
-355 -2983
-877 2857
-2639 1465
2375 -2095
1475 -2747
2973 -495
-2077 2189
-2695 1353
2601 -1761
-307 -2989
-2629 1485
1929 -2507
-929 2843
-2135 -2181
-1835 -2437
-3021 55
2887 -981
1051 2907
2213 -2261
1703 2667
-3013 175
-1493 -2641
-2655 -1433
1379 -2779
2947 -673
-2731 1277
1905 2547
3001 -241
-569 -2951
-1701 2489
-1683 2501
-2431 -1823
-253 -2995
-3009 227
-725 2893
-901 2851
1239 -2823
-2499 -1721
-1347 2689
-2495 1717
2577 1847
1821 -2579
-927 -2873
-1501 -2637
2963 617
-1793 2425
1307 2833
-2029 -2283
-745 -2915
-2969 513
1149 2883
2911 907
-153 -3003
-7 3001
-2869 -907
1279 -2811
2967 -537
1941 -2499
-2835 1021
3005 255
-2347 -1941
-2475 -1757
-781 -2907
-3005 -155
-999 2821
-55 2997
-3017 -11
-283 2973
1457 -2753
727 2969
289 -3001
-2809 -1083
-2985 -325
2399 -2067
-2165 -2151
581 -2963
-1391 2667
-1053 -2835
-33 -3011
2985 453
1833 2595
-2761 1207
2727 1537
-2901 -791
1591 2723
1241 2855
-2673 -1397
-2907 787
-1595 2557
-2463 1763
-2445 1787
843 -2919
457 3001
2673 1659
1975 2499
-1237 2735
87 -3017
-2545 1635
-2623 -1497
2967 589
-1997 -2311
2435 -2023
-2643 -1457
-2557 -1621
959 2927
2669 -1625
2921 857
-1523 2599
-2515 1685
-2257 2009
-2851 977
-2213 -2103
-2945 -587
-2959 -503
1789 -2599
2203 2319
-2585 1565
2705 -1545
1623 2707
-1377 -2699
-1769 -2481
-971 -2861
375 -2991
-2241 -2071
-1715 -2517
2519 1947
2943 743
-1615 2545
2693 1615
-2743 1249
1459 2779
-1885 2355
-2933 -647
-2187 2079
-2121 2145
2805 -1285
2991 399
-387 -2979
-2419 -1841
1981 -2471
-911 -2877
101 3009
2963 -565
2505 -1923
2191 -2283
-999 -2853
2289 -2185
-2817 1069
2955 -621
1519 -2731
-2913 -739
2035 2455
-671 2905
-1937 -2361
-2295 -2007
-139 2989
2557 -1839
-2911 771
-2065 -2251
1763 2637
2017 -2443
-2781 1159
1411 2797
-2999 323
-2857 -943
721 -2941
1197 -2835
539 -2969
483 -2977
-1987 2271
-2371 -1909
-2995 -245
2113 -2361
2875 1069
2779 -1359
2605 -1753
-2355 1899
2319 2203
-1077 2795
-2203 2063
1851 -2559
-2153 2113
-433 2951
-2569 1593
-2965 533
497 2997
2211 2311
-1305 2707
-1849 2383
-2097 2169
1445 -2757
969 -2893
-1449 -2663
-2797 -1115
-2447 -1799
697 -2945
1331 -2795
-2809 1089
2147 -2327
-1725 2473
-2659 1425
2741 -1457
1125 -2855
-1645 -2559
1693 -2651
-1817 2407
2473 -1971
661 -2951
-2947 619
2521 -1899
-2725 -1293
423 -2985
2941 -709
-99 2993
869 2945
2077 -2393
619 2983
-1207 2747
2309 -2165
2629 1747
-2303 1959
-2233 2033
1599 2719
-2421 1819
-325 2967
2139 -2335
2203 -2271
-2963 -479
2821 -1233
1881 2563
-1167 2763
1653 -2671
2761 -1407
-1513 -2631
-1781 -2473
2601 1803
813 -2925
-2743 -1251
2003 2479
2791 -1327
-2241 2025
1169 -2843
2863 -1081
-1269 -2749
-2865 935
-2147 2119
-2771 -1183
-2153 -2163
-2483 1735
-2331 1927
2427 2081
-2937 -627
3013 -85
933 -2901
2795 -1315
-2825 -1039
-2959 563
2653 1699
-2887 863
-1119 2781
2403 2111
1905 -2523
-2899 819
533 2993
-2951 -551
2983 -415
2815 1293
2987 -379
-2405 1839
-1341 -2717
-97 -3007
587 2987
2911 -871
2611 -1741
3001 299
2899 -927
-2985 421
2957 659
2343 -2131
-619 -2941
-1581 -2595
2095 2409
2887 1017
-381 2959
2927 827
-1733 -2505
-2885 -855
1367 2813
1337 2823
2747 1489
-2793 1129
-2831 -1021
883 -2911
1685 -2655
2453 -1999
-2991 -277
3017 -25
2639 1727
909 2937
-615 2917
-835 -2895
2725 -1497
-1935 2315
1105 2895
349 3009
1617 -2689
-457 2947
-1129 -2807
849 2949
-2391 -1881
2899 963
-2711 1321
-1479 2623
-2921 -703
783 2961
2607 1791
3005 -193
2781 1395
-761 2885
205 -3009
-3005 275
2553 1889
-505 2939
-981 2827
-199 2983
-2859 953
1539 -2723
-1419 2653
-2265 -2043
-2527 1665
-1915 2331
2993 -325
-1907 -2385
