4 500 14
4 11
10 16
10 19
15 10
14 11
5 17
4 7
12 16
5 2
18 22
13 21
19 0
18 16
5 6
19 17
9 0
13 13
3 10
20 15
14 0
15 11
8 12
22 9
6 7
20 22
15 16
0 11
11 2
20 18
1 18
2 2
1 9
16 12
16 4
5 3
6 20
0 12
14 17
7 17
3 19
4 9
17 0
10 2
19 13
20 11
16 20
13 20
20 13
4 3
12 4
6 12
12 18
6 9
22 20
1 15
3 18
10 7
2 4
16 1
5 4
0 0
4 13
6 2
5 14
19 20
21 22
18 18
22 8
15 15
16 0
1 22
2 12
13 15
12 21
0 13
3 9
14 12
19 6
18 7
4 5
4 17
22 19
2 8
12 8
13 3
6 18
15 14
1 8
10 12
18 3
13 16
0 10
3 7
15 20
9 15
2 18
7 3
17 1
14 14
1 11
20 7
14 2
16 7
8 20
21 14
17 3
7 20
17 22
8 16
9 22
7 14
13 7
9 7
0 16
9 12
6 1
12 9
8 13
3 0
1 17
13 1
12 15
10 4
19 1
8 11
13 4
18 19
10 17
1 10
15 12
20 5
9 19
5 20
8 10
11 21
6 3
17 5
10 9
4 8
15 3
8 0
21 1
21 9
15 5
16 3
14 6
22 10
4 10
8 14
15 19
22 1
8 22
9 6
14 7
14 18
1 0
13 18
1 12
21 2
1 5
19 2
16 22
9 14
13 0
15 2
6 11
21 15
4 15
22 11
14 1
12 5
22 22
17 17
20 1
21 6
10 10
22 3
12 20
6 10
20 3
19 22
21 10
14 16
15 22
19 4
10 5
1 2
9 21
19 15
19 3
10 13
3 22
9 10
5 0
10 15
21 20
17 4
21 3
0 15
11 17
2 11
19 14
20 12
4 4
7 9
22 5
11 4
21 0
21 21
8 21
22 0
22 21
17 16
20 4
1 14
15 4
4 21
12 7
14 19
7 12
8 6
11 6
2 21
3 16
18 2
5 8
14 9
5 19
14 10
10 0
4 22
15 7
0 1
5 10
11 5
3 20
17 14
16 5
11 22
5 12
12 1
14 8
16 16
2 20
10 21
4 0
21 11
2 1
13 14
20 0
17 11
18 14
19 21
0 5
4 2
18 6
10 6
1 3
2 10
18 11
0 17
12 19
17 2
13 19
16 10
20 8
7 10
22 7
10 3
10 11
6 21
22 12
19 7
9 4
3 21
4 18
12 3
6 19
11 1
14 15
21 19
12 0
3 17
4 1
9 18
0 14
22 6
14 5
9 5
6 6
12 13
3 4
11 8
1 19
15 0
16 8
2 14
1 21
18 17
18 12
5 18
7 0
16 14
9 17
1 4
1 16
13 5
8 3
13 10
21 8
8 19
16 6
11 7
18 13
18 5
2 17
11 20
7 19
1 20
5 7
20 10
0 7
1 1
5 15
5 21
19 5
14 22
8 18
5 22
17 19
11 18
6 4
19 16
10 22
9 20
18 20
17 7
11 10
8 15
2 3
11 13
8 2
7 4
13 9
5 11
10 1
12 2
22 15
18 4
7 8
2 5
2 16
20 6
18 8
17 18
1 13
11 9
4 12
13 17
2 22
21 4
22 2
16 13
12 10
14 20
17 9
6 13
18 10
9 16
11 16
6 16
0 22
17 13
6 15
1 7
8 9
11 3
16 9
14 4
8 1
0 4
12 22
2 13
7 16
16 15
21 13
13 22
4 16
10 20
10 14
9 2
11 11
9 3
14 21
7 21
0 18
14 13
5 13
0 21
6 5
22 16
12 12
4 19
21 7
19 18
7 5
11 14
20 2
5 5
15 18
13 6
3 2
11 0
6 0
2 7
22 14
20 9
22 13
3 13
21 18
0 19
17 15
18 0
3 11
22 18
5 16
2 9
11 12
8 7
7 6
15 6
20 17
20 14
20 20
9 13
3 1
9 1
2 0
5 1
22 17
20 16
2 19
7 2
18 21
19 19
18 15
16 19
7 15
19 10
19 9
8 8
17 21
13 8
16 21
0 20
7 1
3 5
3 14
4 20
13 11
12 11
19 12
18 9
9 11
2 15
16 17
8 4
9 8
4 6
3 15
21 5
16 18
15 21
17 20
17 8
17 12
3 12
21 16
0 9
1 6
7 13
6 8
6 17
22 4
2 6
12 6
11 15
10 8
19 8
13 12
19 11
3 8
8 17
11 19
17 6
15 9
0 2
6 22
9 9
18 1
12 17
14 3
21 12
15 13
