500 3 98
-512340885 -512340885
-997029267 -997029267
-690147962 -690147962
451031393 451031393
660079977 660079977
-682847635 -682847635
-770210362 -770210362
-670642835 -670642835
-199677781 -199677781
812980776 812980776
30263600 30263600
79584620 79584620
533146990 533146990
723768241 723768241
810017099 810017099
-415391891 -415391891
600730172 600730172
-180955853 -180955853
677036844 677036844
-510890198 -510890198
829341904 829341904
982784674 982784674
-390114688 -390114688
-71682583 -71682583
545372514 545372514
363193256 363193256
-748066738 -748066738
432983283 432983283
103290630 103290630
-352120358 -352120358
-377711043 -377711043
-914926312 -914926312
928574236 928574236
-278225874 -278225874
930071508 930071508
-185339032 -185339032
-868834836 -868834836
-794657864 -794657864
316121339 316121339
560958545 560958545
-94095806 -94095806
140013442 140013442
-569395146 -569395146
123147678 123147678
-130192649 -130192649
-301814601 -301814601
336231030 336231030
782191033 782191033
583241432 583241432
710082919 710082919
-921485874 -921485874
461786185 461786185
244855233 244855233
747361593 747361593
-919329672 -919329672
-848793892 -848793892
-353985540 -353985540
-823782332 -823782332
252850950 252850950
65088103 65088103
-762752211 -762752211
922738992 922738992
980219290 980219290
392854265 392854265
-237159682 -237159682
68967763 68967763
-146897616 -146897616
266359761 266359761
228024855 228024855
-404416303 -404416303
987930228 987930228
-206526924 -206526924
420790833 420790833
157211308 157211308
302036803 302036803
-871270598 -871270598
698316320 698316320
-108193110 -108193110
-827058840 -827058840
-586141306 -586141306
-37620599 -37620599
-682583294 -682583294
-634713803 -634713803
-748056180 -748056180
499477198 499477198
-53676770 -53676770
118326664 118326664
910817324 910817324
-427272820 -427272820
-142807965 -142807965
-191710447 -191710447
-59801050 -59801050
547321068 547321068
559808561 559808561
612806710 612806710
164917551 164917551
126097059 126097059
764627184 764627184
-368475176 -368475176
369198415 369198415
-190954289 -190954289
235259368 235259368
-935682174 -935682174
-178716140 -178716140
198435674 198435674
886548558 886548558
-983069018 -983069018
870678439 870678439
-806226146 -806226146
912662347 912662347
-849585544 -849585544
335075329 335075329
264308686 264308686
441785053 441785053
-494776885 -494776885
-187724667 -187724667
-997406758 -997406758
-838167628 -838167628
-355692809 -355692809
389844228 389844228
926887851 926887851
949341684 949341684
201908801 201908801
-616502441 -616502441
964497992 964497992
-224433022 -224433022
790611024 790611024
-183236405 -183236405
535897124 535897124
-922617955 -922617955
974678726 974678726
-655557489 -655557489
-164339639 -164339639
410939226 410939226
-929344915 -929344915
104907702 104907702
-778168900 -778168900
-936359726 -936359726
-440304199 -440304199
-67657992 -67657992
962781190 962781190
-354888010 -354888010
-249582679 -249582679
257205802 257205802
-20965559 -20965559
-41375293 -41375293
-9995373 -9995373
-244315539 -244315539
-480520043 -480520043
-958933889 -958933889
-389929677 -389929677
139319994 139319994
-107488052 -107488052
660184291 660184291
-980820255 -980820255
169621289 169621289
-400706154 -400706154
328919082 328919082
993334498 993334498
-481260206 -481260206
403211249 403211249
-156964959 -156964959
-734046135 -734046135
510148068 510148068
530998762 530998762
-439711851 -439711851
923482408 923482408
-370477185 -370477185
343311103 343311103
-90097530 -90097530
956781002 956781002
425641523 425641523
272985941 272985941
-830413422 -830413422
-430831576 -430831576
-141720853 -141720853
-282815895 -282815895
-316598744 -316598744
-83229868 -83229868
79560527 79560527
-521403596 -521403596
-166090003 -166090003
-468100473 -468100473
821796605 821796605
-952811976 -952811976
-751529192 -751529192
-865490200 -865490200
-670087366 -670087366
-701343662 -701343662
-643415019 -643415019
483449012 483449012
-45256074 -45256074
-656734861 -656734861
443197183 443197183
-217146368 -217146368
19341736 19341736
16167897 16167897
603818906 603818906
-590760659 -590760659
-873577026 -873577026
660983131 660983131
282698291 282698291
809849530 809849530
60766369 60766369
549259362 549259362
94802609 94802609
-747927732 -747927732
-593991037 -593991037
-129466854 -129466854
-881658018 -881658018
588888622 588888622
306944169 306944169
-346206407 -346206407
157651629 157651629
470885510 470885510
-118884109 -118884109
111563526 111563526
-637020711 -637020711
956344700 956344700
838839102 838839102
10710922 10710922
975218547 975218547
180043498 180043498
870635576 870635576
925393594 925393594
-247935637 -247935637
998917981 998917981
247863939 247863939
-216357801 -216357801
-857945115 -857945115
905386727 905386727
671110775 671110775
-651849376 -651849376
-128245499 -128245499
-126141799 -126141799
112718243 112718243
775591488 775591488
-15371940 -15371940
-131893447 -131893447
-535161571 -535161571
135889847 135889847
-26987509 -26987509
-947327808 -947327808
630546642 630546642
678214664 678214664
493080970 493080970
-864262679 -864262679
643406076 643406076
-914851287 -914851287
208567557 208567557
280353628 280353628
-141409962 -141409962
-141736642 -141736642
-224101966 -224101966
766105017 766105017
-981721503 -981721503
360247983 360247983
148725199 148725199
-310565428 -310565428
-946431601 -946431601
981604729 981604729
-83146001 -83146001
382288164 382288164
-88043138 -88043138
-19630996 -19630996
-859114615 -859114615
991172203 991172203
-396228599 -396228599
-164913545 -164913545
-195224698 -195224698
473951268 473951268
464839300 464839300
-70173498 -70173498
-899484120 -899484120
-549565408 -549565408
464025386 464025386
-150576095 -150576095
-69541000 -69541000
-750680704 -750680704
-339914810 -339914810
550878372 550878372
641884344 641884344
-798363161 -798363161
-751248371 -751248371
884199566 884199566
-792115095 -792115095
-383416091 -383416091
245770100 245770100
-201310563 -201310563
419739054 419739054
-887239580 -887239580
-624923969 -624923969
-198524835 -198524835
329684931 329684931
886290566 886290566
442667277 442667277
-545734400 -545734400
284059345 284059345
555095664 555095664
666024724 666024724
-816796179 -816796179
-304037712 -304037712
-85288034 -85288034
-780068138 -780068138
525436724 525436724
461037647 461037647
90139034 90139034
-835745908 -835745908
433906811 433906811
-807811929 -807811929
945989211 945989211
821389081 821389081
372643420 372643420
904733774 904733774
-209881538 -209881538
-279237960 -279237960
-259723469 -259723469
-135064975 -135064975
153033367 153033367
-963768352 -963768352
-320347367 -320347367
379439881 379439881
91760042 91760042
205978030 205978030
-132861685 -132861685
-66358638 -66358638
495643216 495643216
149909324 149909324
-614719812 -614719812
-994194891 -994194891
-874297211 -874297211
76024961 76024961
-499469168 -499469168
-791140037 -791140037
-521845729 -521845729
342946506 342946506
-311591213 -311591213
-426177265 -426177265
38751716 38751716
490260044 490260044
872145615 872145615
549209010 549209010
862227290 862227290
-417490600 -417490600
-664169321 -664169321
-134095856 -134095856
-474103847 -474103847
444359506 444359506
949647987 949647987
393885110 393885110
211318977 211318977
796078078 796078078
-860236438 -860236438
-937314435 -937314435
844210571 844210571
472051471 472051471
37001865 37001865
-72802190 -72802190
-470570565 -470570565
-756290848 -756290848
-705254967 -705254967
893858315 893858315
-222204921 -222204921
-19867935 -19867935
415570703 415570703
125676258 125676258
116589230 116589230
359490314 359490314
-131504060 -131504060
-11685702 -11685702
-988855375 -988855375
157747587 157747587
-346738283 -346738283
642813061 642813061
-716739931 -716739931
679524146 679524146
103923578 103923578
-655398360 -655398360
-262571883 -262571883
-275272845 -275272845
25738060 25738060
-294974009 -294974009
789532077 789532077
-624679971 -624679971
655010875 655010875
603277550 603277550
884955462 884955462
-217322345 -217322345
400822814 400822814
-713441003 -713441003
-764239665 -764239665
-286625499 -286625499
663620095 663620095
10650691 10650691
-791172409 -791172409
-713393676 -713393676
903324776 903324776
-937508207 -937508207
-131758336 -131758336
363774084 363774084
-792632787 -792632787
-23195853 -23195853
-238704033 -238704033
-264248517 -264248517
-470523006 -470523006
247445924 247445924
304058109 304058109
134374075 134374075
-320922748 -320922748
-785221436 -785221436
120978454 120978454
909729972 909729972
-70984922 -70984922
-177292812 -177292812
756713147 756713147
-816963395 -816963395
-825260119 -825260119
-937824866 -937824866
532802683 532802683
-417788420 -417788420
-488011389 -488011389
-454484975 -454484975
164214143 164214143
-141432406 -141432406
-469474435 -469474435
-786504921 -786504921
-215953986 -215953986
-54540796 -54540796
220237987 220237987
-604084336 -604084336
-15896270 -15896270
-771444576 -771444576
-993343781 -993343781
900419727 900419727
980727206 980727206
746019873 746019873
-558549692 -558549692
-72748930 -72748930
-569720893 -569720893
890015097 890015097
-18473790 -18473790
-790634548 -790634548
-686746228 -686746228
-768892736 -768892736
-740327649 -740327649
243417094 243417094
410385556 410385556
153797930 153797930
271483551 271483551
839867885 839867885
338515119 338515119
971587447 971587447
307793095 307793095
932954598 932954598
269220598 269220598
700548419 700548419
433645709 433645709
-86229309 -86229309
280830256 280830256
-804824381 -804824381
-991709955 -991709955
851265331 851265331
-947787803 -947787803
-597235287 -597235287
-503780839 -503780839
-335887915 -335887915
946380896 946380896
-50735711 -50735711
-907708869 -907708869
429532040 429532040
-410354569 -410354569
914082996 914082996
840661747 840661747
-295651135 -295651135
915127987 915127987
289332505 289332505
-279523155 -279523155
162606402 162606402
-953423821 -953423821
-981338541 -981338541
732309194 732309194
239399243 239399243
-488805431 -488805431
183433460 183433460
319688178 319688178
-356520492 -356520492
495684627 495684627
483682983 483682983
-524554750 -524554750
-571370555 -571370555
-583339180 -583339180
443016967 443016967
891241864 891241864
-468715223 -468715223
-785340729 -785340729
-72300407 -72300407
-655907680 -655907680
845935787 845935787
-294811583 -294811583
471223856 471223856
1000000000 1000000000
-1000000000 1000000000
-1000000000 -1000000000
