4 500 7
-476636592 -854537496
-908406853 932381623
-707068754 -890003066
58385260 -291357753
-709549006 -724582725
371070418 -158976412
684589595 265105012
-473323100 -691413669
967970807 -711091272
-72050470 197751371
637463713 791283940
-93706748 297610630
-579642099 206973956
33573278 165926209
196890170 -358029349
-953302009 734927112
162051727 341708482
-133528339 -194135776
-923850186 94172682
-115456239 -93018798
154362873 66659109
-852646388 -785583910
-509953980 242655683
929495921 -914476746
-530959683 -514826546
95690019 633828501
209557240 541379489
552757136 484942287
-715786751 -615340817
628298039 55988172
-946553897 552118576
-524862965 206435760
-255966580 467498276
-893928006 -439898006
-477484800 598454613
-783881764 951243622
-707495326 532616587
905565531 806318891
553845527 285473480
349657115 192268433
601616774 -959769305
342988211 -920122357
-394143357 675654310
-304074273 552876364
14003562 717771224
-330575030 -544030019
731299148 165559159
962730899 -751050720
758735818 -120042150
-467522782 811233651
316705442 -168390990
-405582095 -311991434
360453077 566080629
-564302005 -820789496
847270651 -396792584
-226105881 860731971
-837434491 160729475
446772891 -135211702
813119694 261136890
586500043 215216801
657718085 -439271853
-29948100 -512114477
22500659 -999900604
-168301661 -623272188
-679093703 -585967814
-289442393 -331357915
29886101 -219732601
-196444492 -802948205
290713310 186098245
273968683 -52323269
625339395 -421926956
278073764 -506893964
679310477 472513773
910791802 598323667
177964838 156778582
222781437 -727952668
-990805174 162666125
392521238 194024521
57696202 -894018431
14412278 506746669
940558586 226895678
-291650132 -561347034
-835004438 417782414
174851213 -558482710
190216489 -901994646
55557849 -124740780
-562439512 805543279
223632915 -834661643
588621851 474234961
-402966456 936692641
-219423017 -429530335
-485093670 433620931
305920726 8635576
102182043 870386852
97430214 -148141105
-375049967 166018982
-680121871 -481664589
-392882309 -96750513
799451158 -758794616
158281166 -216770973
-197258663 991356786
86305494 -41966351
285549022 -906697765
681744885 607407762
-920702994 617391956
741030817 -647339855
20327410 -808994503
13976942 568480636
-979382366 609395449
826994296 -644323182
-230408224 -667386769
769102689 946330461
-57831335 17027744
-428907135 130244513
162217038 -417888839
903828564 -259114487
-107283030 -894865421
-206757990 240615815
-55632028 -754087336
-546341518 786611609
-541869488 483210596
61396278 116229475
-455841320 215084202
840022405 -749590281
247193289 -703517863
205741705 -490451044
-942090116 881070043
-403352420 -205522077
-765660014 958448954
354605159 -469715978
89521605 747695357
-914213856 -869388431
-23584989 346623320
-56562906 -999991387
579847341 -960071058
-446023297 269571690
-22930851 -297332295
-85185817 -145171378
668886870 -534209980
416287698 828910311
312424003 -877190
-222203387 320036254
-661214622 479271354
345123409 291245193
-141805289 247395334
-410053905 657771640
-362657406 -629542732
40953855 415356458
-708610129 240513698
-432962424 -797327748
54275537 454691929
47169499 708065006
611589702 344450439
123667173 922367666
-736072858 -584691807
-423595275 751780633
-363307945 -891761388
889806444 529615249
178478426 94799645
826551061 838748818
146568151 -233543278
706335581 -837566690
747022652 -759973221
-487664094 -551231094
983262218 -745024293
-561431107 174307191
154040390 -856244974
713227454 -560465732
-351807968 663154471
535544688 -69516530
-33647446 623763688
-756202897 714569681
443034580 -84173933
-374943822 727659847
-27460860 -902485498
539828907 174814373
777324849 787331780
-489394909 -851347468
299097697 786954651
327206992 -925218715
212215023 -252105652
562425650 712447181
853562740 -876115312
825796002 -728798341
-504443800 623511095
-955818543 -565553355
-949915335 279942402
108196874 940866316
635608879 -902597606
275861846 438365780
811481326 -154635347
-632774517 -229437531
135278673 -293907025
-1221363 536616838
-5114922 -970359383
-218577244 916390223
567550286 -953145079
-696817933 695586884
155053245 59601550
144219687 -689605021
380815474 808254675
-30760648 -150061129
191129141 717316629
-968527605 661316579
706697814 -886758268
-207909229 561897327
-422711202 357677155
927008912 -878557037
-2405828 173912151
496087876 -238450772
-72188883 -647376073
993461467 655965107
-877081981 -139623816
-765614113 65471987
-15185296 -11032716
711407876 517381485
267579319 -550665768
702572837 622173044
-976367129 -362496219
-783924434 -455177595
284102701 126054402
-540019163 139224036
-236035001 420511477
-354948724 -745860268
940579739 990216768
-690952112 -64333428
78637858 -923267454
-851482812 462812509
84209599 -101107123
-207418698 -186714319
-195265005 607162950
-457030904 800409139
-983310039 626144749
-251654870 147642252
-601439452 -689112470
65526580 254657989
497255075 -418048123
9380243 438349716
164193003 -160042649
-297536583 -9282329
877539528 -869973326
366670281 -194993128
361914271 741986228
-419212314 723295905
803924648 -984639045
388025603 -778047062
-867821152 539162408
466792294 977060018
536840905 -329763742
-791644098 977901254
-257003464 558110198
-611198986 778601198
-264006934 -589678831
859513292 30530079
-591490824 -89868592
219073111 -318330636
803239093 -439438232
-471640235 -453700318
-502856740 -623214710
672118632 486328167
352758900 927117003
700464044 999827596
430776154 -468163464
39418029 464290036
813384275 173321854
947462187 811862663
192099723 795998161
683513947 -190666200
-686436522 199068105
-277249681 668080397
886305977 -568793444
955120083 406984762
-454966359 930936096
-241739654 542807170
-347068484 304931332
690268651 -310878066
286112218 536811155
-45654089 936829608
-616493501 922742544
-266094055 -758318584
286571210 632418485
685661982 -651668639
-295350462 170020844
-692982738 -91786125
-855502842 204774969
540680451 -913213812
505084105 -920375040
-969595142 -14375298
371154650 952704851
481080132 301616884
-727050965 682885334
-459077492 58764493
31248593 -297458054
363308857 -766766461
-987181386 938198029
805546502 408984420
873343446 884845685
-954574877 406621867
339622813 889816501
-653797693 -32786258
398771280 419636682
242208896 447694405
227966276 -179904540
546686334 -491972956
469939973 933302843
300936535 -235494562
-87647440 95541278
-549037958 -377534413
101186000 -497306792
912315524 190901326
-2385478 181493984
773785306 101530701
-611894684 6909937
592845277 710025116
513505157 -108361226
-82100171 909071774
-727953447 -921530830
766830763 444948013
-997439567 -735186966
-474043686 -557596648
-297760152 -739442826
-916478221 751028213
-19438738 311393698
141887845 -827138904
469876133 -667463196
4630554 -459106775
124855298 314799405
-201107668 638903771
638308431 587333875
-656511851 -616604344
428869785 -341741951
-245458263 -660656507
318551399 700459306
-377871177 740339376
97170270 -233278271
-548061510 299980822
-135853420 933568072
178177304 -491496387
791992136 -214403373
871855096 -329346327
-622452535 188478842
-999649754 10312554
-697429780 -853725780
992522651 -184051270
636192229 -858560315
748786464 977401017
649053991 893736319
-953739529 769733931
899758086 477519494
381627732 -905687403
-727391955 -363259938
-600976500 -575642633
991502557 -295589444
-174079678 902809424
44551893 -869325094
-653560831 115489437
-713174853 782253481
-380934957 -150111581
-466810549 869407869
-705073763 -569195870
-449856318 -268556979
772511745 -534742810
623808038 439766678
412096351 -659183579
-946557163 -154698938
912671872 530940669
286182487 265162162
195861930 334940378
-619632778 240196531
397624271 -40557995
219181504 732961754
-707916729 -525223978
-383250001 795032787
-301256081 -845614923
-860037459 -273645453
-997814636 -276457069
226065622 877060442
523687263 140289852
-145787846 368956720
30762363 -634123022
12711302 -868210930
-901185005 921043202
-341459839 18813394
-249459105 446494353
123015410 712642197
-265290084 -962244715
-662676064 -240968756
-493394874 -822313646
180636524 -769240456
-888503264 -810991954
-741385735 -939563137
-313657091 812169473
-25640095 -70545926
46432796 99696895
641237980 -384199316
-541119724 -569897882
181154831 213111376
-491958195 -130940704
-164681614 994391081
278062840 794268428
336946287 -388988842
-933355740 12135160
-101294957 -125721428
-314380255 -212940138
-872385998 -647081725
507142298 -29511138
-972539927 -473290985
-417905008 -6136406
-397390323 674205042
-15488329 -924886572
194626331 -645392297
530483697 575294352
-838322863 -473404738
408614351 -895407926
107821286 499454239
424393830 866953139
-980577265 165734938
850382338 534392530
-343181690 173670961
-105450432 -461373115
141541515 159579408
-168270727 -452291254
-611135722 -274434859
394510141 548793591
-769543590 572261926
196813083 310665596
-83296158 298259436
919188386 485864121
-612912559 491545618
481906605 -933407886
826509515 110329915
818588111 -464862878
787921411 274139452
489197712 -757661921
524102781 37706761
612282330 22234677
369045295 -102714278
353361821 873498402
-989984988 -281601167
-706854603 -126799699
860007892 -949664912
-389214224 560229047
-213597112 -847441655
-678298796 -194307101
357176069 855622998
336007714 997118220
-183301257 570752838
727130192 71135666
267064407 -352430935
-994969591 -438159674
152737446 -242656883
-351678137 553699765
499502814 -370173491
-902516356 -982221798
891302049 -694412433
527457460 633453157
629355866 -64806354
125858667 919241920
462413449 955960641
-432204786 -797622752
905160290 -368463518
143628779 -995137665
-934770519 -270081767
823937741 616018784
852541705 481457075
298253128 580626180
-671610458 807886257
-525335773 -607466216
-872228392 702779084
531323327 -806285575
-821631676 -553916399
-591674604 -685810532
657341487 316702822
-459066046 -658033153
765350945 453002906
-360639972 554202969
-543739321 423626556
66492920 -957242809
-778215030 99908821
8583179 -250799255
-918785928 162819308
-679127158 326379357
-468814395 -997215109
376287524 -232905495
975340760 -384320780
-623197081 -287901576
-331484469 -531892906
875776100 -783768585
112252282 23364296
-428813609 -649951071
250902850 564655616
-78803329 -505394635
-839208434 892426227
884926990 124264890
-833197702 -106610785
734271311 -953356360
768147709 208245201
-412335502 913044611
-316051485 107224489
-235535391 107938351
495212395 -610741769
847514644 831275399
-697573401 -963296813
833819873 438036575
