500 500 32
132 1739
1215 1218
-1102 1519
1620 683
1110 -1433
638 -1684
-1751 311
-884 1625
-1154 1486
1157 -1390
1386 1056
-65 -1752
1255 -1292
1766 84
-268 -1724
-816 -1572
1517 -917
401 1676
587 -1698
1669 -534
-1596 -772
-1619 -712
662 1570
1274 1170
-1741 -214
1692 482
365 -1741
617 -1690
-474 -1681
219 -1758
249 1716
-1759 -24
337 -1745
1583 764
1126 1284
1638 637
-1712 569
-1741 393
1259 -1288
231 1720
-1186 1464
1592 -754
1316 1130
-911 -1526
1064 -1469
1014 -1506
1746 259
-1721 -345
-1723 512
-707 -1613
-1717 544
1635 -638
-1403 -1105
-1592 -782
1643 -614
-1574 994
1124 -1421
-1482 1163
-38 -1755
1197 1232
135 -1764
-78 1763
851 -1599
-885 -1539
-1737 -246
1176 -1371
-1622 888
-665 -1627
1741 -167
303 1703
1740 289
-1378 1298
-1480 -998
1577 -790
1504 -943
-971 1589
-1132 -1386
-302 1751
-762 -1594
-392 -1700
1761 16
-905 -1529
-564 1712
1429 1004
1661 -560
-1320 1356
-1728 482
-1502 1131
664 -1676
-1495 -974
1680 -496
440 1663
1720 382
1525 -901
630 1586
-820 1647
1696 -425
1565 -817
-1649 810
1726 355
1269 -1278
-778 -1588
-985 1582
1297 -1248
1307 1139
688 -1668
-1007 1571
577 1610
327 1697
1495 915
921 -1563
-1395 -1115
895 -1577
1440 -1054
835 -1607
1467 -1010
413 1672
289 -1751
1147 1269
-1748 -149
-1698 -458
241 -1756
-1116 -1398
1764 52
-1731 -288
1547 -857
-935 1605
-1454 1204
-210 1759
-1743 377
1675 533
-1349 1327
692 1555
-1751 -119
-177 -1738
-1670 738
1221 -1326
-1047 1551
708 1547
1140 -1407
-1396 1277
1106 1298
-1112 1513
700 -1664
-272 1754
-1082 1531
-1754 284
-574 -1654
1692 -443
-1637 -662
1392 -1127
-494 -1676
-1732 458
-1747 345
-1203 -1325
824 1481
-1689 -492
-721 1676
-462 1730
-853 -1555
1758 -17
742 1529
787 -1629
-1538 1066
-1486 1157
-910 1615
1596 -744
-1737 423
-609 1703
1413 1024
1760 165
1586 -769
1173 -1374
-1681 -520
1230 1206
1161 1259
-1734 444
1553 822
-1717 -367
-844 1639
745 -1647
12 -1760
466 -1725
-371 1743
-147 -1742
1751 234
-1201 -1327
1337 -1201
-1248 -1280
-1311 1365
1593 744
1541 843
769 -1637
-1216 1442
1712 414
-182 1761
1370 1074
-1654 -611
658 1572
481 -1722
672 1565
-1427 1239
-347 1746
1352 1094
-1761 202
-1754 -86
71 1749
1645 -608
-292 -1720
1726 -263
760 1519
1501 906
1527 -897
1437 994
-595 -1648
508 1638
-1030 -1456
-1550 1042
-1458 -1031
1628 663
1611 704
-1486 -989
1481 -986
1700 456
-1693 650
1177 1247
1647 613
-1367 1309
1711 -348
-1759 226
-524 -1668
-1765 136
1764 115
-1652 -617
-1346 -1174
1700 -405
-877 -1543
165 -1762
15 1755
1654 -581
99 -1766
-1144 -1376
-1763 170
1406 -1106
1281 -1266
1398 1042
-1690 662
1292 1154
-1061 1543
1215 -1332
-1563 1016
553 1620
-1564 -847
-1528 1086
1766 85
-1251 1415
1519 879
1753 -69
798 1497
-1379 -1135
-1757 -50
-637 1697
1085 1312
1319 1127
-112 1765
-698 -1616
-1029 1560
154 1735
1072 -1463
1756 -39
-1166 1478
-1765 66
-1614 908
881 -1584
-1094 -1414
-18 1758
-1236 1427
-1706 596
1540 -871
861 -1594
-933 -1514
-1593 956
-1641 836
-1708 -412
-1200 1454
1756 197
-191 -1736
-843 -1560
386 -1738
-1222 -1306
1705 -380
-1658 780
1745 -137
-1677 -534
1360 -1171
1537 -877
-1432 -1067
808 1491
-1509 -950
-686 -1620
533 -1711
-1643 830
-639 -1635
-740 -1602
-1347 1329
-1666 752
-1746 -169
559 -1705
1455 -1030
-1261 1407
-534 1718
-115 -1746
-1286 -1242
-329 1748
-1610 -736
-1268 -1260
1335 1111
1733 -221
1329 -1211
305 -1749
-722 -1608
1706 436
-546 -1662
1090 -1449
-1328 1348
-1695 -470
-486 1726
1686 -470
-1460 1196
1631 -650
-951 -1504
1606 -718
62 -1764
-1439 1224
-1604 -752
1250 1190
-1605 929
1684 506
1603 722
-667 1690
1493 -965
1751 -87
-975 -1490
1565 800
1208 -1339
468 1653
412 -1734
1689 491
-148 1763
1527 867
-1521 -929
98 -1766
99 1745
-802 -1578
-584 1708
-1767 100
-1468 -1016
720 1541
-212 -1733
-1761 4
-749 1668
-1631 864
1621 -678
-949 1599
275 1710
-1671 -555
-609 -1644
1426 -1076
1372 -1155
-1320 -1204
-1702 -440
658 -1678
977 -1530
1747 -121
1678 -504
1464 958
-1543 -889
1236 -1311
-1556 -863
-1262 -1266
1321 1125
-1516 1107
962 -1539
506 -1717
993 -1520
-8 -1758
1717 394
-450 1732
-655 1693
-790 1656
-1231 -1297
604 1598
-770 1662
-1582 -806
533 1628
-862 1633
1715 -326
1100 1302
-420 -1694
-1183 -1343
-1727 -312
-1531 -911
-438 -1690
1036 -1490
809 -1619
1721 -293
1300 1146
484 1647
-1444 -1051
-362 -1706
1762 143
636 1583
-236 1757
1189 1238
774 1511
-1364 -1153
-1001 1574
186 1729
-1565 1012
-1684 686
1048 -1481
206 1725
-1644 -641
1557 -835
1730 337
37 1753
709 -1661
1655 591
846 1467
1737 -195
-1052 -1442
-1136 1498
-1627 -690
1505 900
-1317 1359
725 -1655
-446 -1688
271 -1753
-1763 34
1449 978
-1293 1381
-337 -1711
-1576 -820
-1037 1556
-1281 1391
-990 -1481
371 1685
-1417 -1087
-1470 1181
-1496 1141
-424 1736
-322 -1714
1473 -1000
869 -1590
-1559 -857
-1735 -262
-504 1723
-1067 -1432
1260 1182
-1637 848
1194 -1353
1351 -1183
-1700 622
-1006 -1471
-99 -1748
-1304 -1222
1418 -1088
1577 776
899 -1575
-1353 1323
-403 1739
1736 309
-1582 978
-1712 -392
-1756 262
1669 551
1754 213
942 -1551
-691 1684
1729 -245
-54 1761
-1743 -196
1480 936
193 -1760
-1676 716
-1411 1259
34 -1762
1378 -1147
1615 -694
1665 563
-1662 -585
1311 -1232
-1162 -1361
343 1693
-238 -1729
436 -1730
-1334 -1188
-302 -1718
-925 1609
-1073 -1428
195307869 -500117408
535796037 759418555
-840911617 150290594
-407045538 554761113
-429968130 581408435
863765558 -643111870
-496782563 -444246043
90635548 -868800017
146206918 755269570
310513675 -391149058
-639897821 683429923
-982189123 -13450971
335072896 477560620
851407826 67690335
562059659 -927432808
572412463 275683745
-986211118 -733109040
-337516783 830914922
-676726773 317138398
39585409 808834955
-998743285 611534687
-660099033 -716869596
-563310353 -408275153
-428426448 -249014712
698595215 780865656
836418838 -935008355
788813776 -718580767
-491693046 -640183401
-879867301 -33013924
-509052621 943299469
-716098101 763956270
985819020 204284022
-371452860 418044490
572763213 -470929799
895536177 995097120
465630265 910740452
-690454513 -458309751
-582061947 678370855
-879957497 306360874
-256138750 997381319
8229552 194566914
-301674708 -725415057
-75994109 728166882
473627246 -617277925
-837971333 293390586
-443531747 912162765
636453602 7655574
-732529397 -627273621
1000000000 0
-606513868 609657249
-255041834 712196707
59393898 813877214
-668925731 766521516
-943546921 -529337876
1000000000 -1000000000
-454527465 790480543
-35533206 -217755394
-976043028 952242985
549848174 236504891
-322847846 -975569160
-395770874 933431788
-903276439 -381899448
643160587 718558130
-813631412 302789642
-622125730 -510005978
-523653313 993648110
623959900 173888066
-893241342 -101714737
978157623 487140180
-838441107 -391857407
-93712957 -473297408
711258659 -362522124
-218315777 339243622
585910233 -21514874
-144547360 -387713145
-795807 -469392547
153127465 62767577
698259478 -317693698
158840071 364955814
119908230 804263518
177252535 -461972906
708232145 -346627763
-163788877 386826186
-780037786 752831389
-316193320 377822796
-472869615 -657331224
506361307 -95181962
990440138 418873445
-275781803 -883423866
1000000000 1000000000
-387382585 707172060
764143559 829544421
683348928 -132550047
77414014 59814702
756574364 -336473714
690207719 -778599320
463709518 -637623341
296705786 -396843716
274274731 704367566
-686454037 372324240
-595648266 362506881
-224717169 -849910192
831947671 150378617
-831744791 504753994
379653694 -982820658
791989137 513076132
-713030409 -675930665
-595664424 785516401
154780770 268698463
381473339 94576681
105200262 -625596582
53796585 564097281
-354682442 541966092
-670815405 830129160
-668289818 955432884
367369855 915461398
66173543 842862911
608529228 -101821810
759280741 616556199
-736490005 237192775
403211251 773605893
100508617 -339358635
-809109192 -268471352
-245659473 -813967256
780079805 954355643
318019629 -466207352
577407734 -38489210
190046100 -851783458
-378780581 -12278239
-729034278 996555946
664232209 -51730836
684013481 -196668921
-851785226 699393499
-3971516 -260435671
-504556005 -895288124
382763704 640851204
-538193561 276898214
-404775288 174532768
977827111 109516776
212442182 -218254857
-433083379 -944619573
403840239 456178350
-19090675 204506659
-392904387 -705195039
-67334791 -991643894
683498367 42142020
22143937 26594170
956035512 -103958380
-700639149 -623362817
156522768 121391806
-725289604 -345919008
801406763 -933618057
-190446696 -659081183
-41112419 -192852825
646050522 -667466333
-52789197 22394684
-662030197 976521733
-289586510 824138131
669367556 -208762780
591806225 833029803
-848338891 -967656622
749565432 41245758
852351770 -700617510
-27800659 -230181852
461221708 799404541
-782169408 122269103
-252998983 122285457
177410013 859352384
421332287 -367173485
170973167 572117408
560855539 904500564
707395581 -917980438
-424032818 406745311
400107297 158607684
79815039 -857012767
-980474051 -238312143
-712042560 -320264288
-291548961 -828885167
577236347 -510381278
236383553 894801539
-424707263 552604313
914886591 -789749168
197386213 -452204177
3599771 -73556240
22928836 -419177848
260740297 -274834205
629432507 776173234
785604399 817918336
-119276185 -786266763
-594732010 687705487
948979989 -675096034
299507684 -777567891
-826444070 -508399129
830151022 -576985061
426434110 -463173284
241966304 674109746
979194485 -906579464
-91524745 -372566951
631270174 -643011917
-771699534 -298794715
205561317 490538280
911456102 -299961274
696792313 780612916
945540452 150739479
-733572022 -904542421
676043202 -635579274
703155626 -494216472
-770262370 365354354
273780866 -564577081
484512248 443253360
212223290 96212490
-141765052 892284363
-941133668 460615466
439659688 238116066
109121203 983355854
-164093114 211702426
44690622 -26272353
-23177991 288501555
679863333 820766389
-309084880 -622007996
-590088381 722792129
744790899 315101866
626686778 -120889787
-848176928 953746620
680546064 -940765914
-890733967 856468105
-572603838 187204963
-333241963 -294456205
-63662144 948055193
563143925 -200317661
928307345 -541064560
303628885 -278952147
-535116212 -101019047
-1000000000 1000000000
8822394 -909811312
-599447900 -840417262
521626863 263418494
586931826 -340217938
999385648 897653327
-958597700 949371158
491376295 -714488029
871457329 -864935078
796164627 822100905
988043309 712109040
-156935830 573471982
577732798 -728277616
144899795 -48917261
-12019137 635036944
-123882096 46952424
-1000000000 0
845073728 333342424
241800162 349766495
-91875682 -174488194
-333934744 295215636
-380292303 -306807899
-814901757 -821182110
-871917223 649785138
-938721159 -887379100
613977366 991688382
76867651 -761554694
822984062 182258787
565546330 656274268
-789697524 747152379
0 1000000000
337779124 859127662
276964703 909911389
-232319841 -785002819
-344521377 676845013
256993104 -360718600
-282990369 -816594959
19995985 967615998
786601540 648799052
-812290962 -260470037
404354685 899132375
458519626 95253169
-207832808 -60741090
185578139 150031122
578861242 -330930707
-357657632 -528752731
442828584 -315874030
614276753 -6958638
858856421 12857672
-527480360 100763003
95136261 -505323299
267157151 -149087488
-578921357 204468017
143660882 -357863444
-293556398 884482005
709140222 -555544777
0 -1000000000
-462375832 -199048218
566103389 -63311621
-31445100 -688369210
169414289 -834340128
-534331494 135940362
271269453 -488592058
428408999 270457001
775141061 141835759
731593912 616511858
-511611871 597401921
-488683209 -321026379
-878859112 444664830
703849426 459355549
-956671904 -372987461
849684795 -46549305
-507513472 -727995972
213602786 -582319744
-853251133 244293216
675177983 -33232687
538650200 -209597071
188565384 243412960
751290772 881990282
128199090 455329933
-837190342 118626145
465560267 824138114
463147777 193849393
689444764 -807976029
283376397 -336066625
703741518 560199557
70117218 -987144124
-112752897 -889869227
356197266 -106196391
-685788848 -979924266
-40863846 358517254
-818942468 2561030
-681064719 -530347409
968738942 914544987
-115201312 158390902
162479161 -800657083
-517549711 -801223406
929251540 19880186
514136158 -416267960
-9898596 176877632
-549644400 -876714853
992000296 129479686
-911971854 -794305219
-415165491 598085537
906595762 -769313606
299357054 -398642463
143257906 -455691332
765002503 -166355655
386157266 -946330330
837276482 290835048
108481066 701258464
48020823 -101620676
224420318 188575781
-730520554 160600177
881192407 -208744558
279888796 -374732174
-241337881 -57567107
-62124064 -991408120
477852192 635861875
-558915022 -333233600
0 0
-135221941 92606688
945576369 -160306632
-542837445 833148175
-526529967 -793676036
926999822 936782753
64282125 45584221
296021184 -9039935
-43128081 -184963048
-946423851 -880716026
-112597800 -601151768
-31246400 77167994
-140371921 584188145
21611269 676791339
402239375 683136319
-882900585 731250578
-471023855 65882684
780008189 -401566112
-425992061 262807365
154600372 -715777038
-3517205 -452046301
-414061301 651343639
-918709855 841536694
780250210 -84548634
196827870 -951468967
-141853938 898564139
-308545702 549121638
-103837416 -468983075
-901348415 -554557924
-905871506 929864447
490613255 -391214181
-328738758 -843468641
-633347067 903666236
59959524 -689915180
-966748642 677523236
38805754 432856607
-491878065 369763967
-395215815 89783498
-767129606 -800030731
933199700 -316523582
-722088963 135986306
845739693 905056111
-797871439 78678332
-188068265 618079106
808975490 273427477
-541589360 -102891233
-104351557 94323564
-295489456 -694429863
-292427711 849864031
-773531185 606615326
-880826632 981665936
881181927 -355837035
186435142 -319055711
685058559 -640370874
-301250215 -759310118
322290512 30255161
700960841 235357495
-629871450 -206059032
-810506737 85138520
476619541 908977202
612764321 834490269
127434433 832834847
-1000000000 -1000000000
907724984 20910774
-131703895 748576552
662731075 181451592
896281732 -427681392
-835795779 -956913073
200270087 -15205620
850669632 -676213689
838249273 851006041
-913392184 494605450
-580595380 991255032
-414285875 761446754
619801125 363458011
983127777 -860194933
-861823517 -124942109
467577967 -13939664
-122672224 444390201
-431078534 922476105
-290434996 -624112066
-948378171 991358205
735771303 966182995
-289265362 971163320
-166631484 244077045
43372792 -763967813
-939029425 -609814699
55022948 196309550
-238213151 123338798
96590981 -500051947
120184895 -213008346
-660519125 103630982
-228230630 618302956
290558665 119055514
-263074390 105709604
502772511 -525117311
-695783714 278675297
-269738739 -807527899
970451747 335979088
-932026163 260961729
-948824963 -858611411
394712252 200673268
-624154051 838695170
841364474 -67586392
-387246791 -76542956
50843756 829907073
-80505959 -687787282
-453630779 776202249
-592134397 77720261
324297618 706972813
702691047 577261540
9741768 336477258
-175385795 -46446384
766489298 -738033316
477916428 -19294772
-138542491 -70057863
456315350 750736181
-415317635 -376336386
-174685853 -775631162
-258800231 -783922271
371098126 125169638
-914705144 989509964
174734979 658224804
-24478618 -478753211
693264726 55704210
-37170078 -762233310
-961782577 -345981223
-331019688 100899524
-971446421 -169113316
-590892245 -87611284
261447896 -238551334
296251327 137417345
-432685021 -170737214
-909196134 -979724882
-413527713 635609066
-997609150 -766040481
150863838 -318243604
701635855 267795176
739262664 -823022009
272934134 -438769641
529650893 -715698108
-37874674 -388263053
266124117 -797242085
-607172726 -309768232
-968576495 68576519
-632959772 931912921
497981171 37759312
