7 500 56
33 39
24 12
22 6
30 30
29 27
21 3
23 9
2 22
30 2
0 35
33 37
26 14
32 33
42 40
0 23
30 18
20 38
36 37
38 36
23 39
3 6
6 13
38 14
28 20
23 31
38 21
6 31
1 7
40 37
21 0
26 12
22 21
16 17
32 34
13 4
11 28
37 33
33 28
1 11
16 1
2 34
4 9
15 24
23 7
20 3
14 38
11 7
40 41
29 33
34 15
1 24
38 41
23 32
9 12
40 16
9 42
20 40
14 24
29 4
7 18
16 0
19 3
37 5
26 2
30 24
12 26
29 5
33 31
36 25
24 24
7 6
42 21
11 15
32 39
8 41
22 10
33 20
2 25
6 11
31 3
32 37
7 27
24 6
27 12
19 12
3 22
5 35
41 1
9 37
24 1
19 41
17 31
0 3
18 19
9 2
39 14
31 8
14 25
28 3
34 25
8 14
20 2
34 39
5 10
19 18
26 4
35 8
31 33
22 1
34 37
2 38
37 15
5 37
4 40
16 28
32 6
9 6
15 1
22 14
20 36
32 5
32 1
42 25
42 14
38 39
2 36
23 16
36 39
21 39
12 29
23 4
29 31
32 31
16 9
25 29
15 10
38 0
33 17
6 22
42 15
33 11
28 4
4 6
22 33
12 18
0 32
42 39
30 1
41 15
10 21
1 13
8 39
21 19
30 36
19 30
41 37
4 10
7 37
25 30
30 31
6 20
42 4
1 18
36 28
3 30
1 35
1 38
34 0
25 9
42 28
29 29
9 16
38 13
16 15
10 23
14 2
9 4
32 17
29 23
30 21
2 26
30 7
5 1
18 31
31 11
13 7
12 28
1 12
14 8
26 1
18 4
14 14
24 0
7 11
6 34
13 18
24 31
29 8
28 36
1 5
11 16
13 0
26 26
40 13
40 21
15 23
9 0
30 32
19 8
22 16
33 23
12 4
2 5
23 11
9 24
13 12
24 18
1 0
41 6
22 26
7 22
39 41
34 32
15 15
15 28
10 16
35 42
34 17
42 11
24 41
29 12
33 30
20 27
18 9
28 26
35 16
0 4
2 37
33 18
10 31
3 28
35 31
9 40
28 35
12 15
20 18
21 35
8 25
9 15
39 25
3 4
39 11
24 37
34 36
24 42
6 3
29 25
39 9
25 39
30 11
42 31
13 31
8 27
40 18
34 20
29 24
33 9
14 28
41 28
0 2
28 13
25 25
10 9
26 15
24 28
4 36
22 7
23 3
33 14
14 7
10 12
21 42
19 7
1 1
32 8
7 32
29 34
0 18
7 16
13 22
23 34
27 27
19 9
7 23
25 42
41 36
19 38
14 11
39 19
18 39
6 38
39 26
9 26
6 19
35 32
27 24
26 22
17 28
14 37
31 18
41 41
21 10
37 27
7 24
24 39
10 4
42 18
29 35
39 12
41 9
40 40
11 3
16 18
18 34
33 26
10 7
41 23
12 32
22 22
7 38
14 10
9 1
9 10
21 33
2 18
20 34
17 39
12 37
5 2
20 28
28 8
42 26
32 22
3 42
13 1
8 20
35 14
41 38
10 1
24 34
4 20
12 1
35 36
32 29
33 29
28 27
17 32
33 25
21 12
20 10
31 34
15 8
31 4
39 21
8 2
34 9
12 17
26 13
36 22
26 5
29 32
28 0
17 23
17 10
27 0
2 42
3 24
40 7
19 40
23 29
23 36
36 30
42 20
14 29
21 37
4 16
23 38
40 22
0 26
36 10
39 42
16 7
0 33
34 27
3 18
15 13
31 26
3 27
18 30
22 19
35 2
32 35
39 0
28 34
38 29
8 5
5 20
19 5
28 41
7 15
39 27
36 9
10 20
1 22
8 23
18 33
11 22
2 17
11 14
34 5
16 24
1 29
17 29
38 23
13 23
38 15
5 23
5 39
34 18
38 3
0 15
10 29
5 4
1 39
31 41
13 15
20 16
8 3
22 39
2 0
23 12
41 24
37 31
25 24
24 27
3 29
36 33
18 38
7 19
14 5
0 11
10 38
7 14
35 35
42 33
22 3
25 33
3 15
1 3
36 12
31 35
7 8
13 39
11 35
34 22
30 16
5 5
27 4
37 6
19 42
25 32
2 39
6 41
18 10
4 23
30 13
28 9
9 23
42 17
35 37
37 14
35 13
0 41
35 0
37 25
32 10
37 7
4 28
6 18
28 38
14 41
18 27
2 6
13 41
16 30
41 32
33 42
32 13
3 33
20 29
21 17
4 29
35 5
9 32
36 4
22 11
7 26
