23 500 19
-168796364 -738629922
840538535 -391018528
-851903656 -973889674
749805159 -422266784
-480772972 -846073570
297233476 -578130882
132006547 -635034456
635226052 -461727426
-817314244 -961977202
199283894 -611864374
-381419119 -811856452
-377811016 -810613834
611534858 -469886590
-64692178 -702776806
68585906 -656876302
-538878884 -866085042
629084886 -463842422
114476676 -641071682
-167069581 -738035224
668464945 -450280068
300774389 -576911404
745565470 -423726918
-456490506 -837710774
-715572666 68287786
-494895028 -576337110
723297462 -849925874
518337626 -824579774
74188746 296570765
-753670750 538388770
-627152212 -192954586
773426426 146245826
-756170294 -676608062
-210426570 -778152709
-992512221 -154732133
754623783 -759839904
776848239 -855850004
296767571 200385197
-345615790 -555621578
-994311676 519848623
371368082 -57062832
937562317 -706076850
463688420 342058591
715568840 -475133813
29751437 -94665077
-644650542 -81464226
-627874858 -851184833
59689502 606394430
-980386806 98827276
993715154 939851673
-272626552 851414465
903508627 -120695732
790768421 -641976982
927095004 -247440862
936869208 -272610715
-508107432 30858204
878232936 -370031783
561304106 -79357597
756255893 -613044111
-48576928 -605197818
-85158946 -660791752
-858872340 503333011
598546886 -519316654
755141702 -93680313
936967958 -891569401
-32146394 -495373090
672923737 -231277599
568379558 -574204779
-470920056 -818316154
-986466254 -475791182
847556099 -360892996
990349044 -13335651
804218162 -185089875
-900768342 -970753522
936487490 -377703658
620790809 -434659978
-874072505 -472269754
420787716 -68985835
65834312 617046710
-204065793 216591726
338957589 111851946
913270359 -714074626
-488259471 -812130044
34292901 -345023089
26539386 41760728
467135753 -650438468
886213175 -593893558
-289994294 536852365
618914228 -168294696
-488099579 -910364332
-457619684 -936942642
-33669965 -168154642
-482394880 -385099102
253730985 304438247
-537599391 -752082987
-661237473 -672846200
-756207991 -980031454
565581213 467503123
544522375 923809292
822238054 -683664114
-753673895 -860317033
782265779 -356754451
-987866328 -326690452
513079212 336035827
171674223 -982146208
912393021 -391260479
765135611 -441771140
908972212 -725870038
-996057305 415518194
-747170948 838489525
-662893999 135333154
-934456850 -883173154
9916289 -954894064
617915589 -504622054
855830427 -325372332
-955587151 -601991404
-282464103 -880962863
537034586 -495544222
851985566 -164831907
-61545266 -651149176
891068340 987660724
-744023670 489328246
895254706 289432954
-96191273 654490384
200229577 323647234
973949567 181698488
790769959 -366513531
-517548946 -790757229
750671486 -954504707
583249783 268506729
97211099 -716778557
-156069339 -679984169
-7097445 -443105870
-703320537 -77057231
942653263 47347336
-254041367 919003507
-861528193 747955566
855351593 -381048074
-794038910 501970164
-679930049 -984926998
-235801616 -496400939
-293141915 -431450572
-971761716 -192690658
781895107 -642767492
172462140 590705040
-402233325 996072012
-271153475 -443338717
-895893017 -971066422
114073547 -606783493
756629981 -908062382
598433864 -933494878
812896390 -699362034
-606749589 -51118937
-581579390 693642996
-185351455 -883521448
-503610438 -996243250
236333959 -315860169
-683417030 796425805
286272305 -399033472
-923681016 -13781918
-152640981 717495396
51447611 -518760802
-14413041 557484469
357828573 -229626615
-940773866 -968185954
-779030918 681280926
642172367 -524535912
504636875 -578035228
-290033393 959433604
469026209 -286039642
-401481780 118570080
480557256 844148748
-354803829 -995989334
810529201 284461493
215371641 -141676558
58198325 -606238767
-867177866 -951848459
7354041 532505377
737842356 825863296
-660269166 -952244544
-57595368 -524483166
-674299703 119117298
-846537305 -672667006
146929238 -438887093
15071678 -564069713
806849666 -269049614
-354651239 573571794
995942003 993103150
5648155 113366895
12689401 -568185427
-985470926 -781147469
-204304272 280771284
769301691 -839172760
-518555640 -787735226
-587445601 -263693717
-923134944 -895614634
793045246 -144487889
-562987319 -845062612
519591836 -474252382
-255533685 834185533
-201998262 423233110
807865842 300089242
713445974 -334683808
-63192189 987948494
-593463379 -599885735
923043077 389011978
330177574 -354256636
624818133 728754174
-239839143 251539761
-916555505 -163084549
-773590277 -95931201
-709044376 -986863854
-514594394 461351404
-941496674 -515004422
-937379105 -11533363
928976991 -217066920
601385794 -124093829
-875202305 -464047231
-657261502 -636469522
-958798639 -967029118
-928637119 -611841952
800420003 -566749612
-766347852 -762471140
-222425661 -785496506
978948096 -313957583
-849883638 -970387890
-378706107 -900343652
-861811732 -979316516
-780371590 -598063572
682463959 311108174
150897933 -774983018
-682548795 -984758926
593744663 -33320528
230667036 -711277802
-819440674 -584819638
-214050583 -377170727
216146664 -373173616
559693351 262179633
85122053 443261705
-993428105 396383252
-325323592 910231025
581364268 -81280483
-566215230 707503952
-867621305 -519220666
65248404 716726501
-937559138 -283065452
809131563 -525844764
826906767 -705770728
545557577 -720985162
-660543440 -752640178
-112132413 356593251
-986359186 -779865679
301715602 146452525
588659979 -134579651
335766858 725041974
-856633165 -979357903
899592089 626411382
956764922 -614998868
-863614110 -994190226
997600958 970138813
-106008732 -918018443
748531764 -320356630
893809259 -162333916
951821110 -515223953
528963570 -89933144
960103401 -432371114
-850253730 -975702754
-148392076 866817076
-388314430 867999232
860479697 -391331182
-858247337 -966918694
-492666175 -771194368
-725986311 45632786
445930641 -124549610
975654544 -541825079
288598301 -850878284
-993922096 -595981674
904687331 -614491165
-110002048 412014997
-432776702 462498312
102612660 533245800
-590182636 238709236
-930173647 -636740876
-262081470 981881768
-225280517 799468125
212374852 -376754490
825566519 -455291536
742952953 870073655
-882911826 -986551768
707498111 199912895
-672348218 -338576098
-874361186 -941482679
560736412 -24444875
-423433824 -231119658
-967000218 -847411714
-682198259 -741111292
-292906928 874049929
775488671 -102083725
-895370672 -926124394
-436130241 -363829589
651262815 603744340
-767104276 -144801107
-892145696 -915819014
-828487135 -648447928
-262288739 -678076255
-259940719 -675439492
-276362847 221494809
-974163360 -352526460
-83901288 357473910
-491775158 42478508
-319034899 -741800659
407043252 476559328
-949078608 -867105514
-306939004 -786205762
810180874 -450729701
20001708 524804325
-516759886 -995399314
-137674991 788288335
-773184510 520784204
236079533 283634150
960643872 -525071271
-81402970 408527596
-838460806 143969497
-962480939 -496706252
-722372338 -851661852
445439289 -674796580
-788811103 -662949976
-426263524 -314338282
-410729516 -793737526
-630978174 761827565
-837582905 -737835850
971064387 -733153362
927992942 -505951474
888318388 984756940
-323191285 -503637542
-514979663 -584340241
811287340 -189753995
-430452483 94738341
625046824 -370781338
74297192 -906764437
338089505 -366995722
992691430 -397230834
-311266203 -926760713
-576015631 -654909649
322323344 -330743174
-155528474 3701114
-804189416 -954405706
715450778 311358430
83209586 -461710335
-969489076 -265800934
-361238833 955488821
-509191574 -891972222
355178957 -609134023
-584219533 -599975853
897078006 -557901554
643964923 284814399
35739555 -839098628
159984986 -508441702
-164066174 -600053232
116287654 -578531632
-572989372 -623336704
39238656 -595610342
-242850074 732523104
359931682 -383483177
-23530970 -500305188
-211181599 -874080232
945561965 801365094
-880976490 -941941954
142923767 -607064753
906151511 -682454530
819001427 -394007240
473637521 -478621450
-286439564 866831533
-956554310 976637005
-240450201 -814157096
-998606705 434072363
-21526052 -870981843
921388754 -856888162
-910704905 -205664380
-186351634 -541369366
681921142 -919455474
108221476 274116565
778995534 -756329714
-211096768 -778788980
-35774006 440904526
-305169394 435813904
-832527779 -610024732
982913675 220180292
-948114305 66595889
-891479174 -558619422
-796831306 -588353182
934431135 -878401128
751424368 -331274298
224711652 270886274
-490544567 -997081822
466333756 -599360883
-680505615 -996776872
140479504 -568652962
775412381 -449930458
-349701526 441244198
81564585 -525600997
259738556 -714384883
679462406 -707842825
-867541505 -519801439
915918996 -365057762
-764957984 -668945242
-725708830 563614942
195352572 609535056
3401385 -426411815
845811626 -225307934
608952372 -939850514
302306513 -608618571
631670570 693184187
223331810 -366352199
978580095 -119501448
-75353633 627417621
272457266 -358055775
19503740 -943645113
761227658 -872226687
907739774 269733373
-869733980 -46378530
676317384 -980554718
-788020556 139630877
348066568 -247931808
-552809432 -993085642
-917229386 -879622379
-836030836 -996794704
-705045950 582256200
394183932 -10193683
-856369835 -968981854
761282720 -871797517
-848175305 -660745876
-904486550 -991999038
-24443820 -557131250
479023869 -197682894
631982706 -87118016
477605371 424285778
366538035 120319213
-318826948 -602563158
-849713237 -976296694
-304985757 -482541882
-888450474 -282017742
583601164 -387705550
512896055 -628863832
-934375604 93521069
-944955905 43609505
-949306184 -866855434
230992114 370433818
-958031416 -820743634
665413385 -264833866
-98132290 -913633153
-542735590 -867413278
217530922 -930663966
-481574219 -916054412
992668064 980643082
-469785479 -926334132
950515538 820217570
-982553111 -2223665
88348213 -524884396
-985320086 -827280274
-969750471 -424428044
-505385445 -798340016
883654196 -306213355
-415571796 -823618514
-414038319 -848486932
-336502044 567537365
474998952 -127425040
-875076123 -500660900
-2911822 -508880671
-130632444 -725486402
560234165 -665128506
-239990317 814988300
-82270342 -902683968
784308398 -328258585
-827752268 -827310512
-315189603 902644441
176812200 228861605
-808219274 -631221622
153513247 -72405138
-954028386 -861666274
-607840111 -729096964
764527369 756756713
114918304 -579090802
-456042127 -601225451
821116619 -253032440
-459454708 -758937908
763074182 -783084274
916505195 690779854
-623953174 -594246554
-210421506 89948673
-798424593 -207961089
-347152492 -362139826
-883170664 -991015210
642425932 -780690707
779897019 -651345036
-903550744 -206816276
499516178 -620555719
-733445824 -598521050
-444353504 -948510682
299217872 -755373597
-851517456 -974446974
-941488030 368947222
-343084684 -602326670
785650098 -875301381
-844727512 -624883486
637275347 -461021656
263280760 -730984110
-94306381 -97960399
-273367551 689135426
-286492534 534541965
166333993 63599993
-856151856 -967759374
-15899311 -945458164
-589155070 686808508
-962347644 9581758
-868987288 -464255502
-442360911 -849535792
-477229367 -682129207
366969994 -476166244
974642379 184672644
-48066450 377232605
-494168788 671563125
401543348 470751760
956762675 107917292
