1 500 84
0 0
-528626526 850274457
231477980 980386745
-928052116 -435062741
120978206 -985648195
450564112 -899544475
-136854600 984213577
816504922 624013015
979145282 -145180217
-762063278 -750298027
-650606796 764170737
-470267338 880410759
-251659560 961730939
902130288 445108619
262092636 975124851
131023640 -984213133
-177036336 977516621
982972114 -117435685
-881651778 435541539
-876389884 -589092729
-68449978 992345595
509880008 897631503
-656347044 759387197
-942881090 237502983
908348890 426452813
954270874 263812453
-423388646 -945466459
624206614 834488775
-671654372 746471639
-150248512 982300161
-706574214 -802916967
585938294 858406475
-752974552 -759386753
-954839940 185362397
287923752 970341311
742360052 -694808963
-862995972 479071753
-785502624 619707829
78883054 -990910089
-605163166 800047287
-352592254 -965557327
-225828444 967471187
-975409162 -204496113
-393252344 916287309
926526342 365701855
-523842986 -907198139
-701312320 717770399
863383614 538866003
459174484 921070849
-451133178 -935899379
837552498 588614819
-484617958 -923462175
-730491914 687155743
-286579402 -978951239
644775836 -789523055
-960580188 156661157
936093422 -348959021
986798946 93996783
-712314462 -798133427
968143140 -217411671
-986889658 -94474693
-987846366 -34680443
476395228 -889020687
867688800 -519253045
826072002 -590527791
651951146 813441199
664866704 -772302311
987277300 -78689011
-728100144 -784261161
-623340618 786175021
-854863954 -630709527
245828600 977994975
714615520 755082011
-588899130 812006137
673477076 795263747
-949578046 -346567251
120978206 992823949
-977322578 60990357
639513942 823008279
341499400 -936856087
884431190 492944019
604115746 -821572773
-675959558 -826356313
981058698 -131786305
-891218858 410667131
796414054 -631187881
904043704 -442238051
211387112 983256869
684000864 785696667
899738518 -452283485
-809420324 -697679087
-151683574 -993780213
629946862 830183589
496486096 904328459
599332206 850752811
-253572976 -983734779
-307626978 -975124407
-857734078 -625925987
-267923596 -981821363
880604358 501554391
-664957416 752211887
761015858 -673761387
-83757306 -998085399
-789807810 613967581
874864110 -504902425
496486096 -880410315
597418790 -826356313
-516189322 856971413
524230628 890456193
949965688 -300166913
-339198342 937334885
-39748738 995215719
-561632952 -889977395
993495902 239399
-869692928 463764425
989669070 63382127
875820818 512078179
384072906 -923462175
-564024722 829226881
-476964294 877062281
993495902 -238955
-945751214 -363787995
11913494 999042551
511793424 -873713359
-926617054 300645711
-369812998 925854389
910740660 -425017307
433343368 -906241431
849032994 -553216179
-108631714 988040409
357763436 955033983
847119578 571394075
-554935996 -893325873
-977800932 -187753723
604115746 847882687
-453046594 889021131
-312410518 -974167699
-971582330 99258677
735663096 733077727
410382376 938769947
-947664630 217412115
164030066 988518763
417557686 936378177
698351484 771346047
-883086840 -572828693
527579106 -866538049
-701790674 -806743799
888258022 -478114601
445780572 -901457891
-82800598 990910533
541929726 -859362739
-358332502 -964122265
-499925286 865581785
-724751666 -787609639
-954839940 -321214489
940398608 -334608401
-401384362 -952163415
-850558768 -637884837
929396466 -370006597
-261226640 959339169
-985932950 -13632867
-930443886 286295091
-937140842 -399664545
788760390 -640754961
856208304 -540300621
-775935544 632145033
991582486 36594303
-592247608 -874670067
-489401498 870843679
544799850 -857927677
-893610628 -546519223
-215304656 -988039965
719399060 -718726663
-867779512 -608705243
-974452454 81081225
-905569478 370007041
893998270 -465677397
204690156 -972254283
-376988308 922984265
-469310630 -929202423
-810377032 580961155
-745799242 669456645
-212912886 970341311
-951969816 198756309
-587464068 -877061837
942312024 -327911445
687827696 -750298027
964794662 220282239
-501838702 864625077
-460700258 885194299
576371214 -840706933
421862872 -910546617
-771630358 -740730947
587851710 -833053269
764364336 699592947
-765890110 645060591
-988803074 -57163081
-63666438 -999042107
106627586 -987561611
-903177708 -518774691
976275158 164314821
-631472636 -854100845
-357375794 930637929
-900785938 384357661
790195452 664194751
-824727652 556086747
378811012 949293735
-857255724 491987311
-964885374 -269552257
-942881090 -376703553
860513490 544606251
-602771396 -869408173
-539150314 -900501183
-120112210 986605347
372592410 -927289007
-910831372 354221359
46354982 999042551
-195213788 -989953381
910740660 419277503
-599422918 804352473
-987846366 -79167365
-139246370 -994736921
989190716 -58598143
-985932950 -107868605
803111010 -622577509
-976365870 -197799157
311841452 -945466459
663431642 803874119
250612140 -961252141
830855542 600095315
-665914124 -833053269
140112366 990910533
894476624 467112903
966708078 211671867
188426120 -975124407
-292319650 -977994531
-420518522 -946423167
927004696 -377181907
976275158 -165271085
570630966 -844533765
-384641972 -956946955
-494185038 -919635343
845206162 575220907
769626230 -663715953
693567944 776129587
983450468 121741315
-885478610 425974459
57357124 -993301859
-334893156 938769947
-840034980 528342215
-936184134 -403491377
295099062 968906249
-833338024 540779419
-917049974 -474766123
538581248 883280883
-22527994 996650781
-692223594 726859125
-742929118 -769432187
-969668914 109782465
979145282 148529139
887301314 486247063
-119155502 -996171983
771061292 690982575
-981149410 30375701
990625778 50944923
-414778274 907198583
-984497888 -127959473
65967496 -992345151
-832381316 -666107723
-22527994 -999042107
-233482108 -986126549
817461630 -603443349
900216872 450848867
-866344450 -611575367
564412364 870365325
150157800 -981343009
919829386 -398707837
-720446480 698636239
-719489772 699592947
958576060 246591709
-828554484 549389791
696438068 773259463
-572635094 823486633
203733448 984213577
-408081318 -950249999
744273468 723510647
-875433176 450370513
780150018 -651278749
848554640 568523951
-914179850 -484811557
286967044 -952163415
990625778 -41377399
-658260460 -837836809
969099848 -211671423
-2437126 998085843
870080570 524515383
182685872 -976081115
408468960 -915330157
-168904318 -992345151
325235364 -941639627
919829386 389619555
-640083008 772781109
676347200 -761778523
-907482894 364266793
168335252 -978472885
756710672 709160027
-981149410 -161922607
-703225736 715856983
622771552 -807700507
-319585828 943553487
953314166 -286773001
-330587970 -970340867
992539194 19373559
992539194 -15546283
-943837798 233676151
963359600 -243242787
-690788532 728294187
885387898 -483854849
547191620 878975697
-91410970 989953825
-842426750 523558675
-842905104 -650322041
-191386956 974646497
-575505218 821573217
-510449074 -912938387
750970424 715856983
905478766 435063185
985363884 -96866463
-632907698 778521357
-915614912 338914031
-958666772 166228237
-779762376 -732598929
961924538 -250418097
577327922 863190015
-845775228 516861719
856208304 553216623
-935227426 268117639
-931878948 -420712121
305144496 -947379875
988234008 -69121931
-282274216 954077275
275486548 -955033539
-962015250 -285337939
-788372748 -723031849
946138856 -314517533
-713271170 705811549
365417100 -929680777
355850020 -932550901
960489476 238938045
-645823256 -845490473
182207518 986605347
-988803074 -56684727
469219918 916765663
983928822 -109782021
-967277144 -255201637
-739102286 -773259019
-265053472 958382461
154462986 989475471
-939532612 -390097465
725139308 744558223
-179428106 -991388443
-680264744 -823486189
-797461474 602487085
-966798790 125568147
482135476 911025415
960011122 -259028469
798805824 651757547
750970424 -685241883
923656218 376225643
-825684360 -675674803
433343368 930637929
653386208 -782347745
-803680076 -704854397
809329612 635493511
783498496 673761831
-873519760 -595789685
89406842 995694073
834682374 -577612233
489789140 -883280439
-49315818 994259011
-919920098 324563411
59748894 998085843
-242092480 -985169841
991582486 -28940195
272616424 973211435
-756323030 657019441
460131192 -895717643
778714956 680458787
811721382 -611097013
907870536 -432670971
973405034 179622149
-984019534 5501293
-895524044 -541735683
-747234304 -765127001
558193762 -851230721
-243049188 963644355
-895045690 400143343
-910353018 -497248761
-879738362 440325079
-537236898 845490917
-806071846 588136465
-970147268 -237980893
-299494960 949293735
-425302062 902415043
361590268 954077275
-614730246 792871977
327627134 962209293
522317212 891412901
-918963390 -468069167
890171438 478593399
-982584472 -149007049
72186098 997129135
723225892 -714899831
-887870380 -560869843
392683278 -920592051
802632656 646017299
-840034980 -654627227
558672116 873235449
-349722130 933508053
-921833514 317866455
843292746 -563261613
925569634 -381487093
916480908 -408753271
686392634 -751733089
-461656966 -932072547
27220822 999999259
-979714348 41856197
217127360 -969384159
973883388 -182013475
-958188418 -304472099
-439652682 895718087
396031756 943553487
732792972 -705332751
698351484 -739774239
969578202 198756309
-404732840 911503769
971013264 -200190927
-687440054 731642665
966229724 -227935459
-530539942 -904328015
-437739266 -940682919
443867156 926811097
-574070156 -883758793
-693180302 -813440755
-951491462 -337956879
985363884 108347403
-166512548 979430037
-965842082 -263812009
956184290 -275292505
878690942 -497248761
-979714348 -173403103
265919468 -957425309
706005148 763692383
909305598 423582689
-963928666 139918767
614161180 -814397463
-798896536 -710594645
-972539038 -223630273
822245170 614445935
29134238 -995693629
-923746930 -450848423
-983062826 14111665
-737188870 679502079
346282940 957904107
915524200 403970175
9043370 -997128691
-551587518 836880545
633295340 -799090135
195123076 985170285
309449682 966036125
-208129346 971298019
233391396 -965557327
-374118184 -959817079
612726118 842142439
711267042 -726858681
-583637236 -878975253
-6263958 -998085399
-618078724 -861754509
883474482 -487681681
-818030696 -686198591
725139308 -712986415
829898834 -584787543
-956275002 -314039179
-41662154 -999998815
-683134868 735947851
-312888872 945466903
-101934758 -997128691
47790044 -994258567
-906526186 -508729257
988712362 73905915
-939532612 250896895
-817073988 569480659
-897437460 -535995435
-852472184 502511099
860991844 -531690249
704570086 -733555637
981537052 134178519
-343981882 -967470743
931309882 -364266349
110454418 993780657
95147090 -988996673
