500 500 42
-79195047 -961485472
335635421 -865755364
466131514 -835640881
42257505 -933457960
362168850 -859632265
545938293 -817223932
383691468 -854665507
988199242 -715163713
351944051 -861991834
122048840 -915044575
39515259 -934090786
201812966 -896637469
-139851292 -975483067
-160417656 -980229151
584572772 -808308283
467743033 -835268992
585664564 -808056331
911089300 -732958315
-69423649 -959230534
627202996 -798470539
-92734677 -964610002
459750685 -837113380
-157849480 -979636495
421280864 -845991031
364240244 -859154251
726742033 -775499992
577926847 -809841958
424829825 -845172040
-54487663 -955783768
-83242038 -962419393
376163844 -856402651
812300259 -755755786
923977656 -729984079
725381596 -775813939
470024611 -834742474
-195221243 -988260748
485658047 -831134758
-143123379 -976238164
-100050011 -966298156
-106468800 -967779415
237364443 -888433282
150612440 -908452975
886496394 -738633601
743708008 -771584767
57360476 -929972659
70252797 -926997508
-23953874 -948737509
707628107 -779910898
-43493888 -953246743
-73080679 -960074464
264119080 -882259135
606649814 -803213581
666060490 -789503425
748340415 -770515750
133510225 -912399640
-213827012 -992554387
23017388 -937897987
495275226 -828915409
-34064260 -951070675
693554086 -783158749
295817136 -874944199
930628222 -728449333
309542614 -871776781
432340666 -843438769
998036862 -712893493
781065497 -762963808
189920293 -899381932
931333641 -728286544
553949595 -815375170
175575898 -902692177
22830214 -937941181
160441792 -906184663
-228669268 -995979523
379192311 -855703774
305985892 -872597563
818338707 -754362298
973313956 -718598779
298333897 -874363408
949997208 -723979567
934634562 -727524793
916925403 -731611522
718974611 -777292474
-21062687 -948070312
395330537 -851979568
746074892 -771038563
190312399 -899291446
923841806 -730015429
447440985 -839954080
44434537 -932955568
490400213 -830040412
578394925 -809733940
-147200829 -977179114
5373 -943208452
283050473 -877890352
945929118 -724918357
671330391 -788287294
788791007 -761180998
-166387347 -981606772
175506907 -902708098
257159751 -883865134
286773322 -877031233
60329559 -929287486
387208189 -853853956
5439009 -941954536
633235659 -797078386
916119169 -731797576
735641989 -773446156
64753381 -928266604
725063395 -775887370
637508356 -796092379
444424504 -840650191
132428742 -912649213
878410810 -740499505
321977803 -868907122
984132439 -716102206
564444742 -812953213
808418537 -756651568
871176895 -742168870
945396508 -725041267
-211093242 -991923517
-11060929 -945762214
630264860 -797763955
502316975 -827290390
750610137 -769991968
692603643 -783378082
39212944 -934160551
282099913 -878109712
477330026 -833056609
965158978 -720480697
886206728 -738700447
134812604 -912099091
522133720 -822717295
56111436 -930260899
85871569 -923393176
115794397 -916487908
827607928 -752223247
337903453 -865231972
796512032 -759399223
-184223009 -985722694
418955697 -846527608
786138045 -761793220
518129213 -823641412
-28215144 -949720879
450675489 -839207656
309241703 -871846222
525371331 -821970154
104143940 -919176475
146301302 -909447853
303586183 -873151342
38348899 -934359946
213847924 -893860171
210383450 -894659665
366834147 -858555658
645493931 -794249554
684607421 -785223364
286542689 -877084456
944824898 -725173177
972891365 -718696300
652168898 -792709177
3597026 -942379609
586421541 -807881644
778082790 -763652125
912435229 -732647716
535741496 -819577039
172676352 -903361303
226080586 -891037249
403539062 -850085293
316523432 -870165823
574202698 -810701377
285896082 -877233673
421774422 -845877133
572278737 -811145368
-164070643 -981072148
347851937 -862936168
11616011 -940529074
232555821 -889542964
524374686 -822200149
380040431 -855508054
402754993 -850266232
919226936 -731080399
-193521337 -987868462
331148978 -866790697
519336926 -823362709
693413621 -783191164
280625063 -878450062
-244050296 -999528991
507448023 -826106302
305162615 -872787550
482720502 -831812653
226157377 -891019528
807023689 -756973456
-131204030 -973487545
89811726 -922483909
893386108 -737043667
-189263356 -986885851
35520463 -935012662
773211456 -764776279
315588290 -870381625
-227300810 -995663725
898966774 -735755821
672820035 -787943530
858708140 -745046275
465332963 -835825162
841712434 -748968361
641122941 -795258244
744953915 -771297250
68158380 -927480835
465875726 -835699909
798608503 -758915422
296641960 -874753855
191344235 -899053330
889808040 -737869375
-104095065 -967231630
636345597 -796360708
210897665 -894541000
457956971 -837527314
129558589 -913311556
904066011 -734579074
831358376 -751357759
477218369 -833082376
515642482 -824215273
320446546 -869260489
-14295940 -946508755
364570977 -859077928
584288514 -808373881
407780520 -849106495
943495778 -725479897
163915509 -905383036
-61675831 -957442576
543226779 -817849666
99536103 -920239822
-236332352 -997747927
407907205 -849077260
676662562 -787056793
739331584 -772594711
-124710920 -971989135
347567731 -863001754
703301369 -780909376
65097140 -928187275
-118000502 -970440577
-229571026 -996187621
815294614 -755064781
115744035 -916499530
-106804148 -967856803
468163206 -835172029
-35396591 -951378136
601044019 -804507226
-193864966 -987947761
196331737 -897902368
695859337 -782626768
-181083275 -984998140
804333053 -757594372
-190116377 -987082702
-90195907 -964024132
335988072 -865673983
334898139 -865925506
-188476245 -986704210
894386172 -736812883
525868256 -821855479
266914275 -881614090
793447061 -760106524
387501209 -853786336
6049008 -941813767
449921788 -839381587
819199203 -754163722
661494084 -790557211
156994790 -906980125
488939832 -830377423
-77770780 -961156795
213066819 -894040426
47903691 -932154994
472733460 -834117355
491276452 -829838203
29853945 -936320320
-159878923 -980104828
20470116 -938485819
331956018 -866604457
149131896 -908794639
194336276 -898362859
-127790685 -972699850
517591208 -823765567
809804337 -756331768
285019336 -877435999
446093145 -840265120
472820716 -834097219
-117199962 -970255837
-173171397 -983172322
805463858 -757333417
-15526533 -946792738
-201571366 -989726161
107650755 -918367210
459081692 -837267763
321750680 -868959535
317315873 -869982952
978801789 -717332356
-96682218 -965520973
84176525 -923784340
850088737 -747035368
98993561 -920365024
-113126906 -969315901
-49624532 -954661507
584507707 -808323298
871772984 -742031311
990966682 -714525073
538319344 -818982151
45301182 -932755573
53780302 -930798853
546623315 -817065850
955500303 -722709622
536403625 -819424240
-174818601 -983552446
72431428 -926494747
594872451 -805931434
-2184659 -943713844
539943031 -818607454
41366550 -933663565
848912133 -747306892
998346418 -712822057
686953310 -784682005
-229219116 -996106411
464260606 -836072629
98363035 -920510530
959758999 -721726846
-136332322 -974670997
908779733 -733491292
338755291 -865035394
965490543 -720404182
393380979 -852429466
884955608 -738989167
430929087 -843764518
251232622 -885232933
349265258 -862610017
408363583 -848971942
903869763 -734624362
-141604576 -975887671
452839677 -838708228
526846116 -821629819
515496336 -824248999
16911158 -939307117
201950662 -896605693
754237852 -769154803
-228141806 -995857801
100379101 -920045284
-211699523 -992063428
929871648 -728623927
-175834954 -983786989
-78368585 -961294750
860196068 -744702907
3667707 -942363298
189337386 -899516449
877049892 -740813563
-210211413 -991720018
615340756 -801207979
-25605251 -949118596
-160514298 -980251453
578445911 -809722174
518258420 -823611595
914003874 -732285721
421692899 -845895946
46876847 -932391958
412350553 -848051872
76390474 -925581121
26381476 -937121659
335391840 -865811575
385991402 -854134753
-128374424 -972834559
740706334 -772277461
401233642 -850617313
503482035 -827021530
112574596 -917230939
336976176 -865445959
528142502 -821330653
269407688 -881038687
342983437 -864059668
692813112 -783329743
65277398 -928145677
93396268 -921656707
418858457 -846550048
753384389 -769351756
-10110317 -945542842
207252127 -895382278
619436159 -800262886
386528549 -854010796
888500708 -738171067
-133735377 -974071702
839140384 -749561911
917674112 -731438743
633905991 -796923694
898331672 -735902383
59377972 -929507083
627214917 -798467788
315910820 -870307195
400373848 -850815727
649231496 -793387039
904033641 -734586544
282422794 -878035201
49656988 -931750387
285929583 -877225942
5690429 -941896516
-141538575 -975872440
-201771007 -989772232
911515921 -732859864
-134709571 -974296516
733202305 -774009160
-65615637 -958351762
-58803338 -956779693
873453910 -741643405
242612062 -887222293
-47469483 -954164188
25077173 -937422652
-156521517 -979330042
69788 -943193587
29844663 -936322462
249769602 -885570553
186347386 -900206449
139852275 -910936090
30457977 -936180928
234335066 -889132369
648916103 -793459822
811842971 -755861314
-213457227 -992469052
37290894 -934604101
-234489732 -997322707
-75469819 -960625804
458688182 -837358573
205184516 -895859419
-100998062 -966516937
319860688 -869395687
319733197 -869425108
238840385 -888092680
977539775 -717623590
47758117 -932188588
677428977 -786879928
970790071 -719181214
442995310 -840980005
146141246 -909484789
71727036 -926657299
917351803 -731513122
791177872 -760630183
828385302 -752043853
884899812 -739002043
646972811 -793908274
-177374726 -984142321
934387146 -727581889
918413344 -731268151
-91651010 -964359925
-174628710 -983508625
89941817 -922453888
315994254 -870287941
309783725 -871721140
308783765 -871951900
997779501 -712952884
126045963 -914122162
446093054 -840265141
343975545 -863830720
963410413 -720884212
-111943282 -969042757
-70111453 -959389258
980069484 -717039811
206430670 -895571845
386942222 -853915333
821865139 -753548506
807238722 -756923833
856107867 -745646338
252990586 -884827249
201106546 -896800489
-227150478 -995629033
813265743 -755532982
427720908 -844504867
-23639638 -948664993
614166934 -801478861
-125501684 -972171619
242368962 -887278393
932964348 -727910227
-200817483 -989552188
346057339 -863350306
-224850102 -995098177
-1363124 -943524259
966342940 -720207475
171460761 -903641824
367094485 -858495580
304585675 -872920690
717027601 -777741784
606646915 -803214250
319877692 -869391763
357786732 -860643523
482338887 -831900718
692748008 -783344767
-236446518 -997774273
817774299 -754492546
428921965 -844227700
671022629 -788358316
408319669 -848982076
-30129329 -950162614
960357870 -721588645
754881950 -769006165
696277157 -782530348
-87362271 -963370216
540509233 -818476792
541657367 -818211838
562659985 -813365080
787301844 -761524651
-235448521 -997543966
587703783 -807585742
319996746 -869364289
548138530 -816716185
936322651 -727135234
683233698 -785540377
883572070 -739308445
597406112 -805346743
-215155638 -992860993
168421829 -904343116
977164712 -717710143
756929060 -768533755
654149201 -792252184
-187096373 -986385778
449960138 -839372737
105432929 -918879016
203831372 -896171683
336942597 -865453708
807004306 -756977929
-117713033 -970374238
908717502 -733505653
254514732 -884475523
990525995 -714626770
802406622 -758038933
958010421 -722130364
914552591 -732159094
-148457552 -977469127
248995400 -885749215
707550822 -779928733
849739804 -747115891
971686590 -718974325
925547172 -729621883
200501188 -896940187
147556192 -909158263
323650851 -868521034
132399336 -912655999
251511862 -885168493
417667033 -846824992
461843568 -836630407
625573654 -798846541
268003714 -881362681
-110664225 -968747590
136179424 -911783671
-64900026 -958186621
804352644 -757589851
637146150 -796175965
316973752 -870061903
201056496 -896812039
616060852 -801041803
814446663 -755260462
-109309469 -968434954
208558562 -895080793
602995579 -804056866
-25816644 -949167379
470102312 -834724543
102955090 -919450825
509053705 -825735760
599746424 -804806671
864230761 -743771824
909629881 -733295104
452560684 -838772611
118082501 -915959884
839147716 -749560219
820213879 -753929566
870822411 -742250674
-131253638 -973498993
810399919 -756194326
-10899625 -945724990
314160448 -870711127
801869982 -758162773
427088549 -844650796
845653033 -748058992
542474040 -818023375
190070690 -899347225
134141531 -912253954
817323745 -754596520
952172173 -723477652
542765149 -817956196
924861175 -729780190
933194851 -727857034
628159705 -798249760
926032358 -729509917
22225246 -938080789
-244929330 -999731845
929342288 -728746087
102017127 -919667278
628987792 -798058663
-153630590 -978662905
227284542 -890759413
382788774 -854873821
866246125 -743306740
-66607095 -958580560
642339754 -794977441
906216601 -734082784
470226410 -834695905
491379230 -829814485
-240554336 -998722231
-115337400 -969826015
558450767 -814336438
460752868 -836882107
727199542 -775394413
-110435191 -968694736
373642741 -856984444
-171198426 -982717021
184756524 -900573571
928305499 -728985346
832527141 -751088044
400364865 -850817800
-113390416 -969376711
698556408 -782004367
269554679 -881004766
803941831 -757684654
-136924108 -974807563
-131871710 -973641625
56459030 -930180685
-241731564 -998993899
661603921 -790531864
998575634 -712769161
249431433 -885648592
695739503 -782654422
40535512 -933855343
679990276 -786288859
13911200 -939999415
463572126 -836231509
419954370 -846297145
820676107 -753822898
710681014 -779206381
168505172 -904323883
274893155 -879772810
-215091717 -992846242
-205983072 -990744247
-148669452 -977518027
657617068 -791451907
-95321729 -965207014
-6066290 -944609605
-8591293 -945192298
-74899639 -960494224
714607924 -778300171
402305895 -850369870
-193354287 -987829912
-73899094 -960263329
544688044 -817512451
248115417 -885952288
-76280980 -960812995
199676702 -897130453
293005990 -875592925
835138178 -750485497
-183492279 -985554064
604257164 -803765731
529971602 -820908553
459016952 -837282703
992763971 -714110314
482303345 -831908920
896389498 -736350577
699622590 -781758325
974211229 -718391716
966739648 -720115927
273354332 -880127923
363543054 -859315141
47944940 -932145475
981143505 -716791960
364505496 -859093039
58969603 -929601322
286779848 -877029727
831605519 -751300726
558385143 -814351582
-193425345 -987846310
-104716920 -967375135
-105458648 -967546303
16725518 -939349957
270728618 -880733857
739797556 -772487179
765265609 -766609936
859452585 -744874480
932129995 -728102770
620096611 -800110474
372159155 -857326810
428325135 -844365430
434723540 -842888875
323741721 -868500064
108264017 -918225688
594168904 -806093791
462662464 -836441431
1026978 -942972697
612987704 -801750991
944067427 -725347978
768135073 -765947752
648324499 -793596346
609607236 -802531099
-190932816 -987271111
-205928225 -990731590
677251644 -786920851
610004165 -802439500
921805226 -730485409
409901535 -848617030
945468320 -725024695
440662603 -841518322
929502890 -728709025
250139335 -885485230
336762625 -865495240
351778899 -862029946
780503754 -763093441
676310782 -787137973
5116895 -942028870
835455378 -750412297
-116305718 -970049473
-17266492 -947194267
221341202 -892130953
906302765 -734062900
178820789 -901943356
729228907 -774926098
27868039 -936778606
797494572 -759172483
752284602 -769605553
549643306 -816368929
44161251 -933018634
366674650 -858592465
-79601596 -961579291
-76526836 -960869731
857020181 -745435804
296246617 -874845088
820222797 -753927508
-50001025 -954748390
969568864 -719463031
377492145 -856096120
179463262 -901795093
775016272 -764359783
-212752393 -992306398
15674598 -939592477
483435190 -831647725
169229350 -904156765
751655415 -769750750
704002940 -780747475
768651121 -765828664
467385559 -835351486
866534582 -743240173
479840521 -832477264
705676742 -780361213
805670233 -757285792
722320005 -776520460
306266354 -872532841
497264083 -828456442
63953166 -928451269
-231389323 -996607228
9990114 -940904281
-220668652 -994133227
555259189 -815072956
997615779 -712990666
448374398 -839738677
528691024 -821204071
585367293 -808124932
341945881 -864299104
244552546 -886774489
597871083 -805239442
-204090675 -990307540
256137678 -884100997
80306685 -924677380
342865787 -864086818
752715162 -769506193
693968864 -783063031
810382317 -756198388
401621094 -850527901
663381671 -790121614
617304913 -800754712
792822190 -760250725
519739094 -823269901
504473688 -826792687
261370724 -882893371
815011643 -755130082
695127697 -782795608
846896210 -747772105
161402947 -905962858
-216201826 -993102421
633077852 -797114803
524106808 -822261967
396022579 -851819866
-183109260 -985465675
-164405757 -981149482
121264576 -915225559
210651185 -894597880
121386620 -915197395
-16939919 -947118904
345611023 -863453302
-231562990 -996647305
239836432 -887862823
552350283 -815744242
334166499 -866094346
557108764 -814646131
777607302 -763761853
696174249 -782554096
791414303 -760575622
136678195 -911668570
123621 -943181164
516906849 -823923496
290734812 -876117043
634993506 -796672729
738056999 -772888846
25313903 -937368022
143290229 -910142716
-166989559 -981745744
-45505599 -953710984
506025160 -826434655
974085636 -718420699
499429649 -827956696
251563446 -885156589
124007134 -914592661
68550317 -927390388
772754129 -764881816
511125450 -825257665
360841875 -859938490
304278784 -872991511
146185732 -909474523
32432378 -935725297
219257471 -892611814
435474108 -842715667
964866309 -720548236
809368577 -756432328
535262979 -819687466
149554383 -908697142
-103146897 -967012822
191517681 -899013304
-81536256 -962025751
635046390 -796660525
-6681424 -944751559
-169466826 -982317421
11958028 -940450147
917428425 -731495440
884147138 -739175737
11105579 -940646866
334788965 -865950700
546878518 -817006957
963933650 -720763465
868720467 -742735738
-96436297 -965464222
924015200 -729975415
788082221 -761344564
62044805 -928891660
-97055240 -965607055
898518833 -735859192
131935184 -912763111
735927768 -773380207
73730440 -926194975
418044280 -846737935
69519636 -927166699
713160621 -778634164
864189668 -743781307
414221279 -847620166
549620816 -816374119
315652874 -870366721
360941338 -859915537
179963788 -901679587
-60551565 -957183130
268091568 -881342407
934568613 -727540012
492901725 -829463140
570896044 -811464451
750409833 -770038192
486509989 -830938156
294804332 -875177923
-103879226 -967181821
406451660 -849413155
574799619 -810563626
493661406 -829287829
435100371 -842801914
509610586 -825607249
318971176 -869600959
942394522 -725734033
389244483 -853384042
438945121 -841914664
310874945 -871469320
118032542 -915971413
-196546671 -988566616
-21889032 -948261007
605701490 -803432425
230757596 -889957939
26698130 -937048585
-165347789 -981366874
-39440111 -952311256
-119150586 -970705981
914479336 -732175999
514605238 -824454637
63287293 -928604932
92696972 -921818083
309620939 -871758706
-135701640 -974525455
583789600 -808489015
541066517 -818348188
80065756 -924732979
76017127 -925667278
-225228545 -995185510
502228406 -827310829
287467041 -876871144
-138220923 -975106828
-221794439 -994393024
-178172679 -984326464
674018167 -787667038
929064803 -728810122
824274455 -752992510
882655830 -739519885
376312694 -856368301
501272061 -827531524
697205253 -782316172
952993318 -723288157
681131182 -786025573
-53108961 -955465606
265268163 -881993962
-61538434 -957410869
443843170 -840784345
576605488 -810146887
471830779 -834325666
941017393 -726051832
-66318898 -958514053
966526344 -720165151
140086301 -910882084
736918602 -773151553
283823856 -877711879
707584986 -779920849
860581219 -744614026
680210470 -786238045
-183685277 -985598602
863472965 -743946700
279460471 -878718814
970343170 -719284345
360890209 -859927336
130290489 -913142656
542533 -943084492
-25300544 -949048279
136955693 -911604532
-133564362 -974032237
988357296 -715127239
973035444 -718663051
836448799 -750183046
763144087 -767099518
379826516 -855557419
63584421 -928536364
630559778 -797695897
972464848 -718794727
442392929 -841119016
662488103 -790327822
-208405180 -991303195
839567499 -749463346
755795083 -768795442
586668164 -807824731
326373415 -867892750
97749292 -920652163
202031028 -896587147
286398844 -877117651
833907923 -750769402
82093288 -924265087
-69916713 -959344318
952399218 -723425257
966901758 -720078517
423273595 -845531170
363245146 -859383889
291999556 -875825179
-52986137 -955437262
980565278 -716925397
893218161 -737082424
-198422025 -988999390
416558146 -847080889
-38192488 -952023343
753337914 -769362481
37548450 -934544665
-89262065 -963808630
895067216 -736655719
-18638096 -947510791
610083088 -802421287
239614899 -887913946
432892490 -843311425
252924052 -884842603
783519286 -762397549
222793029 -891795916
243173766 -887092669
703317879 -780905566
979084253 -717267172
763571332 -767000923
242584931 -887228554
41171212 -933708643
346335396 -863286139
954927783 -722841742
63793617 -928488088
311622692 -871296763
119920805 -915535660
237412517 -888422188
893953246 -736912789
-97632674 -965740309
-196831111 -988632256
378950732 -855759523
-184533644 -985794379
83913587 -923845018
388485881 -853559104
545213530 -817391185
873918933 -741536092
467197540 -835394875
123151695 -914790070
999688811 -712512274
320000217 -869363488
573908794 -810769201
