500 500 2
430129881 238289397
-914438860 479901040
-408661489 441351738
-780641660 -339519020
-484668146 667719151
-407348873 -402482170
-647219856 148970953
327834986 138603178
-130700654 -147204101
-484955130 802278630
-131282996 841226167
223799381 -384703697
-434819306 829705576
-597846325 -169095637
-112695056 -268958985
-628516094 -303693420
-169384454 507886273
-850601739 555273516
-351051557 -396204159
-51555869 797774530
-940438336 403903303
-270598616 -693286653
324016696 -469902418
-571551901 -508929968
-21448085 -661818877
-62216751 660040700
-270904739 380176307
283120562 -395738773
-212254974 669357548
-459314779 792071870
217146074 712350930
173419118 -455027323
-577193356 -126615810
-227629294 -543238495
13814270 241302855
-554631262 -294386033
-190548787 718966224
-147760601 717834075
422352734 -160513759
-73175971 512940415
-4724634 -625862035
372900825 509480792
-337653013 -406914394
-522142035 64814826
-615684919 -109983520
260131572 -387898411
-761573444 -384892708
-642223897 154676264
-435989546 -484432619
-186672195 772954035
-442951763 684245386
43098927 -308678951
61150015 -636904529
26755378 -561246970
-889815484 304680512
-466550801 -687495244
-91146170 -264629616
292680833 165024233
343962721 -347647545
-146551480 -609859648
-474481641 -247722235
69840547 389038640
-872645765 312329399
-622483087 -422191277
-217618611 508148592
-798069655 -513878834
-476600271 -391268177
-192811685 375171459
-496111895 46970568
410426219 224983193
-464555846 3601282
-882983269 123534663
-430598826 449718840
-248953525 -396696694
-182123668 498375096
482326701 -262916443
-633815355 68888522
-291272402 -730379763
212932606 465247135
-741946807 -443523616
-395029887 604398919
-595281855 313290148
164371253 348368098
-661991558 -191309227
144836936 484361834
-549969354 329169444
-749325106 244282616
-460933211 672835296
89687857 101190696
-572139853 -596109038
-553990989 693606986
-585574066 89539084
425734167 -178792334
-289647130 -559282011
453070102 -138438628
-395534899 319428642
98511973 399679047
-115109308 -169421798
-728312691 -170965932
-862035653 430685296
-787773717 -248300104
-698440766 -481235999
-403693750 119662636
29640812 475204743
-272831000 -592562060
86403486 -222634921
-14063372 -304697199
-543782685 -356471845
-897122997 -331093797
-71201880 -510295480
-195137024 393709220
-700785755 179128054
-650416192 170067611
328824245 377890669
-430740175 -680496364
140005271 469360457
-824350707 -252199868
-160647705 -568676921
-434275585 79621447
-398751316 791138718
158987584 -8558604
-357136145 194502191
-602625905 309220282
-426418216 -700282118
79596975 250954908
-247162980 -411663420
143126961 -218159160
137734440 -377250474
-671007203 633893570
-438985301 -284634357
-796890875 -286786711
-156019132 -450912091
-239723081 -437455539
-533265731 692088961
371951926 305853147
223622736 654173530
-874452904 21936060
-208746637 17441656
-580941071 93529820
31695295 805760428
-255047268 -609682833
-769907174 138996800
440877798 228003728
-425379339 405018467
-869341860 -84285238
-665992591 -438731033
-859572774 574558853
-254122521 6181074
90759395 -488866374
-573370203 -276958544
-36511839 -591505217
-242441308 -353203402
281598300 389563529
-426419852 -347820185
-95899386 -95130691
-453216435 -89952556
156867166 -313948960
-524154689 133717510
-581847539 393319400
-751470916 -350533612
-202112178 -29206639
128931542 -34893612
-431864159 259669934
-352539102 527691410
-948652456 -286614188
-949592669 -62081080
-13673950 379596328
165036852 622161305
-28029047 358664704
118820922 -231923802
-23172423 -564741234
-106264900 -553564479
-944910138 -45693114
-459240194 769874716
-435348803 295979679
-490976488 -215097663
-507830017 -151302394
-46155260 117062560
-925719530 -211189275
-80266960 464050782
-40910829 699730297
-92090305 -719401905
479511658 -34609556
415013143 357470231
-626661349 621552121
-685813672 -300641948
-903955331 -187751761
247195828 553242320
-805770728 297104404
-485362506 686067140
-434497080 -354650823
-860986677 -353393828
-445024442 -363183159
-380950775 670022339
-346486567 644162724
-571032701 -410356397
-435565412 592888688
-118858868 -112883823
-175845751 315088401
171018443 241183856
456256622 8399653
-634386698 642722498
-78015678 417854247
466852927 -205075266
-358297805 -217603561
6384320 -102678069
-124215930 -720988468
-119434715 23845662
-153200839 331375819
99991483 -172991120
41501257 -640144434
258983239 366973948
-39185141 -592702407
-891481453 57284494
200499042 687886487
-196522956 695209726
-892996159 -338302384
-496094629 339809579
-264639731 -269292039
288638417 495816604
-549974 123464066
-319199829 -97294812
74274237 143962555
-450816420 -481509307
169862886 -265282621
205702826 -511073912
-349163652 191414876
260929854 613366298
-498611015 -698346951
-932687114 422555896
-499471754 760144925
-472492424 -240451282
-161392612 155900784
160156089 103139199
-232017215 393001125
-753249353 428174415
123251386 384622205
-10477418 -341716677
485437382 -202915302
-524764878 -87846494
-600786030 605763398
-2193254 561728101
233748928 -486777510
-173830260 -380054398
-698439205 -587176308
-600590316 158594157
-533998690 130062601
116256157 384325192
-716797391 635510983
395494372 -13882128
-415526139 367017789
-56989909 -361201618
479678565 55851344
44441498 345056699
-153279931 -507890272
-391867602 -588643878
-172204811 -350572835
-296212458 -98528183
-276140929 -474755450
50680423 3114754
40432540 -30211504
-882283913 -188877635
-238277494 -393070689
308233964 -155659306
-289445645 726178554
282719918 73737169
-221201252 -631438765
-400494122 590294961
283695039 88907676
-50641832 -251251570
-441111353 -160782286
268036499 115489989
443898001 22615021
-347878438 563143296
-498641364 12561852
-932772136 127193440
-179646544 535383152
-139998114 -243191651
-149447098 -172923119
-873683178 -387348814
131235342 249603500
-978772507 325339869
-289515171 190120809
-782559792 421336096
-499952177 474880404
-596771020 -14289147
445379008 -59573686
-615421083 112558495
284826563 -345363799
-174203478 729424321
-436044421 -84319591
-898520409 -158402016
-766422349 365485480
-387236209 652092797
-535557338 -500707133
203603444 -185986774
-40145897 701556560
-143316683 115998327
290525541 38491348
-946669375 -73502770
-43821674 -15195820
-737465108 60800033
-375126408 360577907
229276154 -364268008
-806530518 -24392282
-526879150 583334481
518262885 255059941
-16167925 -266057159
-197990515 792023865
-874196058 -164599330
-145375907 238756154
-572916976 -556504489
-771823958 -57223547
-69670139 47705479
-26129797 485522300
-419094551 813008594
-186999319 598722280
83803594 381689618
295123190 14516933
233521882 632250766
-25395603 -159455503
6058284 237765991
-170260479 525686205
251599605 457348152
-52956821 17670551
-868775817 -39339834
-566812120 729048786
-102907119 -87125654
396891793 381817782
-685148500 646880902
-732637793 313648509
495672592 155829583
-329194991 608314602
-390441411 -445853135
-802074976 -488636419
-317749823 48265748
-682363234 -194913590
325579801 53613332
-737789211 97574663
277419335 -290025138
-431986212 -525443126
-287154634 431952460
-699086161 297741081
59692637 -623109283
24552421 151529874
355983746 -358094067
94440007 17773826
-478498069 -109821766
-590056047 47719618
-221800094 174005348
279123693 26793450
20384187 281634735
-271924840 -334001562
-270820353 364445531
-612752835 448700745
189767219 314360951
239317376 -177268367
-212005937 -485297795
-162356746 -248780912
-516697916 153001523
344081083 15019049
-447791124 742029212
211088879 698961593
32848329 737066361
-951890321 130544586
155026135 -193420478
-631388565 -511529446
418046166 64484621
-578572264 473947844
41480411 579947839
304701429 -186234486
-709282294 -229073701
-251088882 6427876
-875721060 175647639
477934487 -106810188
494055590 299953052
-167101907 122329139
-538442305 392619333
-89634370 652636143
-383143191 19957333
-938112199 -275099490
-5354929 40230637
-832351386 -183930383
-79403866 -546860423
-492350683 -454052498
-885157939 -401704684
-21367406 166392571
-662814849 -12944311
151845656 630761419
-226137809 708966950
-532529790 556872429
-234976007 341598091
392518732 -47491269
-292339094 598512629
333972409 -122219852
-374587786 -717687207
-191242649 -197160493
-103330688 -531750394
261558224 -32761585
438542186 78657533
93884148 -548187848
-869804310 91066231
-673762259 -51572103
-424445519 348518079
-92037770 518824030
32657928 -656407903
-38012431 -338054935
-120947203 -96432121
374077412 -112884790
-155674279 -605100496
179152832 468272312
-496739010 -607590300
392631318 -356630196
-639726155 -11771521
428187114 -154494904
-517126101 758393515
308735025 281274200
-537074144 469352655
-740310990 413501250
-364435121 257459544
503113737 -102330947
209590823 642509989
-142382249 638557141
324756429 41983843
-237597069 659850024
-416640552 -198246250
-698370669 -74717105
368345798 443247165
-249784821 226862647
-17226162 -567460579
-368063115 -278796158
-90398033 -121962584
-285054587 697126354
-557243429 -195152802
100554252 -467559802
-198422042 173671937
362536631 206079867
12771627 812098008
-573071232 429156356
91257934 573816748
126845656 95819456
343677392 343952748
385373918 158460303
-364933087 381807597
87020032 583734804
-874916165 224256843
-666121713 -144650114
-161573109 117456317
-245328310 56731719
429550732 -51516857
-682376543 -371299610
-518099120 661625648
-245213072 -296794109
38730569 22427382
-427809836 -378034083
-773401188 436054185
-672811053 319714577
-654379420 -386420653
284079235 -403762827
-316776927 -615042990
132294803 -126574788
-688387669 -124402879
-257974152 -689232726
-79779473 715811957
269743473 -501480763
-768068363 278851279
-588016928 640016857
-711272120 -583275245
-658772508 519522777
-255613276 -679353427
-654442808 487786003
143180834 125782781
-700365792 -56537107
74028423 19276099
-543941381 249561724
-93930451 658077343
182352434 624407704
250083185 337477207
-131473212 235497938
290506807 272179182
-130034433 -218546211
-748985584 -376200590
121422761 276897743
-84180924 -268962152
-437642920 332529192
74802009 428196007
18261715 300856820
-495480737 -523400023
-405100036 -234403798
405091317 130013786
-834285674 478297153
373803362 349472517
-265544237 517134567
72028361 551143319
-277385042 -189956971
-156607442 107872459
-776161628 -487610463
107602330 472740903
-514385914 684514648
-75183048 821834831
168934346 930389350
-417032421 -845108755
-481910644 933450154
-762920380 817306711
-651843119 -814467026
-777046733 703893594
-948958328 -862557818
-141658353 895886242
268597887 806847130
352027476 -811202765
-870885164 -559983225
240018529 994796994
-458210996 903153095
767888283 -496924961
-407078201 -740787264
145548204 906795332
996382628 552830498
459714774 497558635
862212351 -592399413
545440077 381399655
669804250 -888295457
315737786 905467513
708934731 -32593458
432077838 -377135859
229150992 918634709
-108729308 -802734983
13422486 -798470027
603182554 587239961
815960615 64285434
528057556 -262982492
-594107821 -767320719
495771481 -930720845
-910671103 -822596258
337340006 -725552982
975047122 989597298
935647617 -940306609
-56911862 -929485143
739985925 -122326852
66221508 -704886956
651083417 -796006771
932276085 218682257
846351004 125698777
-578009835 -883463803
198669709 -991168906
720079693 848121839
-922648487 999912832
683164030 638033743
564395561 394462005
580269881 -166049210
528145435 406037756
565430110 637443995
45380817 979457102
-983136385 790114690
965079285 223742867
806776600 295372552
-959662885 -772113430
661149716 239889890
966429938 -557124024
983540040 361261555
588211984 -205382242
558861390 -457350289
992372021 115540522
668771367 -997965668
724725589 543820084
803796117 -718400058
-601083704 993223028
707096831 448841615
13451214 -713904956
579330529 -501058640
458139870 512438063
929650247 -172046965
919333498 -350573683
858015796 -783971125
910579548 301787970
-973839627 540062803
136162557 -909982340
149262666 -854007795
-844691494 933490242
555077914 -247592367
-1239119 990221897
111312365 -778104138
-145185503 -911120359
608046098 990648132
-203569355 -848638954
958653765 -30592070
971189084 911856303
-946052839 682955010
-560863150 -968074994
834571998 323540189
115383588 -740917159
421675319 -400623197
-910968633 608163719
-143674699 -835685718
-974398689 -768424277
700971502 -891755901
-881250027 606867885
625641251 123251363
-442481517 -766272729
660758256 -766100516
840387207 109763694
781373409 497961692
464523998 -379586738
19553981 854287914
-5546893 -799589275
-204990316 965530124
401429832 578949099
776070693 -696276649
385842648 -996193828
500438836 -284647240
705302828 847662814
359516299 -854012050
-794796604 759841611
726114421 580921907
-817680331 -892067835
695653386 996554544
-523528171 810993501
995465648 -225197739
491069741 -304155057
582363549 -287628497
-676749884 -988093505
906160119 392622707
731790343 256113839
378500353 -899068041
730851646 137901405
-426846180 861582493
824559147 -990412362
-901705185 -998945658
-994146245 911245685
731714619 -103333553
347324860 -535009743
799751532 860201720
980347599 699986244
151142382 -959345048
-643679273 -723133726
672197948 204959030
-937837456 487772430
-280145003 887805996
-789977673 912579908
938201047 969602317
-457960252 946760334
7261408 -985955300
-715973275 762351835
970549529 -372637411
682847100 -502618702
552048176 -475648749
945919837 -146079466
473846914 -752546449
670502985 108601851
878715325 -791281657
-992370692 -589578879
566705518 52201765
275776952 888582764
351811319 -723934215
447574789 -497701702
397835551 790886718
-937201801 773185652
360929025 850168953
218309981 927978620
-521145604 -891032737
628075051 -692931769
891678520 695729332
597898455 492165359
723196354 293070847
643351016 297832836
759874465 43684490
236902019 991394169
-553081851 -853110294
406821166 946575729
728965828 748538939
501365131 570915683
523315333 -806511753
646486316 507403777
11767762 -725319450
-158167750 -915195854
781783702 -818073051
479887916 -656924052
886893099 552132824
558195425 316362139
575709196 153076547
-228069521 901908691
269572987 977904294
874088097 683787436
-399381735 973279964
-760340348 -778939811
972708286 -76576345
869894661 961055708
521026449 949087420
662810433 -840677107
-918385969 622441474
697504789 556241928
-906706799 -442691890
-961219098 -868597868
-963946509 741765012
892044603 -369954496
389611681 -892856751
712093629 -59784393
879511970 -46944990
134486967 951294297
-977050880 -282977149
423324741 851408624
884790730 -215756204
-934907763 610092396
-996382569 306677327
-283023201 964522715
-14530758 943890544
-909329692 578706098
781856026 845975218
895158725 -313895636
382311909 -569862805
-852637785 946077509
207397253 -634945367
749967716 38014616
740590328 771991388
206824707 930869225
903735154 39159584
841032450 36235446
-31558798 -872208474
932011803 -765564098
368846948 860331521
391605143 -691090818
-829597727 700255166
-547039906 949161607
524782731 869887141
779354553 -294361714
-982663028 -293376531
492663546 457256215
583239254 -568617667
569466020 937076801
34717455 993693514
-236218361 901209138
-873465279 -479496613
-903494701 865840960
582492763 -866105180
-966829798 -703085124
329937933 -700833188
-459788824 974409323
525263140 624873297
713888562 20788326
966416765 391112927
808822333 -188201635
399605568 688106183
-920331591 910102728
-54299020 859272345
-984769128 -827625289
125736032 919002232
743271600 -371806456
-268626420 -868467377
147084346 -741049358
829381560 94656036
660487027 -338859677
414552652 -560082131
113670582 -816552723
138796662 846714079
-416568729 959507399
297777854 -841702957
82083994 -790063884
-495589495 967024641
-320553424 912746069
800044977 -244350584
382945379 -535181552
-109395175 -820819963
350151012 -639170991
964283968 396071670
960945365 718526345
-191794357 866543321
932858341 -253577474
818784953 839027973
-965138490 -989182808
-35685544 917712019
-50533729 -951950437
764586638 146660677
998256334 256168831
-637650886 -650990135
267229010 962327202
889619261 546036756
932670376 753540826
692582336 -664320080
-856907975 834138682
-884464161 -545860823
-933457708 491997793
575909354 711110572
-636710752 936366647
928623478 -688295936
-956569596 849339918
575567164 104991636
-935338335 -443415415
893098309 145079790
398783545 -726223527
-923779561 641033583
-56820957 -850051224
493824346 815450668
592001116 43558106
931803501 227482415
847845008 -840452741
678923952 -597983961
-676693382 -710463155
-979059651 -962346076
47160741 976168289
516864464 829475473
797020952 -338189164
443356446 -989347187
64699195 -879129966
-752979113 869751803
14845710 -833017301
618255093 -221326805
749392442 104011405
281956659 908754111
-759163172 -852410273
990254355 266891951
853648486 -735283516
-828861682 757250376
993580139 -335913925
-515413473 857439033
-414944294 -864107488
787843833 -116861507
103232578 819876993
595793308 411929752
754354186 580886642
858969989 -987187823
-961009928 -612458032
636604567 -582903046
604405194 192636391
-356494874 -761229941
534252256 -447626193
249720247 927048762
496898613 -536432099
686165952 -105990200
215113061 748838279
425335336 -454765792
864569314 222305458
648147151 270646592
866260087 996566124
672819416 -100728892
926122747 -850426177
310121632 827980645
279594861 831745396
-230684136 -940133711
-804380474 772507852
399426087 -468120390
236196237 -933885313
481871381 -834641560
-960624510 932665085
277619681 868462250
658721055 964245058
-443241774 885164384
967185520 -211477508
-909982648 806964268
207308504 772065536
616970490 -763479658
317438816 -575441583
465447123 -670854764
343908095 -883213032
957991109 155990273
924745364 -771497905
910478040 280316956
190326214 -619600563
-390016812 -925845121
955235936 -515076543
-831546616 -635809105
464205106 436310777
-758982847 -746333583
874506786 222881107
-978875454 807852839
-818278288 -805311431
-791878722 -626010413
972275352 267072173
918594893 -482048812
-807246780 -905136537
841906724 864511187
455716808 -524529739
780297907 196685356
-288969018 903730821
659150521 972303143
427540286 937030552
280306966 855914147
851896462 -824357446
665062827 -45286322
715634547 -972294698
-241678708 -922732764
-868196331 -613659075
548448931 976717029
827420338 -992677586
733643776 -660875617
411268684 908194257
-535095733 -711128200
78854256 -864268674
611486414 -17400819
846900667 874257682
-948492922 -487018826
-972922797 -931917864
493417213 916596383
-237756085 894988076
-627178247 763824016
136940774 -993897483
671857505 790120044
912117006 -966589724
583982417 195111612
862090416 -759783370
680708667 735452040
703670310 -641059842
723149554 -218549519
842893742 -517093761
666457876 -806786646
572421743 640327426
941316577 -695468108
-846320642 -671472118
-272219014 -914885963
789050917 -142861450
836907312 369599875
961895785 -994592480
811404309 -696066459
673914533 -635063282
-921154341 964568883
78089461 -967868436
748619781 849067551
-835376692 -608359727
585609537 358329085
223315858 -914601828
-889096440 697735505
895560426 538729556
-977675923 -997059215
840976842 347927325
621988115 -953470830
-539524999 -796701321
662878778 -303704179
-860669603 906261111
891628188 573887485
428065504 -722412758
837943208 262526894
-647109088 927497642
877647059 -293645599
787188507 -208191761
632670646 -837587765
-210060296 -814016307
751452413 -291653865
472179610 651102920
242981870 -978039519
-526729103 -750978027
-742911626 888157686
924257556 -625340748
-816576552 838949491
309371031 752891570
-998776760 -401042743
916269286 -816702538
736814506 704083409
831328603 114104162
-182722132 941320303
-799454154 -799193186
-802775752 -842947464
992376023 970054892
-657138786 823234011
385286376 731952922
827186055 -946873431
845736275 -625542628
751169432 -222657704
-649801222 800843473
-430371702 959641660
-423142130 -759543293
640178361 -30479283
573396275 176837339
937492292 -8174319
668924997 939857389
535193165 -547404205
296115947 -697336260
545234636 388207153
658756090 732696207
-958343138 -493713982
940603116 587912116
969461480 -976791386
545587348 456270774
452935404 -859210025
838470655 -733127962
-42534172 -831104622
852396432 -103070829
-457985564 917946672
229878619 -907388655
520323317 861414523
-868277643 725497686
863650552 -157184365
623715900 -386770552
953601383 596916935
-934753353 -961429365
687025974 934691761
-459168115 -934125558
447236323 618119097
-879612201 -534693394
634467750 618711818
660754320 998097326
-501822171 983251377
710524175 190052699
745918704 127518218
665452743 300396104
-652747267 -646544496
455668554 909430889
-643220133 989389597
-233675696 -794603350
525979841 668892517
74130249 854561948
759185515 370232171
-925718266 -848482826
