3 500 33
587599306 499999999
471788361 500000000
587599305 499999999
210313053 314632869
647883985 1580333
617255658 301702573
735308426 471987789
315987477 579447631
593610495 385548804
682729682 549093584
353748846 805657954
658513175 151847362
362633781 910695628
937199763 672717111
985460116 421598383
87320149 56755862
769337616 346116365
632714807 286465917
669004539 315492777
717556696 799099747
765172557 10024958
867733329 989349185
47730199 250577256
263640066 555471672
442889470 629696687
659512263 81514774
892276900 424432914
760724364 371661104
802632591 214801400
996393111 984715222
808660113 706691796
487540060 81943346
213046166 380980317
394334976 781982252
342689692 837837059
357319977 388269665
983389526 320592838
242294248 560158204
339373543 946904323
619646546 456207852
647083529 604985916
192948710 369146056
49087452 353451879
889938252 854059543
12191116 861280917
820530168 957414459
1469813 117728232
971377165 749936274
742013894 499999997
310804510 527396749
851416519 802447448
214515779 990946371
118514755 214295752
457362818 34786091
509353989 357801843
95608481 935155907
850054716 10651272
61912679 527977996
715225373 83122149
521627856 298528989
500000000 500000000
460124126 922425599
896428484 499999995
16428081 954002516
396383389 288727021
327499536 827429211
636106838 519342596
438682394 499638964
47697843 837625387
552772681 434117143
111070277 217779937
887294296 681160479
10966961 35797851
274186027 756230716
321158734 834309152
897962480 3943513
575725645 345117340
607760320 550459620
871471979 568870283
461852653 940446575
0 500000000
493832228 59825675
78393400 148390639
44552941 469574935
985856336 490665122
234293562 997058963
921150033 849799200
674149968 542653838
574067044 913863783
457364934 486378119
107442634 777801677
39052217 451686046
759558227 18856864
609031807 647371047
406722892 301312335
381702063 966041299
755357132 371507889
312659821 470445259
849252696 290045979
890535585 702179527
849615517 726881262
450846905 728544997
758319348 639847589
777064913 447649820
406339955 492628513
615516310 399995525
245037426 282772038
714436859 291165820
705627838 415766989
965805757 3196805
353012487 236521461
112656975 539675955
173665458 640328819
892412393 802104246
507229769 655255823
724445856 994562804
88713074 966339734
176757947 220420384
217367475 391594091
603080405 245689517
936578504 186542149
787395983 753547576
755624228 83548872
799821470 21326158
827004213 339093089
651228388 78178845
115751960 87077741
516180506 24790526
733385460 923266905
353340619 685056025
547257335 549064250
874813334 522051963
394811357 469770371
500905436 397552613
389197759 142385239
54084363 686745684
263229278 788652828
428511429 269927440
731565653 687968740
133323320 146906736
459430898 285058779
552751044 297602173
580464493 163325874
375909074 631191193
799911267 132211443
509694933 185550921
82165011 810523765
728708321 424280898
622134389 624582040
322221811 360039858
240304013 666654821
249018046 808948398
696779482 499404682
857318573 566970225
954438096 235433800
341713596 337932657
272619546 322765106
706908251 578019375
36027905 592878195
252263598 141018035
18295060 921152269
252302652 475841588
152432073 147467666
758337426 834093684
771089276 413167530
863652338 804638734
704273514 419539604
483999843 71108480
382370604 389402675
290169278 716931318
66434104 115030789
786360797 216842602
189710589 964848788
872685574 565965327
989645164 714739000
434372050 815854248
527926550 167078083
549899539 408059051
518951828 327212729
865680263 800166644
29688737 51535978
528980805 154402115
296936054 335800616
515937580 975472976
914796022 716792725
689087921 995326458
197020957 479272654
152536203 650943857
64040737 783534654
435818506 488486248
519079415 862301281
305460698 699537953
587599304 499999999
552415055 786362431
982724598 226809437
1000000000 1000000000
924679979 32110450
162843349 177396844
86010025 646314989
237506697 648159747
616554862 876273033
888990356 386861192
66834956 980611248
616734773 444827905
99315737 804844258
859540553 73920842
993640733 327768255
370161030 92294987
0 0
316013525 58296531
946897149 883268623
201454099 968282227
470233531 826529984
303897098 53188671
574811397 378536755
455321701 114216414
313147047 482968676
572550786 832470705
24415737 759949155
517076392 164016788
887869153 720416507
932846435 183790463
869608139 822101369
808387392 779281250
730237431 733583694
381762001 148056948
788001436 71975286
654304796 365234718
949752865 440028286
713591917 793994859
244312325 116129983
73948670 753399279
803382298 170100652
903525527 977112665
696947973 454335220
872153335 127743143
891734902 784866509
710915404 356300481
633223372 322477507
241525673 225928398
473402028 534784871
860292432 86889956
19945223 926769083
107895931 748157633
471737605 230034039
673802243 654784808
826532510 192473804
616817785 351358841
214132719 768523112
757868735 667990272
623850957 541619554
15092507 496947398
486356017 682037842
792987816 341412359
876599420 387728523
991107958 750933029
629430959 457946867
985836864 642318400
719765614 290111698
706730184 494794665
807645763 280095103
6395249 346404169
321830665 564891358
834181194 339798995
420018033 697322091
41667893 737819302
614535483 813981
227582809 991132845
348803533 983556799
155305122 558338687
428956155 216741947
399760015 572756496
185085454 539341441
443074913 68555999
809053900 165062953
871675537 573014971
167739753 478493287
79427126 474923269
53863913 155538244
482918615 31296767
977598837 564424269
771223696 914402349
427487057 558069191
12899340 294631233
59510485 97684741
1000000000 500000000
967435611 586231081
809226501 196608195
740720138 53950651
609444993 94474365
844700627 350502717
601079853 936921564
397142481 568436839
893326214 315355380
927172347 382428702
710290705 869145002
122164011 266906000
591104691 909296892
456129737 130200126
886312968 435274973
0 1000000000
406125786 346275600
528223938 872983448
818937971 945457479
735118237 539474297
345497997 480397087
109724192 394904692
418967627 146797477
528057355 680974937
301731755 377114577
817691214 992252081
26464663 916021897
626244040 969333517
895032225 724583024
526101141 365801797
986616876 356975543
913636893 285536183
509253225 559235864
147968130 657799674
14455536 847312117
928383396 732694058
525455402 81326789
718461996 578594145
191601374 242685062
285021290 717355655
747745628 350274494
582040794 687020698
254186487 115125302
255261838 285161781
754189092 358304897
41861194 95150041
395578804 402028422
868372071 991577731
45775774 990314985
610121340 842694746
36632827 846528993
953259917 127333471
138425311 551400453
235701346 787012035
376659455 166965040
218712973 867293358
972978734 471508391
674868272 958401392
593536992 561270966
355001454 728086597
612585323 447248962
497337786 357217358
907002523 605404769
217515478 206959274
995900940 708387603
543012053 189839195
55874254 115927550
611444803 964340806
611555010 730775864
310880492 297296741
459995290 747752369
518298626 879192958
503200722 55577656
644274420 836046001
9840095 94622174
266918404 589463025
449173460 885083848
991749147 557276148
703031065 668756812
936052187 34982857
923516793 441451027
412009211 40162206
639396037 820341610
834018032 510832307
105102664 322535908
702158929 802529188
687725175 587585413
115910479 455881725
668136793 98105687
995393888 855225116
814478146 438477498
476852690 377608518
500000000 0
1000000000 0
649514094 48171792
744832464 271051007
296180269 650011217
774813806 214186798
309523716 566388929
320012885 756003231
71511883 554675357
866003973 857737226
408757648 780849138
643217914 263301425
19747076 939986185
983424532 326297582
570083824 918550675
638157897 601909936
505428827 637631790
172723326 707827885
654815758 838512515
548995657 500000000
300789902 385842005
44328282 545800935
865082797 130801645
489927389 999974006
10595433 393899173
220511018 446642547
481316612 803224546
978775571 803380482
930445912 143335795
305520517 24288232
306061813 935663532
488960015 525296510
341865213 719453343
835729738 525540321
395961985 346679940
327080442 49188205
893298036 267422026
545032938 471023454
286198684 172670206
866212666 170869944
356705349 901876128
737382380 841370036
633421299 533149607
892725394 448006285
278817174 240399825
532172272 811571107
276613185 814450343
210158202 20582219
47704070 970679466
612450733 487715904
792886364 344073800
494809560 961299810
752776510 275322974
519687371 664314639
159041026 189044387
544856808 285942133
882094159 947905662
33104599 158779619
260723936 186423310
944387592 645247007
433184714 500000001
515364704 332803456
84236844 819678999
435470945 247032319
656780774 535417384
624476818 495018211
72594652 982528818
462073061 436705157
205160459 398564354
806826224 774728506
642765826 713932859
370375973 953109485
790741182 846930969
190957108 989699717
801047776 663204891
832575146 372877111
76871775 972122560
714156100 690098240
201336701 949678475
720544270 274333553
911132693 584476346
372744746 376217045
184544537 551363221
840357841 390266972
953131471 138438477
444801437 825608597
721331348 312546104
348595136 966036079
414611932 505900834
124373301 333029900
470486873 514497206
881339178 415519569
355322458 256232830
617255181 167238291
632307517 20929053
508469671 431706651
500000000 1000000000
24691674 496073781
638469041 967948526
743839224 185347579
945480271 919229915
202804381 513527762
2278600 915963587
72795606 969012809
18492509 788699687
281422240 349402295
678677300 337875331
274218096 505459900
785499834 1944178
566525875 411170940
63489125 372480178
963606471 482126760
130745842 396214093
337203019 45997601
671447532 75249946
156731723 212604844
393262441 306123270
961764247 73467102
73188679 267990901
24643072 364821669
650802227 167332135
559878868 848587347
432774425 862337642
376584084 97101109
930515259 302771957
467316940 179129302
