22 500 85
13 15
13 25
13 16
13 7
13 26
13 20
13 21
13 1
13 3
13 11
13 14
13 18
13 8
13 17
13 9
13 13
13 12
13 6
13 23
13 10
13 19
13 2
24 3
10 15
12 21
18 4
24 26
19 26
22 18
1 25
5 21
25 15
18 16
17 2
12 14
14 11
5 10
27 5
8 22
7 14
11 27
6 0
19 4
17 17
6 6
9 2
3 22
24 21
22 22
3 10
1 26
27 12
2 17
18 6
4 3
16 12
21 16
10 13
14 18
25 17
26 26
18 24
18 5
6 17
5 17
8 2
1 0
25 11
10 6
23 16
0 7
16 0
3 23
12 1
17 11
16 7
7 26
26 4
18 2
26 3
10 27
4 27
20 22
17 27
5 11
11 24
9 12
27 8
14 23
14 10
14 19
27 13
24 27
22 10
1 14
8 13
5 23
21 12
19 1
2 7
23 2
2 11
4 7
19 10
16 9
11 16
12 23
14 0
16 11
1 22
27 23
9 8
26 14
15 20
24 15
9 11
13 27
6 24
21 1
21 9
12 16
7 9
7 19
19 0
12 8
9 9
1 20
3 27
23 15
17 26
9 13
21 26
12 13
7 2
27 20
11 17
8 12
10 19
11 26
0 16
18 20
5 8
7 25
10 17
14 9
2 3
17 15
24 16
5 19
21 3
2 21
27 21
15 8
8 5
5 26
8 21
1 10
21 18
7 17
13 4
27 6
17 6
10 14
16 20
5 22
15 0
2 20
11 0
2 0
12 2
4 19
6 13
10 26
1 17
8 27
24 24
20 19
22 1
1 2
19 17
0 11
3 0
9 26
6 4
2 16
21 14
20 12
6 2
10 11
27 24
27 3
10 0
25 23
5 5
19 19
23 1
15 2
25 12
8 10
9 10
5 12
1 18
17 24
12 15
20 14
27 14
19 2
17 5
10 16
17 16
0 20
27 22
25 4
0 4
0 3
2 26
13 5
5 15
16 1
26 9
10 8
22 8
8 4
6 23
27 27
26 16
16 15
9 15
24 6
0 2
16 19
0 21
14 13
0 25
8 11
12 11
26 15
11 2
10 3
24 23
15 13
10 4
19 9
12 3
22 26
17 21
22 21
5 27
9 1
2 12
20 18
25 24
25 6
20 27
15 16
21 21
15 25
12 7
17 3
5 4
10 7
16 8
14 14
27 9
8 3
12 25
12 27
4 4
2 15
18 26
17 22
16 4
23 8
2 13
22 9
12 19
8 26
22 6
5 25
8 14
3 4
11 22
23 25
7 11
26 5
15 1
27 26
24 1
17 7
21 15
15 23
7 12
7 10
16 5
15 27
23 19
17 12
20 10
26 1
17 19
15 7
17 10
22 19
25 13
9 24
4 12
10 10
14 25
23 24
5 9
4 2
19 6
15 21
0 17
4 11
7 4
23 13
20 0
9 3
2 18
6 8
16 14
27 11
24 17
16 25
7 5
3 8
21 11
0 12
0 5
14 3
20 3
20 15
26 13
18 8
0 0
26 24
3 19
8 7
21 5
14 7
14 24
8 18
25 16
7 22
1 5
22 2
0 13
4 5
15 17
10 1
25 21
16 3
25 19
8 24
15 22
17 8
19 24
24 5
1 3
26 25
24 11
19 23
23 9
10 25
18 21
7 16
1 24
2 19
19 25
3 26
21 8
26 2
19 11
11 21
1 1
24 20
19 15
9 4
4 14
25 10
12 24
17 20
5 16
19 5
2 6
19 22
22 0
6 16
27 15
0 6
1 4
8 8
27 0
16 10
10 2
26 22
14 2
24 8
14 8
16 6
18 11
23 20
8 23
9 0
24 10
14 22
24 0
2 4
7 21
25 1
16 16
0 8
4 8
20 20
0 9
11 7
21 22
14 17
25 25
14 6
9 14
26 23
9 6
4 23
3 1
1 11
27 2
4 0
20 16
20 24
21 27
24 9
25 0
10 5
25 7
0 19
9 19
25 9
3 20
22 7
21 10
23 22
11 13
6 22
12 20
24 14
17 18
9 20
24 22
17 13
4 26
22 23
23 23
12 4
11 14
15 3
21 13
20 23
6 11
2 9
5 2
1 7
27 1
8 25
2 24
6 20
26 17
11 18
20 21
22 4
19 13
10 21
2 1
11 4
5 13
19 12
6 25
23 4
20 26
13 22
14 26
23 14
4 18
22 3
18 12
2 14
11 1
12 22
6 19
24 13
23 5
10 20
8 17
9 21
15 11
7 27
18 15
12 12
26 20
9 23
5 18
27 7
15 9
22 14
3 2
4 20
14 16
26 18
7 23
8 6
23 0
12 17
15 14
3 6
27 10
18 18
20 2
17 1
26 27
8 20
22 17
