3 500 97
328578360 500000001
264781007 500000000
328578359 500000001
989966597 875321135
630239494 543805882
994085850 804466456
500000000 1000000000
7343998 471796011
944228688 383988188
290214042 443683005
10983492 531385492
616623513 546601837
501996981 390131306
740558923 802436874
752293819 813952624
121110238 452443035
246818638 930796609
823063732 179365830
365195931 890344745
448784557 556462213
514465855 590770206
808740693 783068443
821466790 168642764
651472532 600357129
646055412 48023786
848250294 504658012
108860416 384842335
250054495 646915623
105206372 995588885
372072550 207799018
21384732 428989685
503665624 99953248
136655533 947108094
869587368 656575176
108179240 775988043
350976737 157634246
457007277 793600428
547859809 260712492
498465756 746107569
700877561 42923803
436962745 898434706
468984242 679470432
420297389 695648662
829267550 501502048
940380163 637923854
152459010 174826778
205077900 130570174
198563119 263096665
946395904 258852832
131880686 278993407
658298073 703322381
653956689 177732532
598771920 16849067
126161166 584050179
184545941 678452485
929045438 734108752
402570612 159046430
57671249 961884312
974567297 58418606
364284787 132858188
484962048 630026663
651267453 653493110
60670658 782043339
740112359 498772327
344838416 24707455
234203323 676247499
632138664 968460040
319321842 665427600
536382454 568376943
846861164 620027108
866066753 498786759
864074460 472927607
367744730 12889841
705974651 736300767
965570017 751648624
699385384 900082731
592747626 915743826
57544065 489372856
582852153 915633910
757432147 355845055
627727889 412396148
898895734 625884298
829391748 831900093
604509295 517784311
195710425 76331477
153737109 432775004
397385525 545590577
561164020 831699207
977939703 821312427
74182513 720536165
422358461 424895558
414028322 480184679
851325138 711992958
411478411 642329398
139905135 530701365
806835821 595163316
454312053 719923654
486485427 965199858
997247171 977955360
733871569 210565415
381226792 234188726
964526801 327705105
428491235 971459558
103337897 712901950
469715434 205439796
544767227 810598815
809751732 328094599
763361236 802777972
247365267 362193673
113216439 448975594
146544803 519513534
603621307 550589118
901107029 417077635
716911564 798312941
66124717 565233165
968121489 36302110
1000000000 1000000000
525422026 897396495
620665650 678712692
942248822 562718167
828523675 942852654
94851391 153066515
353294677 235957245
919130895 109419656
643353318 758557132
220193916 779631868
813380905 45698734
511239296 85342855
861095995 794305532
783063132 101275764
369444013 232810992
8844679 768760578
747523747 35867731
563554672 308262448
672183902 110375446
425064319 855715833
477098407 567145578
976623493 822543096
237692660 892959225
190446384 580330316
49248243 912576945
652394264 938599503
861150121 415292881
248947004 264574102
124207926 987671250
928073554 794278503
539761757 781562831
63787115 162862566
685877353 594619897
581353808 684014793
562802939 276983633
931577695 95152156
741590209 920894978
498148171 48378512
192235393 591149310
906317960 942418305
340162189 450379770
251683963 604240540
205910460 129824076
846180700 304519503
361315457 982581391
564429569 359348332
901042894 32444832
337901115 18426869
552019443 917981204
291532786 541696446
458318496 317334116
427710495 605921626
719795404 535769438
164440762 888595427
446526440 720597442
131548592 474991354
314241997 994933205
418294605 975516310
781196378 738335140
904220390 255273031
731753740 799706293
415528741 741216752
441947204 984137066
816271354 835426932
556474297 724170959
329701587 228809497
739625164 382262403
509020116 448594249
901492825 632723999
592974395 253151700
24059770 283760885
701935153 428081835
647847132 360945545
772213804 870219444
333478544 579192692
905772849 507361996
832672505 511047085
520810179 306425519
876705643 515444891
1000000000 500000000
535332114 297067686
284476234 280609030
749962915 70154590
243385656 816129060
949796838 965380613
400730488 908868440
486343820 559179386
367290441 616633241
191627086 670317836
723127889 939903117
723584486 270820642
321180204 900698689
766145360 357196231
531528572 451036086
309597718 104401467
379122481 269981162
287353820 469039346
0 500000000
207649408 431812924
498704626 500000005
849203328 204692800
556210997 23782616
649523419 222175167
587881560 626343095
113858097 563406685
486681994 419580466
840658936 591849678
250528753 795775764
715602835 202976375
961337131 178280534
596390750 190141753
210614597 471618343
221802530 118477193
226669006 573508492
7628616 519933905
197601028 146197862
148638746 614883865
165918041 962522808
683451145 554898435
840661942 674761144
622223000 653197304
723037472 607964536
22943541 324477505
403375699 930961790
555015324 343117390
862764213 101424682
956627559 514751526
438602244 616510345
795402230 425365607
21043661 930242764
242720197 78285215
809835319 423089243
609638304 301929277
822951610 412695281
982270352 133457879
391677415 397321265
80956731 355741527
161466775 6791386
95765830 935819021
12965637 699314341
722266221 410605966
421129085 647150166
947958402 724667809
648618851 881833927
327058204 431802449
343910433 352676603
271052824 405721458
880226289 348085962
5165616 68402530
486448277 276590068
118614897 846514079
620219839 935529691
500000000 500000000
781612803 798710383
374999812 926777140
90200460 6258309
297807844 168470376
467292920 455874537
997271665 500286659
402307678 340886948
17827075 212457969
931413449 25824660
782832900 231984466
742208079 197927503
243515224 499999999
230634892 390619409
121519968 934610992
998427690 586517897
327588704 280593333
667956162 54012646
196122606 97516924
831913381 944040794
328578358 500000001
733830476 968946795
770722789 564450949
974109864 752835283
530100867 546222258
917140895 770713612
254003758 374367049
452662425 16214803
204384875 38585303
322186284 311165888
133656133 389428475
507512130 673841911
713172763 316118993
777580572 602212830
99999870 622981102
147279766 382727441
373734287 869627155
523695765 122372117
630924645 718624855
519031899 664891442
953042915 931092011
556576836 483572999
365958659 294645321
362898755 385953240
717609125 16436598
870755171 167191254
105235459 752203478
888322635 434610086
154231097 502187987
88164819 434143479
799672654 839199542
417774353 61417422
0 1000000000
145344065 73426608
643601903 828237544
651271988 964993045
352876368 766195823
752742096 682418318
780454065 961433437
32100578 710145035
915400831 810811748
991268659 134341178
991475945 997559837
123806639 78245457
97671591 731750504
486346124 47891888
945652221 285561237
470207825 858445508
589058181 416065818
831541228 692846451
32517156 935306220
569809066 938195396
266209679 880654613
165249320 690398816
81225908 343799502
596955243 246340847
727997490 699149400
126932313 523937121
400571305 117897515
982888004 366265333
133559742 740153179
242094316 938340634
522327106 160744802
415038106 897386430
77111918 869071985
854180600 765425027
652911656 26371368
1000000000 0
494035024 798631887
870377029 139167928
257699047 349877111
99430089 356233955
717268420 66051676
569051557 133305484
151580415 560449683
532996619 326664962
998431025 432810488
722524725 316539389
264985509 123412038
210050458 240249795
459903224 620950829
248527420 724792480
274524040 391126937
621067060 374625455
92995851 397770050
106637571 844699221
489452235 535038932
252936589 898387416
577484898 708271123
500000000 0
837596993 269284670
0 0
235270001 447346474
487954337 538646937
389441748 371995631
837657618 536121840
304672489 53262637
202292062 968875961
594105545 770732843
883564138 691946576
560437016 779732690
751697827 398537247
675240605 691393774
328774852 35798544
464295648 484711251
392782246 750308494
872425812 182850504
777385438 171519463
755749366 754058233
124846637 977020999
155465471 846926592
643273212 468151841
546828900 550104618
865670628 990675791
379236030 303378039
179281941 99515610
47259434 70776336
780495616 444664250
475131112 337477906
872748951 23816109
988583282 102568050
902167460 904857977
82801227 793099187
247355176 877966116
950596769 589551537
859398445 231170883
990041066 464600415
847389547 970042533
730272565 277946227
419466157 744931898
947998454 356097232
312032515 163293942
530983161 528969994
951067641 800564376
418950713 305240731
770467436 544513938
811227757 890320640
664674904 361654033
846855815 829273510
307312575 500000000
6699359 124318655
280773748 337324162
406303614 475064453
202400555 675786243
29713205 663820685
706173454 160663909
135058788 117902968
428610468 105988037
818858652 213983049
356589449 373801693
619802511 370726069
503957687 122262440
467078810 421244618
661657853 309584441
455692558 275288670
882501912 767949673
86153596 955170751
144480230 470210320
843433871 288759291
390373364 216820518
528414106 28934937
91469409 355886487
85751692 967757268
66601933 137803070
498558674 841855442
386373979 577853550
45088423 709503894
464874865 988830051
728152851 6710387
241712112 61010694
141715056 217483794
349860486 400915243
626343775 966216579
231399649 771580248
721053526 307698299
742508687 355039066
976420409 188564955
751131532 333258535
100993530 112517757
266194379 549656469
387279448 27790569
729506317 607460990
819993637 809547862
95522348 142494461
441325716 760354632
358774681 332454771
933968100 330330026
450746110 961987328
770905752 278601676
492142850 571616459
791457931 298631199
15512351 207285474
271854267 700545293
371036764 469360907
824988341 357763815
821670963 946991557
63168866 345735171
458505876 912765333
354491395 448873651
887969317 456359263
191543138 495509057
133529443 165942238
532983413 163592514
785885652 800453223
66262465 831945916
425907290 516381500
413641492 500000003
883563464 280410787
677231714 387085703
411485089 212625232
875337913 327201060
306277086 239931763
619390802 629797238
607814505 186977755
425065526 483876011
