2 500 58
13 22
19 14
13 18
4 9
16 14
16 20
20 3
14 16
8 10
6 7
11 12
12 4
13 21
18 7
15 19
18 19
18 16
1 9
19 5
5 20
10 1
22 11
0 13
10 0
3 17
20 16
4 15
1 5
21 14
12 15
12 10
22 2
10 7
11 22
8 20
3 8
11 14
4 12
9 17
17 6
7 9
6 20
7 13
13 12
20 11
10 16
21 13
19 15
9 3
6 13
18 1
11 10
22 15
11 11
3 0
6 12
19 9
6 16
3 12
21 5
19 10
14 6
15 4
2 21
9 10
10 2
14 0
1 17
10 3
20 0
15 11
12 21
20 20
2 0
17 17
8 9
5 8
20 8
6 17
1 0
6 11
1 7
9 11
3 7
12 3
15 0
16 13
0 7
7 14
6 22
20 1
1 6
0 20
4 20
9 15
7 17
20 13
2 6
3 11
12 13
22 4
4 3
22 12
18 5
7 11
21 18
9 4
7 6
14 1
0 8
2 14
13 13
9 8
8 2
17 22
8 4
15 17
14 11
0 5
20 22
16 8
19 4
9 20
7 3
19 1
9 6
0 10
2 5
8 7
18 10
16 18
10 15
1 12
5 4
17 4
9 21
1 4
21 17
6 14
19 6
22 6
11 21
13 10
2 12
9 1
9 0
11 1
14 5
16 4
12 7
3 10
19 13
19 21
7 10
2 2
22 18
5 6
2 3
4 16
15 16
17 18
13 19
9 12
7 19
14 20
15 2
7 4
3 13
2 13
8 3
22 5
11 16
6 8
18 15
18 21
5 13
21 6
0 3
0 0
5 19
13 0
7 22
1 2
1 19
1 1
19 8
16 16
7 18
5 12
21 1
15 8
21 11
4 2
12 17
3 5
12 11
1 18
2 10
11 2
14 15
6 15
13 15
19 7
19 0
22 8
20 12
1 10
3 4
8 6
11 13
18 18
9 14
12 16
0 9
12 1
19 3
14 10
20 15
18 20
10 6
16 5
3 3
16 21
8 16
9 9
2 17
20 10
0 4
16 17
4 19
1 21
22 16
20 17
18 11
14 14
4 8
2 7
3 6
20 9
11 8
10 5
17 15
4 13
17 1
2 16
13 14
8 12
10 9
9 2
10 12
19 11
7 8
13 2
17 10
0 6
22 14
21 15
15 9
13 1
9 18
17 3
3 20
11 19
14 18
15 15
12 9
2 4
22 22
8 19
5 17
22 0
18 0
2 22
11 6
17 19
6 1
10 10
0 22
5 0
10 13
8 8
15 20
17 5
3 18
13 9
4 4
10 20
21 7
9 7
2 19
21 0
21 8
17 13
7 5
7 12
0 1
15 5
1 22
1 15
14 12
7 0
21 2
6 2
4 18
11 18
3 2
11 0
17 0
19 17
16 22
16 0
2 9
7 21
15 21
17 12
16 1
17 2
11 4
12 22
5 3
0 14
16 6
15 12
2 8
13 17
3 16
20 7
1 20
15 3
11 9
20 5
19 19
11 15
16 3
1 8
10 17
13 7
19 18
17 7
14 22
12 0
16 19
12 14
22 1
2 18
12 20
8 11
10 21
22 13
17 21
14 9
21 19
2 15
19 22
6 18
8 18
17 8
20 21
14 3
18 8
0 11
3 15
13 8
8 0
15 22
15 10
3 14
5 1
0 12
11 3
10 4
15 6
14 8
4 6
5 21
10 8
4 11
5 10
11 7
12 18
1 14
18 4
9 13
13 3
10 14
4 22
22 21
14 13
6 0
7 7
17 9
14 21
5 11
21 4
15 13
7 16
8 14
5 5
0 19
4 5
9 5
18 9
22 20
21 12
18 22
13 11
8 5
19 20
18 13
16 12
0 18
8 13
11 17
10 18
12 19
21 9
18 3
4 14
22 3
16 11
15 1
5 14
15 7
7 2
0 2
6 6
9 19
5 22
3 22
10 22
20 6
0 21
3 1
12 6
14 19
16 9
21 22
20 4
5 15
22 17
3 19
16 10
0 16
21 10
13 6
6 4
17 14
13 5
12 8
22 9
16 15
4 17
8 17
14 4
8 22
6 19
22 7
6 9
1 16
5 16
1 11
13 16
2 20
5 7
2 1
4 7
20 18
21 21
7 20
17 16
21 16
22 19
0 15
8 21
6 10
16 7
6 21
20 19
18 6
8 1
22 10
0 17
3 9
4 10
12 12
6 5
19 12
9 22
4 1
9 16
14 2
1 13
20 14
3 21
4 0
12 2
4 21
11 5
17 20
7 15
5 2
18 2
