500 500 18
527 1274
-1072 -960
-1065 -967
1421 58
857 1118
1378 -412
-1292 -631
1080 -1013
-815 -1156
357 -1344
-652 1272
1177 -898
1125 -966
1412 -238
198 1353
-216 1375
-1388 375
-954 1107
582 1255
-717 -1209
-399 -1324
-516 1318
-1383 -340
213 -1367
377 -1340
-1413 227
-1149 931
1014 987
-530 1314
962 1037
981 -1097
-1124 956
-1352 -467
782 1163
1416 103
1405 185
-1396 -271
747 -1226
1001 -1082
769 -1216
1401 211
-1178 -835
1346 441
-165 1380
1263 -747
-711 1247
-1342 562
192 -1370
1330 -580
-987 -1037
1307 -647
-1252 782
712 1198
-1231 -751
-940 1117
592 1251
869 1110
612 1243
-107 1384
1172 805
176 -1372
1090 -1003
673 -1257
1223 -825
566 1261
-305 1363
402 1310
-1168 -850
-1207 856
1288 -693
244 1345
1101 898
-745 -1195
1396 -330
-895 1147
657 -1263
-845 1178
-1071 1009
1334 477
-1044 -988
554 1265
443 -1325
1369 363
-831 1186
1037 964
-1423 148
-1063 1017
1393 -345
-1110 -922
-795 -1168
-1085 -947
1187 -883
-1390 -305
533 -1302
-1370 455
708 -1243
536 1271
1198 766
1245 687
883 1100
-1348 541
462 1294
-636 1278
-865 1166
-478 -1302
-8 1378
-1023 -1007
-274 -1349
-1250 -715
-1252 -711
1233 -807
940 -1125
-1431 52
134 -1377
-1204 -796
806 1150
-458 -1308
-1059 -973
-1374 439
877 -1162
-373 1352
83 1369
729 -1234
728 1190
934 -1129
-1101 979
1372 -436
-1190 -817
1184 787
688 -1251
1425 16
1407 171
1343 -541
1257 663
-593 1293
-574 -1270
335 -1348
-787 1209
851 1122
-1187 885
-1394 -283
-1403 295
-176 -1364
-1427 106
-1245 -725
-1030 1048
1063 938
-1124 -906
-877 -1117
-1374 -383
-922 1129
1087 914
807 -1197
152 -1375
1241 -791
-1405 -212
-1367 467
627 -1273
503 1282
1355 -500
-1356 511
1043 -1048
826 1138
358 1321
-1324 -551
1265 647
511 -1308
688 1210
1411 143
-672 1264
418 1306
1256 -761
-1325 613
-1421 -79
-1214 -780
1382 -396
-473 1330
1419 -189
-437 -1314
1235 705
1400 -310
-938 -1075
-1416 206
1076 925
895 -1152
1046 955
-1378 -365
1402 -300
-365 -1332
-1302 675
-637 -1246
-693 1255
-916 -1091
-1077 1003
-1318 634
-1259 768
-1312 650
789 -1206
-1229 823
-614 1286
1282 -707
-413 1344
1315 532
-803 1201
1074 -1019
1392 262
-1331 595
-840 -1141
-651 -1240
-1262 762
1251 -771
-1094 986
254 1343
56 -1383
255 -1361
471 -1318
-1163 915
1427 -122
-298 -1345
-1261 -693
-495 1324
-970 1095
-1223 -765
16 1376
1143 -944
332 1327
-431 1340
1429 -94
936 1059
-1354 519
-137 1382
-1275 736
-539 1311
-189 1378
1019 982
-1329 -536
1161 -921
-1217 841
-1046 1034
151 1360
-115 -1372
222 1349
1059 -1034
1336 -562
-1387 -320
1135 -954
-423 -1318
483 1288
-1142 -884
-755 1225
-4 -1383
967 -1107
978 1023
-1425 128
-1400 313
172 1357
948 1049
-862 -1127
1423 38
-1097 -935
-575 1299
-982 1086
84 -1381
627 1237
1349 -521
1135 855
1155 -929
305 -1353
1328 -586
317 -1351
760 1174
-244 -1354
-972 -1049
110 -1379
1019 -1068
-1316 -573
1286 603
-1327 607
-990 1080
-284 1366
-62 1382
645 -1267
1357 406
382 1315
-627 -1250
-1198 -805
1188 781
1303 -657
-1300 -613
813 -1194
-799 1203
-1282 -651
-256 -1352
842 1128
921 1071
-954 -1063
-997 -1029
817 -1192
1353 420
-1139 941
1365 -464
648 1228
1408 -264
-88 -1375
1431 -64
-1337 577
-713 -1211
-1419 -99
-1429 21
1385 297
772 1168
314 1331
-1197 871
1323 510
387 -1338
-763 -1186
993 -1088
-1108 -924
-1417 -117
1397 235
-508 -1292
1315 -625
-1310 -589
241 -1363
-895 -1105
-1049 1031
1141 847
1029 -1060
1379 323
-1358 -447
-880 1157
1422 -165
281 -1357
-34 1380
1121 873
-50 -1379
851 -1175
-930 -1081
-703 -1216
1004 997
-1039 -993
-1241 -733
-1156 -866
1413 127
1328 495
588 -1286
-1409 -184
-1362 487
-1018 1058
1220 730
65 1371
451 -1323
405 -1334
-388 1349
-331 1359
1297 -672
1418 85
1363 385
-1238 808
431 -1328
-490 -1298
1395 247
-1421 166
448 1298
1109 888
1429 -34
1043 958
706 1201
-1112 968
-1076 -956
-1418 190
1272 -729
825 -1188
-1008 1066
-1293 696
1274 629
-691 -1222
38 1374
1162 819
-70 -1377
-735 1235
666 1220
-1396 335
-1271 744
-1276 -663
487 -1314
-904 -1099
-813 1196
1091 910
1064 -1029
796 1156
-1368 -409
1247 -779
1255 667
-349 1356
-1400 -247
-131 -1370
-457 1334
919 -1138
-737 -1199
1215 -839
1373 347
-1402 -233
-1423 -57
1359 -486
-1407 269
1342 453
990 1011
-830 -1147
1292 589
-1429 82
274 1339
1209 -849
-1344 -491
1171 -907
1387 287
-596 -1262
107 1366
299 1334
-1213 847
891 1094
-781 -1176
1301 568
-1414 -144
-719 1243
-1173 903
-856 -1131
-1009 -1019
-934 1121
-1134 -894
1021 980
-204 -1360
-218 -1358
-773 1216
-1250 786
-514 -1290
1388 -370
-232 1373
1404 -288
1103 -990
-1306 -599
-1244 798
1416 -210
-1391 360
1150 835
865 -1168
-1285 714
-1362 -433
909 -1144
-155 -1367
612 -1278
1105 -988
1424 -149
-1350 -473
-1366 -417
-345 -1336
-1337 -512
-529 -1285
748 1180
-28 -1381
1208 750
-1306 665
426 1304
-320 -1341
-1268 -679
1226 720
903 1085
958 -1113
568 -1292
-1409 255
1427 -8
1326 501
1370 -444
1199 -865
1271 635
1054 947
-391 -1326
756 1176
26 -1385
-553 -1277
-1380 413
1309 548
-1431 51
-1412 -160
-1425 -33
841 -1180
547 -1298
1278 621
-612 -1256
123 1364
1071 -1022
1113 -980
-1427 -7
-256 1370
-913 1135
1320 -610
-669 -1232
-1081 999
-1384 395
-563 1303
-970246010 -109357223
-898994646 542277087
-87270246 -996842567
875525084 -449379555
-879152494 588274803
-342512474 -947688145
-767765868 -663584605
260418372 -958962095
863800176 -474633203
729865650 661329999
-695161630 -747011835
384431822 -916121085
966167642 124239021
-572952012 894475285
229753228 -967079339
270339448 907553067
-860663216 624351443
-678025226 -764148239
849369520 -503494515
714533078 673054907
545874786 -833595771
915660346 -347914005
-836311484 663133831
939561120 282976237
89956248 -990529155
244183884 -963471675
-781294608 732130405
-429096410 953550783
714082120 -695602623
-706435580 803381769
-680280016 825027753
-485015202 933708631
237419514 921532765
176991142 940923959
-247811294 -972039877
857486764 503945657
682515060 695151849
-790313768 722209329
-542737826 -865162831
-894936024 -431341235
-974755590 212626789
-823233702 -585117913
-496289152 929199051
747002054 -659075025
-264947698 -968432213
962559978 -152198233
-970696968 247350555
-440821318 -912062463
-976108464 197745175
-831801904 669447243
-310494456 982412095
-981970918 109808365
80937088 967079523
-870584292 605411207
-921091588 480495841
-848036392 645997427
-745217968 769108961
-925150210 -336189097
760530794 -641938621
937757288 290191565
190519882 936865337
747903970 646448385
-659986906 841262241
-127856466 -992332987
-458859638 943629707
806528510 586470971
827723536 556256785
-527405254 916121269
63800684 -993234903
-37213908 -999999273
917013220 361442929
-806097298 702818135
950835070 -216685227
-610381526 874182175
-632478468 -806087333
913856514 370913047
-938227992 422322259
-17371756 -999097357
926934296 329424911
-327179902 -952197725
-434056948 -914768211
202244790 933257673
771804744 625704317
-554011776 903945403
460643724 -880946361
852526226 513866733
-884563990 576549895
880034664 -439458479
311827584 887259957
429076664 -896729891
-972049842 -94024651
283868188 901239655
-213087528 995489877
-871486208 -490867691
-882309200 -464712127
-815116458 691544185
-885916864 -455692967
943168784 265839833
-635635174 858849603
-294259968 985117843
949933154 232017983
876877958 462908479
-949952900 373167837
-847585434 -541374987
566618854 -820067031
-860663216 -515219423
-979716128 -2931135
-554462734 -859300377
-448938562 947237371
-845781602 -544982651
819155334 -557158517
-444879940 948590245
-718160488 793460693
795705518 599999711
-981069002 126042853
659516202 -749266625
773157618 624351443
-950854816 -231566841
-591892248 -835850561
-956717270 340247903
-960775892 -179706671
-345218222 975647725
301004592 -946786229
-201813578 -981059037
-888171654 568432651
-925150210 468319975
-973402716 224802655
-895837940 -428635487
-809704962 698308555
-931463622 -311837365
967069558 117023693
319042912 883652293
-53448396 -999097357
607205074 -792107635
-977912296 175197275
913856514 -353325501
-940933740 411499267
834036948 546335709
-842624896 -551296063
831331200 -536865407
-914327218 -373167653
457036060 -882750193
-66977136 -998195441
470564800 -875985823
-875995788 -480044699
729414692 -679368135
934149624 303720305
-982872834 90868129
-376334324 -936414195
-579716382 -843967805
-902602310 533257927
-391215938 964373775
131895342 -984666701
794352644 -595038989
644183630 -762795365
-711847076 -730326389
762785584 633821561
698298590 -711386153
971579138 73731725
870113588 477790093
86348584 965726649
393450982 -912513421
-643752418 853438107
619831898 -782637517
-806548256 -610371561
-438115570 950845035
-356041214 -943178565
-928757874 -322660357
-267202488 989176465
300102676 893122411
956697524 192333679
-971598884 240135227
-152659156 999999457
974735844 39007959
-52997438 990980297
870113588 -461104463
275750944 -954452515
238772388 -964824549
89956248 964824733
-899445604 -417812495
-709141328 -733032137
-225263394 -976549457
-947247152 -247801329
-698318336 -743855129
-865172796 -505298347
804273720 -580157375
623439562 -779931769
898523942 411950225
847565688 -507102179
-542286868 909356899
-563932852 898984865
976088718 21420597
803822762 590078635
70114096 969785271
16450094 981059221
918366094 357384307
149031746 -981960953
840801318 535512717
691985178 689289395
723101280 -686583463
930992918 -298759583
633360638 -771814525
-952658648 360541013
-519288010 919728933
-953560564 -218940017
763236542 -638330957
594578250 -801126795
-959423018 325366289
-825939450 -580608333
-496740110 -887259773
-473741252 -897631807
-771373532 742953397
-232027764 -975196583
-967991220 -127395543
-652771578 846673737
955344650 -193235411
341139854 -932806531
-305082960 -958511137
840350360 -520630919
-569795306 -850281217
298298844 -947688145
929640044 319954793
789392106 607215039
-325827028 979706347
859290596 500337993
-754688086 759638843
-115229642 -994136819
-509817892 923787555
673495900 700563345
-599107576 880946545
280260524 903043487
908445018 386245619
-508465018 -881848277
-473290294 938218211
669437278 -740247465
-286593682 -963471675
-903504226 -405636629
-315905952 981510179
-615342064 -819616073
152639410 948139287
-942286614 406087771
120621392 957158447
-623910266 866064931
406077806 -907101925
725356070 664937663
770000912 -629311797
114307980 -987372449
671692068 -737992675
-652320620 -788950929
845310898 527395473
896720110 416459805
-784451314 -641487663
-942286614 -268545397
-935522244 -295602877
860643470 -480946615
-686142470 -756030995
-717258572 -724914893
-975206548 -63810465
223890774 926042345
-965285472 -149041527
967971474 108906449
905739270 393460947
953991776 209470083
754217382 -650055865
701455296 -708229447
-777235986 -651408739
-190990586 -982862869
973382970 -77339205
313180458 -942727607
588264838 -805636375
884995202 444419201
104386904 961217069
-983774750 70124061
920169926 351972811
-26841874 987823591
-171599392 999097541
-956266312 -204509361
969324348 -108004349
623439562 728522741
-905759016 -398872259
48919070 -994587777
-973402716 -81848785
646889378 715895917
-643301460 -797068173
689279430 691093227
-852095014 -532355827
-744316052 -692896875
947227406 -234723547
-505308312 925591387
53879608 973392935
952638902 217587327
-761001498 753325431
-912523386 506200447
442605404 -889965521
777216240 -619390721
-735296892 -703719867
-800234844 -619390721
777216240 620292821
535051794 -840360141
966618600 -126944585
890406698 431792377
-966187388 280721447
-764158204 750168725
975186802 -58398969
636968302 721307413
414195050 -903494261
-725375816 787147281
12391472 -997293525
494916532 -863809957
-705082706 -737090759
-609028652 -824125653
739786726 653212755
521523054 -848477385
970226264 -101690937
-982872834 49830951
-667202234 -774971231
908445018 -369559989
-374981450 968432397
167971982 943629707
973833928 49830951
-891328360 -441262311
107994568 -988274365
196833294 -973843709
-277574522 -965726465
-824586576 679368319
-963932598 296504977
-132366046 998646583
972030096 -88162197
-183324300 998195625
-600009492 -830439065
-249164168 991431255
-908915722 -389402141
969775306 91770045
-311396372 -956707305
958050398 -178353797
-945894278 390755199
943168784 -252761867
-920640630 -351972627
960756146 -163021225
328513030 -937316111
977441592 2480361
246438674 917925101
284770104 -951746767
-290201346 -962569759
738884810 -668545143
-857055552 -522434751
211714908 930100967
-461565386 -903043303
176089226 -977451373
-586480752 887710915
-121543054 997744667
944521658 -247350371
886799034 -424576865
963912852 142277341
656359496 710484421
136855880 952648867
-276672606 987823591
-13313134 986019759
977441592 -33596279
964814768 -138669493
-371373786 969334313
-981970918 31792631
576088972 -813753619
-934169370 437203873
-627066972 -810596913
181500722 -976549457
-521993758 -875534865
-337100978 977451557
779471030 618038031
940012078 -265388691
-761452456 -671701849
-99897070 -995940651
-980167086 141375425
433586244 -894475101
-978814212 -16459875
-927855958 459300815
-230223932 993686045
517013474 -851183133
-173854182 -985568617
-907111890 521533019
-662241696 -779931769
972481054 64712565
949031238 236527563
-590990332 885456125
-917483924 491318833
704612002 680270235
-855251720 634272519
-391666896 -931002699
-752433296 -682975799
-725375816 -715444775
159854738 -980157121
812390964 -567981509
-211734654 -979255205
815998628 573844147
923326632 -324915147
-425037788 -918375875
-791215684 -632017545
903033522 -384892561
32684582 -995940651
-690201092 816910509
370903082 -921532581
-701024084 807891349
-866976628 612626535
-137326584 -990980113
-966187388 -141826199
-407450426 959864195
860192512 498534161
255908792 913866479
853428142 -495377271
-356943130 972941977
690181346 -719503397
797960308 -589627493
-929659790 452987403
-983774750 69673103
-968893136 261781211
-963481640 -161668351
-360099836 -941825691
212616824 -970687003
-447134730 -909356715
935502498 -282525095
893112446 -410146209
959403272 174746317
-746119884 768207045
-832703820 -569334383
-938678950 -282976053
-671260856 832243081
-619400686 868770679
-413763838 958060363
-977010380 186922183
695592842 -714091901
348355182 -930100783
-943639488 -263133901
976088718 -48477893
-156266820 -988274365
-108916230 -995038735
-37664866 989176465
952638902 -207666067
-977461338 -35400111
-816469332 -595940905
681613144 -728071599
-954462480 351521853
882289454 450732613
927385254 -311386407
-844428728 651408923
901229690 405185855
919718968 -335738139
786235400 -606763897
936855372 293799229
800215098 594588215
945423574 254565883
834938864 -530551995
-978814212 161668535
-917934882 -361442745
-69231926 992784129
-876446746 593686299
-962128766 309131801
81839004 -991431071
504386650 -858398461
-584676920 888612831
863800176 491318833
-194147292 997293709
-797078138 714092085
662672908 706876757
27724044 978804431
898523942 -396617469
359178174 -926042161
-734394976 779030037
-981069002 17361975
-837213400 -561217139
978343508 -16459875
-814665500 -598646653
-413312880 -922885455
8332850 982412095
962109020 155806081
286573936 899886781
651398958 -756481953
-82760666 994137003
825919704 -545884567
-976108464 -52987473
558501610 -825478527
-101700902 995940835
-547247406 -862908041
-238341176 992784129
922875674 342953651
484093540 -869221453
612616570 -788049013
709572540 -700112203
-958070144 -194588285
-7901638 985117843
-2039184 -998195441
718140742 670349159
-406097552 -925591203
-562579978 -854790797
822312040 564374029
-892681234 557609659
45762364 975196767
-481858496 -894024143
-536424414 -868319537
753315466 641938805
810587132 581059475
