500 500 65
432253349 -481926159
-376816475 112183262
781308082 936712612
247234697 -757378669
501254368 -910074338
-99238771 435023770
700216182 446258009
-313205674 312197967
481562691 -672726561
788848861 -896921357
259254316 513368703
-4675860 -322240377
-307547478 988464243
-375031315 100008950
298587604 -886573705
-57998865 982628602
448879645 -85224845
-109418984 -213732811
-640276222 -844800145
905260226 -653741425
-413766293 241310553
-186254054 887239007
-662701682 -691677766
-568969526 476084421
-12131176 -726009143
-72380177 -475351613
-667305097 -89092209
72309276 -873307361
714521515 918145407
-350529560 -466485036
-902892388 725282585
-349201255 -673749256
7957528 -365646032
-463928716 589893194
-883800351 201878491
238850708 62439398
833749582 919736553
265989714 -882678909
461039053 -946679407
646326006 826244415
-881360800 -177519103
-507764992 332679552
-947135755 245821547
-694222489 127847627
-94232216 -933904684
920026940 -348781385
26193810 369770860
-129724813 -417437186
-104989500 -891792781
-284909700 -871531894
-154350977 -666638769
-347356459 196229969
-55431570 -101998166
-936281260 211720859
-179107331 164147366
-486394426 418622475
378414974 -92078518
-905488018 -5173120
-800815449 680261417
-165425206 -574594141
248345092 -441620905
-761417359 -757809551
-535135672 801329783
467471080 550155930
792615173 932308158
327929846 109763746
-826492215 38018207
80464996 286459711
874618898 -233408381
176882740 -194738532
690377407 225401809
-910341971 714878668
936273209 513869737
-912194336 -570728482
521020479 -62924643
451045300 745993372
-426219753 -874829488
-661153819 17300298
-46571932 -350976426
-135162540 271547860
-942652519 -314343483
517905109 -685644781
263692295 112911956
-995380853 559460948
-330994827 -21772532
667106750 724472728
-219987000 -789083082
484963692 -920118991
37824218 408976880
233858235 325651778
-214257652 -509375708
-907208369 275984054
-60975544 -304151876
-563517222 294247342
842591293 936752607
-68929389 -226954920
-118167397 -858890403
870632705 477956568
237581441 -769219005
-586717110 -969836661
473748037 -778880048
707979247 752233145
-525393248 -690439955
562243646 -643352277
90098070 414680068
366327380 851450830
-171869479 867733092
928928215 -527337045
-498197194 160241739
-736947428 -978282933
-31441456 -44085334
961686901 -441508281
-896732532 -432194821
975755989 -117238122
-176034944 455695823
499631050 211771511
-570913138 275184443
-7453540 96908615
87465050 896075553
794337867 267728469
197872024 481571165
-253852494 -699342437
573670306 -226773405
777132704 283835884
-588133364 96929301
350196371 301677310
295047658 841482860
-713282584 -678228231
-909337644 -18406320
754153643 378572917
625446015 -570455973
-308905865 -495841595
-565775435 992556101
-997811699 -470050469
895128609 512782542
433593103 -558662728
362750278 -326887745
-482158602 -366887287
-283727467 696766527
390493415 -736711295
-973463509 565419587
-435125731 -723443378
-562762356 -558710478
-795426777 -560866163
-20941528 163264173
87325937 -568348628
-898688044 104895765
627402723 931446441
48056469 669033085
-273520693 751458801
-92764896 -146937998
-917439683 -73923584
765858605 -966423414
758207222 -806384236
895177389 -72979736
233616479 747962275
-604148803 -965514860
-579192938 -920092834
-178087219 492140487
135241427 -955447550
878890083 467834733
870750433 -956970658
-830820127 -885165916
443605997 51887584
995791101 -875103950
-509417825 -511728651
410614207 988855750
639401916 -729652553
235843642 -177863975
150243577 -889595479
-828832269 718838292
-599474658 -504143456
-659854029 790980585
-592919986 60664114
998718404 624397048
528005707 -288912875
-395449049 -859945381
328346513 -593856533
779947344 -851267742
853184733 -683518792
892852391 -38412022
898221887 145487442
349502610 -129760055
564281917 -534453723
-297939252 -791221695
-605362157 83791392
-723648167 883906832
343541277 -281013159
423840510 397405341
273979176 534116755
-372222931 -888389542
-388769412 -24998181
-382219408 985655878
888473487 919795781
891118027 288450673
-75354294 451059764
641360132 -343958808
243056363 -260956277
-332395594 -941146131
292151342 323785830
-525240524 736812979
292168459 338177193
569186071 -83208958
-312701401 -866427173
901492493 -480553096
-955148221 -600096838
238182553 -362332261
633108934 599541837
690087638 734859769
457497158 -608196961
267494860 -552020762
150171872 -459710296
-137165840 -398934667
-839630076 -319579864
-451925118 -578791447
824939419 789075710
-517285806 -955947157
205087437 -553020632
-946821928 458240948
696722954 354935727
-961308803 13719720
-698169875 838637269
-368465608 886012701
443008637 674259102
-112348166 954603623
343772088 -948039475
206816420 -585102952
-176114187 91864512
32683307 -501685803
898751314 72768358
-558757573 -33335037
880056393 178788587
725874443 887505658
-414255951 299201808
997747547 680956285
306900836 275128569
860066641 -72913839
648692359 5708564
806452622 -290312691
758346611 -63668436
-839964498 914556603
-804043886 130917290
182904131 -621049270
950106638 340266622
-808755229 -242783329
649704283 7901526
472281040 -953452147
295554463 -55759293
654595721 -491673642
-572101512 -812383822
-503862137 -866423104
-521419433 -183620035
-376359966 240872802
458057659 885842740
-244768191 -540767916
-734966003 -488836134
-405798472 -876024
228108579 455689839
483260454 -952706240
197444799 403147333
816717109 461801759
768831515 387445554
371340868 652361563
-105031033 428368112
164458131 840110152
260068264 974335497
157243239 -759639858
-313817739 -298299688
270258546 -762146929
496729613 150767601
501132748 63943838
-186054927 132563961
-319582829 179077951
-205400616 481609105
-556016439 891989179
752329536 -794406071
-352800178 751041809
-962338122 -474637840
121374543 -643603526
-96238971 -269050844
391806391 -953812629
848256752 -828927848
292133082 -771895576
858538088 -550916540
941002597 -739766533
881528837 -455269294
-637340933 -611961013
-867744187 -638106755
-528215698 431113213
915661096 -19355122
-897496873 -506629247
-982779952 -164819243
834668890 525950189
-348882781 272235963
-536933247 -125338290
516205358 -155784499
223532410 165646721
-456929412 464889982
-242438243 -921651817
552955181 -594650318
-622792916 167897060
-39272012 -791893258
786685561 -67757613
-514412759 19604660
-687814706 -965487731
752463138 487312780
-129382057 280815626
-101011605 -402005929
-152648325 831260320
-650736348 651471193
570452376 -344166750
180609857 118964541
-721756907 549039280
-905814417 493771718
-759736542 223650419
-836094633 964689472
-852980781 6623315
-205276564 -841211364
-950865833 -582332802
-671479468 425044053
-931671549 -635995049
-664490137 -808899001
-218184649 -50600474
608036324 -711785181
623413457 297566466
19477686 875321537
-739942939 55839599
-542952085 52299834
-526365171 169328054
-686231059 485674007
-360795172 -105991113
279124390 -74574602
-905560291 -166584580
215556726 -723038272
586452690 618766441
641784949 -24651399
35883349 -622960959
334667366 312427299
712530480 -435495626
637446014 -198717762
-147266539 849233359
-962941393 -253528309
-267637995 -994674489
941556019 -192602453
-260241392 619571317
431968488 -836990474
687301933 -856868253
-49740448 376725242
-784422812 55809971
785181431 -657589272
666085178 -510938666
-374198683 -318073383
468064863 -924961176
22605068 228924153
80412671 51897908
-778481905 699825216
-414610209 991752264
-103187047 802610142
-526483616 184595032
607204826 132118923
-566261005 372905606
33272979 396232958
248737338 -366903373
870350871 953457598
661584109 979516569
465686655 -229578347
-418368452 250272915
-178886630 -540591437
-502382766 -636971092
-315020704 -502504587
233891783 726035835
123563772 -39706038
-38857053 -550405909
-918267800 669674561
631305924 -698362430
-371111130 -698223100
800832362 -962075843
85173168 789439973
-353984873 -868784613
368727419 -274394921
88344210 143988913
-500911728 180701611
158429035 -89674307
221854672 840763841
552656474 -233865060
166523461 300065603
193886269 -836798603
827158009 -897061569
21599325 781160709
990638979 674107998
-675094191 529540985
-403666566 997290651
298847330 -43854242
513949695 986082119
951445970 346272081
959932803 -807565853
687215623 199353770
-904989482 -119839645
651828325 936276423
-287699483 -171255531
-639646379 -16268765
-93711097 -984384502
410239173 367006740
-64293056 -108481549
541370377 78582254
39362575 -48118267
-163855321 -310470685
-725189079 -456132479
229724258 705630800
-753251174 -954201701
-805208789 -819936547
80519782 791949521
-998288289 -311211392
157037885 -696737717
193526522 -774757481
-655954155 305397339
394794054 713849223
-241205734 962231288
445528994 131332088
-582931252 -22816083
473828021 392137940
-562103480 -84021540
-612455019 -272804527
896140192 -885987151
525615530 597098481
-21618511 867805139
-412448538 -332534823
514085325 228436113
732167004 -856911199
821656469 691547442
795385765 858242047
-697355413 -276138708
66940274 22940003
-301109857 -156520977
-710539403 -216490764
903867613 -861627156
-847094146 -683459028
-606510252 871567634
835713626 453540041
923615830 -959656864
-646262886 -427935133
48754658 710368682
277616980 201248161
738786702 -189319605
628609769 158797566
161016515 371222381
219610672 -323138452
851603991 -262517495
696903807 -203003992
788177071 -88311372
-350858051 -164610672
-71405764 -835794781
788348354 -558265230
-918781557 -850463896
-949204851 644624299
-203069480 57328257
87653227 247529319
762998604 -718647604
-419439799 857628874
84620956 757773020
747763305 -172023753
657038189 694900474
-100027535 15629372
882183227 756767488
-560482145 322364020
3815103 504707144
-15970258 -760545570
-744147613 -267166766
-554647272 621769132
226094149 -613001629
-208562077 -450778066
423528982 -555085123
-159504887 -967979382
178217409 261438951
-394392444 708618204
202728965 -63876589
-670208281 -672986266
-110880153 -493723809
-156763630 47763669
-515201591 218193680
-27304598 -534755914
-731901033 95562967
479566495 507830218
6689836 -790556255
231902996 300344158
-158791696 1845209
747477580 -612819958
-253481266 967869956
-315592296 -596077783
320815807 947555246
303605074 123342623
165074915 832955263
-638365445 781237899
-555438629 -978984084
-318786809 -656772323
253118928 986429560
-538878481 -614178916
-700254727 571961620
981899514 47503869
-783515716 -336388935
-949894456 -471129722
422146903 644217003
-471259939 -83562898
510692293 -412432081
276490259 105619034
-849255208 -675559735
-585141654 603707321
-875335351 -999598180
-582681141 -480901921
263341603 -279239248
-659394274 -497248199
678069115 516922894
984759882 158729679
226456484 -537734386
-764854798 -565206981
-149929182 -155850032
-974773922 -628769457
-386193855 -445616238
191409902 500591111
-197452215 -86622999
627024790 -278081551
239371386 659953501
52254328 -822303533
-978718202 -573367454
905427736 794404783
-646001298 -744187494
771122398 -165864035
-726523817 848141416
-922240321 -551210209
-531721630 802252549
-692094359 50191868
393957353 961263805
-64122124 431273915
974959040 -188226170
-719763424 320422184
30624295 -410413896
25881856 996157303
575447937 -775959337
635412197 -980937640
476513314 -431575104
-183021636 -617513145
-660903897 169246858
-199885989 -95232067
-134627618 949360098
-718261968 -898992703
-242610663 727911371
487514054 578595862
-251232059 437667268
840110845 592410059
-384461801 -451095777
970630430 -844195669
712335110 -593942456
460522614 193291923
741443597 -680949270
-297644958 66800079
-14678493 681250177
-344482417 -439373043
956265984 -40061776
104846629 -855547005
-386105488 -906482470
163036412 401908861
717846504 121233214
494205359 -429170434
-997222752 -318294591
-536807027 -9997942
-330977671 -767823603
-505462756 584208244
767970079 -621100513
-735929266 440100755
-890820055 -830512897
-809456423 531077275
-93638620 -754525173
-689590148 -685750038
-311497564 4996375
288729321 -884262569
695218551 -896781208
-49303434 -472510646
8819569 885527597
-306158719 -260412780
699154989 557571606
-468269153 -353875341
915413515 3183516
585528464 -902824700
420499683 600621930
-171430748 -922396279
-282878680 -996371157
307294065 -868329757
427006262 -511929231
165333120 208438608
-398736911 -775917953
207168498 -691066457
420626876 716075644
-354329317 -632883769
517538237 -651259736
-789882737 -800786451
851363680 -376663645
277255986 323763841
626245862 -948388096
393807967 422064356
-452166879 -745938886
-966351007 723210386
239603590 306689985
-34855000 -18596668
-220910146 143602531
-698178418 985609270
-755356257 711389878
274611562 451217209
670826203 76355835
-116369932 -162651344
720839102 -692763294
783027918 -15840558
-750825684 558128525
-603102436 -26032055
146217468 -446696688
667723444 -409524976
27394874 807981062
-506404670 365530437
362813785 -753397775
-733799857 591094807
915340280 992163246
194188234 -95738147
-37789436 -46985153
880584207 199201184
-412143203 -837360938
-444857180 -415023339
-691767112 110333849
-394515980 180954383
-636988158 402908661
548406737 -659728652
353666300 -317564511
-430164213 -467329234
-940673689 -828322990
558849566 -612964270
-385652720 -338271453
-622662684 -335836737
586009966 -273083534
95522630 -925344455
1000000000 -1000000000
146883180 -301489579
-442460398 979724324
368102643 504640612
-700767521 -902804480
185719592 -325457654
421091911 -976083553
-814844816 -374290502
119641694 154860605
147067569 -122931661
718064663 -595169783
91410519 -114075201
244533600 -652005237
-480933622 -640412369
498052691 -632652777
126214107 1026598
496350459 84060810
0 -1000000000
630808731 388461773
851372297 -502802450
407220956 -199623984
826235246 -200666813
-176298385 -123559296
928611102 456591942
-796057151 -315188310
-89648497 511490768
-389995755 955135458
687008485 -693765972
-18127053 68810742
595499130 -316166510
815954727 -606044413
-1000000000 -1000000000
-560830596 605168858
480383056 564623056
-232381837 -84541905
-10945231 -213734165
732031793 -509846960
-185947977 -669493776
780740545 636405949
778159572 915706621
640280388 -476518165
-789561937 877303615
-505735377 164892113
513220645 299848051
136509648 -607044189
-685383823 19318031
-821310026 163405484
-247464413 -798808359
-11944180 -453199561
50211076 -502265142
253223954 401947970
467216306 -459831788
270763550 18910641
109967501 227243601
160718299 662908835
524373446 927920904
-479101430 -188226775
-958300019 737882713
-1000000000 0
-707831251 27191289
-39498064 74122510
574344987 -829853052
-695821724 -656457535
560566020 -297510456
571935031 -426786162
-59879037 580347061
-446943184 652163040
-212438647 239196880
531080942 -306210352
131212755 -370452387
-455512194 -615888599
781099342 218808485
-554861403 172185384
-10004092 590199014
996021380 -582699922
7775921 25716331
-828902920 -60465782
-289791289 -820780149
-76629734 -828054605
-961110865 858548573
867370160 651416732
42221861 846666222
-568609264 195848403
952383292 -740053925
403723206 926905448
-438947553 -316789373
-573705835 -303808458
581323400 400064177
195639295 882051770
144588436 -32268161
837267737 6290801
867252024 149973865
795476901 -315292216
276166620 -674819495
797672353 740988996
415841111 -420897782
-572261897 -357290338
-503176456 860403979
432697395 981997185
906106699 978800408
601228183 -215570185
-918871441 954617955
136125830 -179700526
447450209 369281689
-609769420 -654257502
993631733 -984942757
-508179148 781081647
-677545426 -876257449
-796367510 -917046840
-238056581 99745279
-458868969 530185727
22182679 820721178
842909459 487312749
-201856871 17564855
494408546 515778271
518273540 567079150
865086131 416385315
477891278 -593954546
-675371300 260055795
899598276 -445967046
-560916850 908137610
-854334512 -329347668
995154911 -272236686
-106137616 -743061021
-461509076 -347772665
-951990399 857352875
-84081765 -427106539
-330172167 -426296377
-336740014 115887088
-810014521 946475681
608389558 -736728606
-381258028 -498367681
788958136 712561488
867732562 39529753
-36592178 -272131267
-1000000000 1000000000
28815170 -361836453
884278996 -778622574
234633270 394793649
-762035509 890015509
738905878 -607161262
605004412 46353561
-977555741 -456266428
-390132553 793779588
-709374912 -759703759
621473632 -9097403
126477486 815240459
-864541188 -888315424
374006840 63034151
285404505 -290363333
1000000000 0
-529130049 434581196
922031422 229164723
-464555837 -161666341
-255994629 -72141874
331548819 -484504644
704072447 -952797590
-234633677 -145395812
-558947707 33360368
577585360 -528107610
-785949716 973159091
-311907410 227959170
-21843110 138072769
514432478 -788057300
-524738397 431385340
20575977 -68881963
75867069 -380535540
-557258950 696390227
-212787416 395386904
-931716396 -527062699
-443524926 625133444
860019019 -280679074
377135431 -946288231
683315679 -484013541
-800227117 -456895970
247239217 652004644
-576327515 -964772442
-33244352 874876408
-682264098 -366165547
516047055 -409744453
232331047 -592830600
-232705330 -291061753
-270413121 -853965576
-563239171 -128090758
292532591 -580718149
-20258274 85167767
-492367801 173059325
322505189 488734769
-522747546 135018597
-825641737 415027900
-710065401 -66974819
-124707618 -181304705
772115360 142371714
343092525 -784018273
956638190 975296773
522667596 171160008
-378442756 984489448
-911944299 672090477
911571458 -832287492
-604125812 -667875307
239600242 666739600
636521718 -928850192
-823437776 -732375055
597257007 -130217997
-460742120 95863524
-636099159 390110948
771100298 595439104
890651616 -280918103
-732002230 -250374990
-880588551 240780326
-476878694 -437326906
862638460 -2174927
-321041598 190162581
930342522 298465054
394773696 408043651
22365301 -194449513
82548621 162973828
-613041333 -160339876
-341194298 789315720
-895293346 -894845659
-723950085 -602503368
896333145 -622571648
-996702038 -702891489
-168224668 -63365437
-508158105 305001157
-67305671 -536945771
609696092 519140894
731387913 -237265961
-809561649 62556649
-292887483 551823311
-974440014 572227287
17918883 547546294
670116506 -775476603
-287119003 -195965193
-727646418 -739190483
996530 -265008858
0 1000000000
-153957423 475016792
129681078 260802254
1000000000 1000000000
954625322 -967530751
310310927 -956914282
-686213870 960599885
302369827 278881582
333172062 -496205189
866104777 -435844602
77882678 568571542
-593844447 -309532846
-754286560 216164924
-91602044 256472574
-81422240 -130016217
-905909854 624665206
363855485 -842226147
-71457221 -68834263
366334380 -967890669
318596509 -320101845
-756738554 -656226788
735685033 -158493807
-614673547 -539858030
753640742 -866458207
-73526153 457077
-939738281 249351509
-406005169 737508802
-110333361 -871132790
849407676 511842337
-836534859 -562501488
0 0
209349813 -200496014
-311538005 448168861
206959638 -140230425
568253399 885233982
382206262 -652889060
-910911260 -837546279
-125848124 -604348504
891001451 -670906652
-549440297 872450263
256874454 -339924063
-612439530 -398380523
-912730894 676075359
571684419 564859700
-745768803 -219289749
-306325938 -366803476
-184323510 939441048
676045482 -269968148
171754423 956508216
728215424 62115714
-918998780 440997828
729891342 -344682177
-411080238 -754672822
228329645 -363975047
66048738 797932218
-872191899 -872423506
21810824 -954610864
-812564539 330404123
25580735 962015189
140655457 885376746
751341820 63853931
-69769403 806299317
-451575961 -708619212
-627996293 571525021
857915029 -980528947
-223684402 251996831
-977933154 595304956
269762390 -609695968
-981579281 -385667538
-239172187 283433004
-246443207 -243888239
343973473 -155820379
650099686 -979103894
432657083 171598991
555410050 41553436
361283567 -183915122
-487465199 -223912824
381290819 354060801
990705177 924692496
493249436 -841376812
-155225945 90175377
-661990859 45915463
983314567 -233305973
84435477 -145090195
803646195 826641811
-339853145 -586272563
300228978 593683246
-69171533 125554856
470950407 228495761
-103337382 -885830341
370186943 -598822131
352967435 -854418115
639290780 -897176222
623950468 441983922
177927103 -746138269
472043597 -74987383
810095586 -705715199
-373065107 774158207
26170176 -739857733
-359999540 245268906
-37556772 -414667452
-70707250 -941548779
-839710728 -445017402
976857522 -648324355
989335862 -834748955
-713695958 -573142410
-49743326 697768409
515657009 -772387541
-737241982 -315553178
-196737019 512899190
-136598298 394395827
-288973175 -893730844
-912544683 -396764769
-40448591 -405275183
980177968 228673050
-262479343 848897206
171285943 761560319
426013946 -330450711
-935571313 647790118
-367562732 -709848927
474896689 -70117871
-765326692 428583796
749494221 747625166
72764475 -836880436
-383977619 -128248654
579054784 -517475170
-150099486 474169488
