500 500 47
7 19
16 17
20 13
1 10
17 9
5 23
12 2
15 12
16 8
11 8
8 12
3 2
11 13
23 0
3 23
13 10
9 12
11 5
8 18
6 0
6 20
3 9
1 21
13 18
5 11
9 15
8 17
6 18
1 8
4 24
7 14
11 11
2 9
8 9
23 3
17 15
21 10
19 7
13 16
0 10
0 7
6 17
11 9
9 4
1 15
21 12
1 24
20 7
21 7
20 0
10 3
3 24
2 12
18 11
20 5
14 20
10 4
4 19
13 5
4 15
7 15
23 5
4 22
2 2
8 4
0 3
16 3
11 6
19 15
1 6
20 12
22 5
6 7
24 6
1 7
18 16
21 2
13 20
0 4
5 16
13 3
17 5
8 7
10 1
15 4
8 3
7 8
7 10
14 14
9 22
16 0
3 6
1 9
10 9
23 9
7 9
7 0
11 2
5 15
14 0
16 7
5 17
4 13
5 18
7 13
3 14
21 0
10 10
13 8
13 9
5 2
14 19
9 21
7 16
0 2
24 4
15 7
8 5
7 3
2 17
0 11
21 1
21 4
13 14
14 16
18 15
1 18
16 12
15 1
4 3
20 14
0 9
3 15
18 17
1 4
7 7
9 17
14 9
19 4
23 6
17 8
8 15
11 10
11 18
2 11
4 20
12 21
11 19
16 16
10 13
2 6
13 17
1 20
23 2
2 23
10 19
22 6
13 2
5 20
21 11
0 18
9 7
1 12
14 2
14 13
10 8
18 12
2 3
15 17
3 22
17 10
12 1
23 4
18 1
1 22
6 16
2 15
15 5
13 13
4 21
7 20
5 4
1 14
17 7
2 4
7 21
21 13
24 5
0 17
1 3
8 16
12 22
9 19
14 5
19 1
6 3
10 14
14 15
19 0
23 1
23 10
14 11
6 12
5 3
0 23
6 24
18 13
15 20
18 0
16 9
6 2
12 15
14 7
5 13
17 6
15 10
22 1
6 22
8 13
16 2
17 13
20 11
13 11
15 8
0 19
20 6
3 8
5 5
15 11
15 13
3 5
4 16
4 17
12 19
9 8
12 5
20 10
3 20
6 14
9 13
1 19
5 6
6 21
2 5
10 21
3 7
10 11
12 10
2 21
19 13
9 2
4 5
10 22
12 4
1 13
21 8
1 1
8 8
10 7
7 2
13 6
16 15
15 19
8 20
19 6
9 1
16 13
12 16
22 11
2 16
16 6
18 5
7 6
18 8
18 6
8 2
14 3
14 17
10 16
5 14
13 21
9 10
16 18
8 14
13 19
5 21
7 22
14 12
4 8
23 8
0 12
0 22
16 5
17 18
22 3
9 0
3 3
22 8
21 9
20 15
7 11
15 2
9 9
7 18
10 5
5 10
3 16
7 4
11 15
0 16
11 16
7 17
22 0
12 17
2 14
22 4
13 0
9 16
17 2
6 5
17 0
0 13
18 7
12 18
6 9
3 12
12 0
19 3
19 14
24 3
18 9
20 3
4 0
15 6
1 17
0 15
14 4
12 12
3 4
6 10
4 11
22 12
17 4
17 12
11 1
11 14
19 9
12 11
11 17
4 10
12 6
18 14
14 6
22 9
6 6
22 10
11 4
13 12
9 6
4 9
2 13
18 10
9 3
12 20
15 15
8 23
3 19
8 10
7 12
0 21
2 22
16 14
11 0
3 18
19 5
10 18
0 1
6 11
6 13
6 15
2 7
16 11
10 17
19 11
18 3
19 16
7 1
22 2
0 20
9 23
1 23
20 8
4 7
13 15
6 1
11 12
2 19
9 20
13 7
8 22
9 14
8 1
15 18
4 14
15 16
6 19
4 4
12 8
5 0
17 3
5 8
1 16
7 23
4 1
5 1
11 20
9 11
4 2
4 23
2 18
17 14
23 7
3 11
0 5
19 10
4 12
3 21
21 6
19 12
3 0
20 2
0 8
17 1
3 13
5 12
6 8
14 1
15 0
16 4
0 14
10 6
17 16
8 21
5 9
9 5
8 11
8 19
11 22
13 1
17 17
11 3
21 5
19 2
7 5
18 2
1 5
2 10
10 0
2 1
24 2
5 24
3 1
16 19
12 7
0 24
22 7
13 4
12 13
9 18
16 10
3 17
15 9
2 8
3 10
2 20
4 6
20 1
15 14
12 3
6 23
20 9
14 10
24 1
0 6
10 15
11 21
1 11
14 18
2 0
4 18
15 3
5 19
2 24
12 9
21 3
5 7
10 20
1 2
24 0
18 4
0 28
24 14
14 26
2 25
22 27
28 3
29 30
29 0
8 28
22 17
18 24
31 22
25 22
30 11
23 23
21 19
30 26
27 11
15 26
19 22
21 18
27 3
23 22
27 10
3 25
29 22
18 30
10 24
18 22
28 8
24 9
12 27
25 29
8 27
24 7
28 25
22 25
28 10
26 22
19 23
14 23
21 24
29 16
5 27
6 27
17 20
20 31
26 3
20 28
20 26
25 4
24 11
25 25
23 21
29 18
25 10
24 29
20 16
26 12
28 23
22 26
20 19
22 18
5 29
31 3
21 28
19 30
16 30
31 23
13 31
29 26
4 31
27 7
17 19
27 20
15 31
23 31
28 28
29 29
19 25
25 2
28 21
25 23
30 16
24 24
30 14
26 1
26 18
25 28
24 20
9 27
23 13
24 30
30 25
12 29
29 6
21 14
8 24
3 27
13 24
28 13
27 14
5 30
26 15
17 22
16 22
20 23
25 5
20 25
30 7
31 18
15 28
18 20
4 30
8 29
27 13
6 30
25 15
19 31
30 30
27 5
31 29
27 0
24 18
8 26
1 26
11 29
23 19
24 13
9 30
30 5
30 31
25 11
23 27
3 30
24 16
13 27
27 18
19 17
30 6
31 14
19 20
30 17
10 30
30 24
30 3
31 12
30 23
14 30
30 29
11 27
19 28
20 22
10 23
13 25
28 18
9 31
26 29
22 16
2 29
9 29
24 17
26 14
28 17
29 20
31 16
6 26
31 17
17 24
15 29
15 30
31 5
10 27
11 24
23 26
24 19
24 23
30 21
16 23
21 20
29 10
30 28
27 17
30 10
27 27
2 30
24 28
25 1
31 4
31 27
25 24
9 24
27 30
10 26
28 2
21 23
28 30
4 25
25 7
31 19
25 13
19 29
2 28
0 31
25 9
28 31
30 27
25 17
28 6
19 24
23 14
28 9
26 4
26 19
7 27
17 29
11 28
25 3
18 26
29 19
18 25
10 29
30 8
24 12
25 31
30 22
21 29
8 31
24 26
16 27
29 25
29 9
27 2
20 27
13 23
22 15
26 28
31 8
7 25
18 29
14 31
10 28
25 0
29 17
0 25
30 12
14 22
23 15
21 17
26 5
17 23
10 31
28 0
31 24
1 28
19 19
29 4
6 29
20 29
25 6
25 19
4 26
9 25
19 27
0 30
12 23
23 16
8 25
16 29
2 31
26 8
21 22
18 27
21 21
14 28
7 24
16 26
26 13
29 21
26 16
21 31
29 1
3 26
31 31
18 19
28 19
29 31
29 3
28 1
14 24
22 31
22 22
19 21
27 12
27 29
3 28
19 26
26 7
31 1
23 29
31 10
28 14
20 30
15 22
25 21
23 17
22 24
3 31
0 26
28 29
13 30
26 6
21 25
16 25
16 21
15 25
15 24
24 15
29 15
9 26
25 12
26 26
28 7
27 8
17 31
23 11
11 31
29 14
30 13
29 24
31 9
26 11
24 8
12 26
7 26
17 21
27 9
22 13
1 29
28 15
4 27
3 29
31 13
27 28
10 25
5 31
14 21
25 14
25 18
18 31
27 19
24 31
22 29
12 30
29 23
22 20
23 20
29 28
14 25
28 11
7 29
19 18
22 23
8 30
31 15
27 24
30 1
14 29
12 28
6 25
25 27
28 26
27 23
13 22
27 26
29 5
23 30
31 20
1 30
24 21
28 24
20 18
25 20
21 15
5 28
26 9
21 27
26 24
20 17
24 10
7 30
22 30
30 20
0 0
30 0
21 16
28 16
23 12
16 20
18 18
27 6
1 25
12 31
18 28
30 15
23 28
21 26
27 16
17 26
4 29
26 25
0 29
23 18
31 7
16 31
26 17
7 31
15 21
18 21
20 21
5 26
13 26
31 25
11 25
22 28
11 26
26 23
26 20
24 25
23 25
31 6
29 2
11 30
20 20
31 21
24 27
28 22
4 28
12 24
27 15
7 28
27 31
22 19
14 27
30 9
26 30
16 28
24 22
30 19
6 28
26 2
17 30
27 21
13 28
29 27
20 24
25 16
29 11
2 26
17 27
11 23
0 27
31 26
1 27
22 14
18 23
31 11
29 7
1 31
29 12
15 27
27 25
26 10
28 20
31 30
6 31
16 24
17 28
28 4
28 5
27 4
29 13
15 23
28 27
13 29
25 26
27 1
30 18
26 0
12 25
25 30
9 28
30 4
30 2
21 30
31 0
31 2
31 28
26 27
25 8
