5 500 82
5 17
6 17
7 17
8 17
18 17
7 21
8 7
22 8
20 16
19 9
18 20
0 11
10 20
16 4
15 9
11 2
15 20
1 13
20 15
14 16
0 7
21 6
14 12
11 0
16 12
13 11
5 14
17 17
19 21
19 6
22 20
16 1
11 13
7 4
21 8
1 20
14 7
4 20
8 10
16 14
10 7
7 6
21 3
0 14
19 19
1 9
8 1
19 5
6 18
15 16
8 2
11 7
16 8
0 1
15 8
0 13
15 10
22 9
15 13
11 16
12 20
14 2
17 16
6 5
8 21
3 10
10 3
0 18
16 0
9 22
2 8
1 18
21 18
2 11
1 5
10 16
22 15
20 2
5 11
18 0
12 12
9 11
20 4
1 2
4 22
1 22
14 22
2 14
5 7
12 17
13 19
10 2
15 18
18 16
3 11
17 15
9 7
3 0
18 11
0 16
13 14
20 19
13 4
14 3
9 0
18 6
16 5
12 11
5 6
0 22
12 13
6 8
17 18
12 21
20 1
5 20
16 22
8 22
22 22
17 2
7 9
9 10
17 1
8 5
5 18
13 21
1 0
4 16
11 3
8 8
15 21
13 9
16 16
8 16
3 8
2 17
10 13
1 7
16 13
7 1
15 17
14 13
21 20
4 5
17 0
19 8
2 19
0 6
15 2
20 0
0 15
3 19
16 7
20 14
18 9
19 1
17 14
2 13
12 3
11 14
2 0
10 17
15 15
17 10
19 3
8 18
5 12
19 12
0 17
17 21
17 6
2 20
6 2
8 15
11 9
22 3
18 10
21 21
21 11
3 21
22 18
19 14
4 10
7 8
17 8
15 22
12 6
9 19
6 11
11 20
7 11
7 16
20 6
11 8
3 9
19 22
20 5
14 8
8 19
17 3
8 9
10 15
13 20
14 5
3 20
7 12
2 16
22 5
11 21
18 22
3 5
1 11
15 6
20 20
18 4
14 18
13 15
21 14
16 10
17 4
22 10
11 15
15 1
21 17
10 19
16 17
16 18
18 14
12 8
1 15
9 9
9 3
15 11
16 6
10 18
14 14
11 17
13 2
2 4
11 5
4 21
9 4
12 14
3 15
5 15
1 10
18 5
14 17
6 3
6 0
8 12
10 21
11 22
10 11
17 9
14 15
19 10
5 21
19 17
19 4
20 22
13 0
22 0
17 13
5 5
22 21
12 5
3 13
21 1
5 19
12 0
4 6
16 19
15 12
7 15
1 17
6 19
19 0
9 17
5 13
12 22
5 2
4 13
20 17
6 1
8 11
8 0
12 16
14 1
13 17
4 17
15 19
5 4
18 15
6 21
17 19
22 2
18 21
2 18
11 11
7 5
0 12
9 6
16 11
19 7
0 2
2 22
6 7
6 14
7 22
21 15
5 16
21 10
4 8
4 2
9 12
22 13
9 2
22 17
4 3
8 4
9 18
11 1
6 4
13 16
10 8
8 13
9 5
13 22
19 16
16 15
4 12
13 5
18 1
12 4
4 1
17 11
6 12
0 3
10 6
10 0
1 12
18 8
13 7
10 22
13 8
0 4
4 7
9 14
17 22
0 5
18 12
2 21
0 8
20 10
5 9
21 5
17 20
2 15
20 9
20 12
6 6
3 4
3 16
10 1
4 19
16 20
3 18
4 14
22 19
3 22
19 13
14 20
15 0
11 18
4 15
2 5
5 8
8 6
13 18
21 7
19 20
0 10
5 22
11 19
12 2
5 0
15 14
10 12
7 13
12 9
15 7
21 12
13 6
20 18
15 5
0 20
17 5
19 15
7 0
13 10
7 18
9 21
18 13
10 14
2 2
12 19
16 21
3 6
6 15
2 3
21 13
21 2
7 14
20 13
8 20
1 21
11 4
21 16
13 3
0 0
3 14
1 19
11 6
6 13
22 4
19 11
16 9
1 6
14 4
14 19
22 16
16 3
12 7
20 11
2 7
20 21
19 18
3 17
9 8
9 13
12 1
21 22
12 10
10 4
4 11
1 16
19 2
15 4
1 3
6 22
18 7
3 12
2 9
21 19
14 21
22 1
0 19
20 8
7 20
7 3
22 7
20 3
1 1
3 2
4 9
1 4
13 1
12 15
21 4
9 15
7 19
20 7
17 12
3 7
13 12
22 6
18 19
1 14
6 20
14 11
11 10
15 3
22 12
9 1
16 2
3 3
10 9
6 9
12 18
14 0
9 20
5 10
17 7
18 18
2 6
2 12
4 18
4 4
22 14
11 12
10 5
2 10
18 2
14 9
