100
58028 -39830
136345 -214254
851610 672534
-857896 -325056
-825703 296635
-959555 -263352
665614 914741
556664 -719236
740416 740566
957677 -52571
598677 602182
-76834 41189
561410 358064
-763398 441589
280130 164301
-713229 74988
889763 517573
43931 -788138
-170490 -52586
-470770 -627252
548816 474168
-87494 -566802
137123 -729503
-962412 -351572
235549 -700583
224467 -555258
234145 -226848
887921 805603
363947 -99898
-280823 226403
-125740 805103
395576 -801395
-879522 940055
333833 306574
341577 -658104
-579141 -283535
-742090 501710
-369002 215935
-272415 -349760
140650 -923132
-122600 268833
977192 918330
-795865 305874
-582153 270403
-677309 991047
306510 163962
-493303 -171077
-67169 -50392
-511039 247301
-681990 -323833
-779200 349808
312954 -365454
-723572 557041
-606747 899569
-262384 325352
642356 -972851
-805754 245972
676267 347622
-807760 944327
953358 756782
-62487 19478
953962 -888546
209963 -97479
478860 -960016
-921607 -116380
-434259 959614
-759553 -280950
-407587 -37997
-762492 377632
-363891 761348
-171288 836884
-871677 -566259
385256 130632
133458 730594
-469102 18167
46731 833858
-812077 842730
152152 -833738
859011 -444438
-362719 -981283
335121 685063
-736345 294639
432977 683151
-421058 -470421
-633535 -204180
173290 105892
-959776 -670045
658253 -260218
-990607 -707051
355938 139493
-459863 407791
470719 -422918
924810 -133229
-502382 512554
152574 -207625
184350 792480
144761 278130
-553737 783510
905927 360417
-105548 -101403
