1000
693198 957582
399273 -767544
-404993 534392
627962 -176175
-206810 351182
762603 -500295
162807 -373423
763867 931267
385375 177195
450835 319634
2874 66652
912598 -538831
288270 -210084
-152099 237895
213059 -50052
-961605 -59524
-396715 432471
320644 -423889
-419715 -232903
236309 498677
-142270 757300
-728991 -794227
-403301 -815211
140186 -291748
182011 103881
148909 -932735
306695 938360
304500 -357861
-136969 -557375
793497 -717409
-264711 -805437
-128074 968527
784248 -479201
612751 74286
408094 -103946
-799502 -800817
839379 -295218
428804 -61291
998144 682659
-701037 809703
736643 -924865
-674941 16859
231396 -666230
-752305 558453
696398 730256
615001 -177022
138457 -719992
-185450 -933541
-861635 965592
395171 -253251
-92711 -159661
444436 -898801
733154 -268844
951482 -966737
711992 -538412
-976567 530168
-279882 888672
460310 500336
-656664 -321040
42307 -20682
-891300 -321878
-599917 -640939
-962949 -657950
587752 -72890
-552050 749539
-309142 888664
856580 216779
409146 193579
-936308 567641
-670538 277
243236 -899238
154717 398511
-524108 985239
868848 -465355
228208 358487
71506 728952
180085 502026
460572 929414
-375970 108734
-203379 -575124
-580218 -555014
-627531 -562403
889170 139403
479434 -95579
-18862 940910
-545069 361395
-491173 -829371
-883916 -887138
-130972 -24105
-376268 762406
393000 953248
-244327 235594
-640712 85241
-950632 709612
-865471 488004
359091 -42592
-92402 354468
73400 214363
793746 429715
981124 -60795
-566109 -87766
326455 813244
-473237 -725498
-958689 -541459
517098 763567
-359822 809257
-232900 291860
176899 -350488
662471 39656
258247 -999890
745694 -376140
-452793 -148906
596453 771074
-628645 360065
906012 -87535
375286 -32965
-568888 577834
895168 -541013
462040 760991
-492003 -372474
-573280 915333
36634 -56285
-948664 423488
-584967 -692543
-150438 461213
-251492 292820
-72641 -570142
-444618 -627000
173833 615524
728100 494495
-764884 349998
34991 -446088
-735805 -650104
434042 409265
-207703 -73491
131097 681235
-633358 -590177
-710240 -670008
-23668 -750278
-288615 444486
881287 -939081
530995 494325
497664 -814766
807846 -565002
-833118 498846
104633 463717
169215 -908751
924306 -581592
-415574 -426041
-518234 354831
-799367 -873896
-967134 111548
859477 -981516
340134 666451
570659 969102
-436413 407306
173084 -636656
-872061 25017
-28527 161155
955430 575439
753405 213224
-323530 -563096
923573 -89458
-536493 758135
899065 -15242
883179 431444
598765 -27462
261179 417415
748969 -3496
-413828 689480
698269 -611229
236031 547000
-973521 948956
-305377 725008
-703652 561204
964101 970508
-43044 507478
-4994 -991902
279233 -460920
-262665 -178831
-726138 -143360
644605 -404183
-620219 -197555
22868 -758632
-551265 961841
-804267 -187577
724771 138677
946277 -312635
922102 578100
813519 -177070
548443 -281296
-333560 -200823
-837761 -396203
-185335 550788
-535428 852843
-734966 -349233
-893122 906170
451515 -972097
-977140 67171
541508 -390699
-706041 766117
-840920 -498642
-820754 355128
344398 621213
-509156 -135510
-158732 504607
114988 659578
721490 -241762
454416 -806858
-459223 -487606
-736976 184137
-889227 -46831
-396667 -23912
-475646 -82765
-87514 49421
366870 -115771
391564 705653
-432835 -132927
-239975 654113
-637617 18913
577446 -827208
-886279 320377
394308 -586718
557741 694932
555165 363025
-481038 -643185
-252206 -860251
175464 -980620
-454234 784501
-258128 -733010
-605803 558734
-80082 850743
-910756 430679
599952 -18142
-846053 -60792
37904 765816
-386242 -22960
155346 -170679
919298 -651698
291431 -49207
-929260 567648
-139002 113109
20263 -680194
72596 -712277
363092 299218
-444683 78690
-742221 -348484
-214472 -705906
913242 -680188
-625654 -741118
808375 158105
87856 -815439
-85972 821499
764480 -834020
-82586 601117
448661 754657
-201770 -813039
808496 -147197
380360 -53346
399559 160655
-344412 432811
513898 -945850
272408 463124
-519852 534272
-678851 -980463
593141 -383289
918765 -534165
-83516 7081
182234 907872
715831 115873
-85348 -805019
904177 243637
151761 726434
641904 -684665
818096 985306
631415 -829960
-681100 -811042
258080 267501
-202952 899022
-874546 873914
-151745 -105042
-482516 455720
698459 484810
-933376 -385890
918397 -760404
-289103 -112043
-286426 -216275
-967336 63937
-629452 691096
-197301 72790
859001 360846
-800726 218629
891028 -803000
739368 -815904
-91471 -888044
-346452 -826897
-534407 -525547
229206 679404
-933836 44976
-968781 26380
-142216 299956
-863822 89427
-496005 -935055
-557579 160564
-493504 542525
-737831 -247378
-975923 -17730
-768980 963721
237239 -510587
948951 -251185
981136 -908661
-181708 -379726
-674018 663413
277811 614409
-19169 280336
979265 -263630
-869363 -374353
566821 604033
-423074 -859074
-517054 367453
325307 -238370
-507763 268147
332018 854175
34850 708264
-151631 -4420
109625 -144139
-425768 645489
413467 476785
-170100 -105511
-278747 938242
657687 -273514
850350 -204754
-907965 477698
-534642 -101631
-302805 874991
630300 -485418
971426 -236309
938379 394597
810304 794544
-406754 -757826
984469 -516800
-501048 -543370
-788140 -20761
902333 783447
-533055 -283624
379847 -229352
-883262 833867
461747 -772316
763837 262535
-455004 -734311
-241716 -251343
-251240 -351045
497913 360537
-524279 591427
-656217 8094
-101215 -407382
-390927 772323
678756 -296101
-524410 477113
5005 110972
885591 -596874
268281 97285
734969 39519
880842 -302278
501867 -950749
399465 -702275
936367 -736237
989249 416153
-96154 418463
-858229 223772
-414281 344116
-695222 -104767
-164840 392467
-737363 -243178
208507 -799891
-234212 920946
791175 -855099
936025 -961391
94016 959587
-450230 -702977
184727 -482479
793926 -568846
-186351 160086
104405 951942
-456573 -453860
-88907 940587
-196392 -948994
-503062 776487
11960 417536
-379099 -444328
-253763 790129
50177 -946943
501528 251555
-332835 -340767
848733 934677
725025 -662772
-902598 803372
-492601 -339981
-107528 778867
-790698 25134
-302892 21487
480528 -226172
361335 60416
245049 889840
421376 786126
-590061 354533
-316450 278342
352789 96969
758865 -454511
87601 -703396
-434474 712991
-939516 270399
420993 -400579
-984229 -79354
-254474 -950935
61313 116381
844638 -277535
-820971 5645
-187933 -692676
-951363 -148794
-314624 812751
244742 -982973
-441739 938164
-580406 382098
-768542 -801123
154540 -420318
390853 78389
344217 448621
898149 -222090
-994593 -545730
294684 -90076
201054 944602
177744 668012
925974 829993
-966250 334870
393278 -118470
627723 370492
19844 297488
-331920 -941787
582036 839477
-805471 85158
-115730 982729
40139 -233622
388225 613702
-818188 -77779
-544379 654020
-179213 78479
246870 774929
774321 760610
237931 -343246
-733017 -190968
961602 89540
743964 243665
5668 -241117
845111 84503
83005 -758107
847028 361701
660168 -425633
937009 -914028
839980 -767752
-927917 -787094
-650378 -366882
-221556 -506820
904714 125819
-399807 813116
-678993 160475
773008 196142
-107011 -523806
816160 162036
-679467 -708194
322532 -328587
-119275 251337
-846992 -277226
393240 822398
-505092 757381
-920752 -131494
-880085 35457
-877816 -50451
815874 -631192
480101 -130283
796529 -624812
345467 430737
58118 46248
-390971 -358725
996374 -993800
-275459 194874
-58491 298449
-243340 -989619
959495 940880
-650605 328031
-343877 -413580
361003 -599182
-873557 851821
214772 -381359
-44492 -193383
-431873 266409
-523067 781706
29257 -134593
-263980 856855
-86755 184428
-324894 -136236
941424 185827
-733062 -290829
-806349 314335
-313062 304911
182320 643807
318649 -194286
-205308 -924853
999006 969706
-296056 -103513
443138 875692
275452 344384
626474 -466487
952891 128382
779988 914297
529468 -772978
396811 -455419
-328853 -835848
-704563 530885
-874700 -956613
-516088 -725436
-135243 -478626
44227 742557
546515 -641100
917913 -133248
-765307 -349618
-785944 167071
179655 873358
491131 881987
696682 -894961
872085 192690
967295 784003
-200217 562214
-239159 -576837
-704317 530333
370177 -621790
313819 797924
724513 -982134
-805441 -819494
-4222 238644
162425 -234948
-516778 -806831
-661874 970310
719548 793566
-882904 -457652
-58547 -53407
-768280 -40277
-85677 17009
960366 934954
-152397 -800038
714636 -920682
-765317 -32370
-457374 -83276
-192233 -529369
-200196 -882233
343069 -752256
-310409 713896
427855 -200486
278661 -237034
-201498 -956043
-136286 -250326
229332 323512
-859885 250998
645183 828394
307136 343891
453012 -351689
74087 -367418
-778997 667007
-189747 551955
-189071 -437568
-357770 428176
-940086 123407
474840 -200500
-780382 61959
212889 -829496
406751 331655
269858 -940718
918716 778975
-793358 364545
734725 783030
-941607 -997585
70074 874859
-191331 917046
48603 592997
-269636 984594
-618781 -289390
-961746 697062
36533 541696
685933 441379
-253400 267115
-554172 -385110
-838900 74800
-829340 -450727
-557108 -982617
-799927 -950100
-469802 -711363
-867672 27750
-868761 -554584
712938 -260855
-675687 -889761
119616 822804
547259 770302
-86976 794958
-693194 -335469
-600718 426174
-133837 -145921
56706 -396480
-300962 -859147
563311 -156121
502381 -223186
854841 -679141
-942082 -299428
791786 -808718
-214686 742597
757140 335487
381880 -614478
975142 836597
518906 159622
-270747 -87998
2352 284992
-247053 -491836
-270012 102406
-478074 -736135
-7836 -598878
363787 28340
-445195 -804970
48995 704091
-765187 -208735
-680238 -533740
-906367 171127
941900 494009
-992278 218251
-642760 158283
226009 -659725
-837225 373033
764190 954043
439564 217460
933215 -343095
15499 605745
-399058 673104
99248 -169254
862056 -168597
41757 873656
-465466 444693
755192 -934183
-255995 -147917
-997233 -812169
-504519 957535
-363390 150684
717941 287646
-82788 -270911
-110626 335730
-327645 143944
761753 549715
890479 800609
984227 -191205
-246348 791093
932730 -869806
584115 371263
351682 -537756
-510111 77979
-566988 546418
-667830 493504
845928 443185
-411715 -34000
-93608 -611867
-11862 -588775
556693 71177
688850 -124175
-721792 950418
-145999 -398217
686089 -842025
636435 454083
-795127 951287
-687163 564531
-391466 -505799
-849248 -926862
-150483 -185973
-784717 755897
136691 -135818
-506776 -431700
193134 871025
-764896 544879
952207 222248
865542 -994645
-216230 863429
-515534 347978
-499091 -550965
-32996 -950483
-919997 -985061
279698 855222
-183211 386617
-245017 410612
619094 192398
418390 74713
909097 -88638
-295969 200656
795489 308458
540281 -253753
-284990 336769
243610 -86025
-422731 -829829
749193 -533548
-775095 -837220
-575036 -355821
-633851 222930
-193767 -264583
490801 452781
54052 356424
-24428 -710553
-998908 -663840
-149005 -871101
-872864 -471216
-583400 -303130
865207 -823464
-569107 204729
717061 429073
606148 -685485
-681636 -315571
211696 454827
-768625 326934
456104 709305
275211 109456
624242 -948476
-41015 -885333
830138 -839842
-901280 34507
-414091 510552
430427 -935439
-163594 -86420
-654020 649967
-785531 337512
635046 92081
-53501 177888
764964 793363
466908 150414
-180363 -156172
-252810 406220
31509 -285425
778520 946261
474889 744998
-989692 -686623
388628 368559
839429 -931844
421231 770813
-645909 690087
-32746 20485
-719305 -744566
-281848 243226
874656 -521219
847026 262026
-434199 387803
-320585 -787443
200696 -45894
926828 171450
-704331 -492635
-486051 -597889
747507 275998
-15994 521829
798327 -281617
-628881 418114
65577 175015
-347314 619551
-366773 -591764
-106045 593152
-133650 -467065
-285146 -403337
830353 956785
463818 -907953
455421 -620408
-420043 41984
155679 -247843
558709 -515692
591539 369413
-310784 338775
542092 927916
472119 757596
-716924 995321
732281 -274061
-117159 -909511
-26960 -349260
-103060 -5947
135947 -655532
242618 -829810
-3417 -94339
733967 865751
255752 526673
-196964 -376888
-166429 777631
622042 394862
-303460 -73104
-576996 -470642
-881207 151327
752448 -610111
837506 482797
-759706 874277
-330902 318832
-649177 450314
-768151 -670950
800138 496785
-886220 -5063
961413 -825196
-807055 -226932
727330 459224
133267 156681
-264000 -387097
-315162 977943
515069 148322
-370712 890324
314933 119800
34885 129587
-29851 -897637
802730 -791796
109539 229152
654095 463597
451473 -511826
-922869 928385
546568 482810
-566162 -523871
806706 289130
-914133 -320335
-333706 455289
-800490 169448
-48608 513648
640414 -496960
-403491 865010
-698063 986450
-339318 -670861
628126 26041
-719169 727341
-545173 -304448
-862266 -514617
411738 462459
-209356 955476
-378180 7722
437576 -214963
-327894 -215958
455870 589370
630766 412440
-564577 -362022
948076 949616
-675211 783562
-418188 402171
-640329 -118248
-308834 -585315
-39662 330228
44586 508119
707596 208427
779296 -8544
-559694 -763864
246068 569814
-776958 -16596
-81854 708614
-355188 -730302
-366856 930613
-34615 -17377
459984 -855267
-861604 -439647
758742 805567
469958 -331814
-646922 940593
878744 -111558
12852 -265743
579895 -605393
-65551 70057
-848833 -419374
658055 -391516
581280 182397
30217 843853
-980630 610890
-727225 448208
424301 118599
181981 845012
400404 -15056
-277969 748058
259036 668339
-130151 -572233
-172212 542798
-169748 -975653
-935875 -354196
-877983 -540762
699020 13954
391364 474038
-539073 -804604
-763694 30076
-918562 877246
-40370 -542604
176199 354587
796316 186027
840958 -979869
-267347 -48134
862098 417860
91804 -912030
148442 759439
-642649 40397
-768225 -938665
-511138 -551072
-751367 907781
-553317 164901
79869 -785007
736901 -424782
590333 -86387
-935273 -958091
397429 -176584
-906396 -20863
996500 -512535
568581 177543
-537133 506819
-19559 -528226
488537 241279
679991 279532
-542183 897507
-732042 556902
862572 697072
341825 -18940
752964 -629220
-535130 992079
-742549 -741231
-299192 -56873
-494487 -863784
-854460 888126
289248 930284
-497463 439102
-99349 -299857
-423270 -491121
842799 -469274
-99379 -745355
760109 51854
-911948 -716302
71845 -366396
-94336 253695
-347618 455415
-399486 -951444
-466304 -139575
-600852 304542
-14514 706876
-309569 -49137
-338651 938848
-867556 -468616
-972264 -972977
823724 -32277
-172297 -487658
354394 647806
-94999 -534350
-598635 -378602
859369 582811
-754621 430608
-37033 116353
-816503 410213
-541345 -162538
371138 -989378
53062 -977285
100356 22673
664852 -833381
-878417 -897827
810061 931468
302748 718392
282103 -695878
-939570 -998672
820555 883759
-944024 -443225
-629021 -628122
792226 383327
-746488 -782144
-203845 -470582
520440 950628
126148 279213
461285 41590
-614221 -203984
-175710 549350
-3000 -718022
-512644 935111
996284 722633
342533 235592
767957 -914169
-213890 402027
850096 826980
-496634 49390
-684162 -291391
574074 -759392
946471 510142
-875901 770442
-799950 -799452
-364062 518311
52138 -965872
408859 934545
911531 230393
-764308 105127
-287210 -407967
-467313 859002
615200 -468069
-672809 656666
754074 970661
547769 567146
768035 38213
938772 -867822
147146 -54960
-82969 -123291
-29721 -594317
791429 -152634
